#1,312,256
#1,53,256
#1,28,256
#1,28,256
#1,28,256
1,89.8,256,223.042
#2,34,256
#2,32,256
#2,31,256
#2,31,256
#2,30,256
2,31.6,256,2.71293
#3,47,256
#3,45,256
#3,37,256
#3,35,256
#3,35,256
3,39.8,256,10.3073
#4,64,256
#4,48,256
#4,46,256
#4,47,256
#4,46,256
4,50.2,256,13.8795
#5,52,256
#5,52,256
#5,47,256
#5,46,256
#5,60,256
5,51.4,256,9.92774
#6,60,256
#6,57,256
#6,50,256
#6,52,256
#6,51,256
6,54,256,7.69415
#7,69,256
#7,66,256
#7,61,256
#7,55,256
#7,57,256
7,61.6,256,10.5527
#8,67,256
#8,70,256
#8,69,256
#8,69,256
#8,68,256
8,68.6,256,2.03961
#9,77,256
#9,76,256
#9,74,256
#9,74,256
#9,74,256
9,75,256,2.52982
#10,82,256
#10,81,256
#10,80,256
#10,80,256
#10,81,256
10,80.8,256,1.49666
#11,87,256
#11,87,256
#11,84,256
#11,82,256
#11,84,256
11,84.8,256,3.87814
#12,145,256
#12,102,256
#12,86,256
#12,83,256
#12,84,256
12,100,256,47.0744
#13,143,640
#13,109,640
#13,94,640
#13,104,640
#13,86,640
13,107.2,640,39.1796
#14,107,640
#14,102,640
#14,98,640
#14,95,640
#14,90,640
14,98.4,640,11.6344
#15,102,640
#15,120,640
#15,104,640
#15,99,640
#15,104,640
15,105.8,640,14.6642
#16,110,640
#16,111,640
#16,108,640
#16,108,640
#16,104,640
16,108.2,640,4.8
#17,119,640
#17,126,640
#17,114,640
#17,115,640
#17,109,640
17,116.6,640,11.3561
#18,122,640
#18,123,640
#18,119,640
#18,110,640
#18,111,640
18,117,640,10.9545
#19,152,640
#19,136,640
#19,135,640
#19,114,640
#19,114,640
19,130.2,640,29.0765
#20,149,640
#20,146,640
#20,134,640
#20,120,640
#20,138,640
20,137.4,640,20.4587
#21,180,640
#21,150,640
#21,141,640
#21,131,640
#21,133,640
21,147,640,35.6202
#22,155,640
#22,154,640
#22,144,640
#22,131,640
#22,135,640
22,143.8,640,19.4072
#23,145,640
#23,159,640
#23,153,640
#23,157,640
#23,143,640
23,151.4,640,12.7499
#24,151,640
#24,151,640
#24,149,640
#24,148,640
#24,150,640
24,149.8,640,2.33238
#25,163,640
#25,155,640
#25,153,640
#25,149,640
#25,156,640
25,155.2,640,9.15642
#26,167,640
#26,162,640
#26,158,640
#26,161,640
#26,160,640
26,161.6,640,6.01332
#27,187,640
#27,179,640
#27,167,640
#27,166,640
#27,167,640
27,173.2,640,16.8
#28,197,640
#28,190,640
#28,179,640
#28,163,640
#28,159,640
28,177.6,640,29.5459
#29,222,640
#29,217,640
#29,196,640
#29,184,640
#29,183,640
29,200.4,640,32.6582
#30,221,640
#30,213,640
#30,196,640
#30,200,640
#30,187,640
30,203.4,640,24.285
#31,187,640
#31,180,640
#31,183,640
#31,187,640
#31,183,640
31,184,640,5.36656
#32,188,640
#32,183,640
#32,191,640
#32,185,640
#32,184,640
32,186.2,640,5.8515
#33,281,640
#33,277,640
#33,249,640
#33,187,640
#33,195,640
33,237.8,640,79.7035
#34,284,640
#34,261,640
#34,237,640
#34,192,640
#34,192,640
34,233.2,640,73.5543
#35,270,640
#35,253,640
#35,231,640
#35,226,640
#35,210,640
35,238,640,42.1995
#36,215,640
#36,205,640
#36,206,640
#36,203,640
#36,206,640
36,207,640,8.29458
#37,241,1536
#37,195,1536
#37,198,1536
#37,187,1536
#37,198,1536
37,203.8,1536,38.061
#38,224,1536
#38,210,1536
#38,202,1536
#38,208,1536
#38,204,1536
38,209.6,1536,15.4713
#39,214,1536
#39,201,1536
#39,210,1536
#39,208,1536
#39,196,1536
39,205.8,1536,12.9244
#40,211,1536
#40,215,1536
#40,201,1536
#40,199,1536
#40,201,1536
40,205.4,1536,12.7499
#42,240,1536
#42,241,1536
#42,230,1536
#42,231,1536
#42,220,1536
42,232.4,1536,15.3154
#44,269,1536
#44,241,1536
#44,252,1536
#44,240,1536
#44,241,1536
44,248.6,1536,22.2207
#46,255,1536
#46,255,1536
#46,268,1536
#46,249,1536
#46,235,1536
46,252.4,1536,21.3766
#48,265,1536
#48,262,1536
#48,281,1536
#48,263,1536
#48,256,1536
48,265.4,1536,16.7141
#50,312,1536
#50,296,1536
#50,287,1536
#50,269,1536
#50,272,1536
50,287.2,1536,31.6834
#52,290,1536
#52,285,1536
#52,279,1536
#52,277,1536
#52,265,1536
52,279.2,1536,16.895
#54,316,1536
#54,291,1536
#54,295,1536
#54,303,1536
#54,287,1536
54,298.4,1536,20.5368
#56,321,1536
#56,298,1536
#56,274,1536
#56,284,1536
#56,288,1536
56,293,1536,31.95
#58,351,1536
#58,324,1536
#58,309,1536
#58,309,1536
#58,309,1536
58,320.4,1536,32.7316
#60,345,1536
#60,323,1536
#60,322,1536
#60,312,1536
#60,304,1536
60,321.2,1536,27.5797
#63,390,1536
#63,375,1536
#63,350,1536
#63,330,1536
#63,311,1536
63,351.2,1536,57.5416
#66,420,1536
#66,403,1536
#66,387,1536
#66,433,1536
#66,398,1536
66,408.2,1536,32.6778
#69,503,1536
#69,411,1536
#69,368,1536
#69,363,1536
#69,350,1536
69,399,1536,111.778
#72,411,1536
#72,415,1536
#72,411,1536
#72,375,1536
#72,383,1536
72,399,1536,33.1783
#75,439,1536
#75,437,1536
#75,397,1536
#75,375,1536
#75,382,1536
75,406,1536,54.1701
#78,620,1536
#78,634,1536
#78,526,1536
#78,482,1536
#78,426,1536
78,537.6,1536,159.407
#81,545,1536
#81,513,1536
#81,422,1536
#81,421,1536
#81,405,1536
81,461.2,1536,113.196
#85,489,1536
#85,491,1536
#85,451,1536
#85,424,1536
#85,432,1536
85,457.4,1536,56.0657
#89,415,2560
#89,437,2560
#89,423,2560
#89,429,2560
#89,432,2560
89,427.2,2560,15.2
#93,547,2560
#93,558,2560
#93,534,2560
#93,467,2560
#93,477,2560
93,516.6,2560,74.6683
#97,493,2560
#97,499,2560
#97,514,2560
#97,467,2560
#97,488,2560
97,492.2,2560,30.6568
#101,593,2560
#101,590,2560
#101,571,2560
#101,534,2560
#101,536,2560
101,564.8,2560,50.9651
#106,558,2560
#106,578,2560
#106,567,2560
#106,556,2560
#106,540,2560
106,559.8,2560,25.1841
#111,624,2560
#111,613,2560
#111,599,2560
#111,592,2560
#111,601,2560
111,605.8,2560,22.6769
#116,623,2560
#116,614,2560
#116,605,2560
#116,605,2560
#116,600,2560
116,609.4,2560,16.3267
#121,625,2560
#121,610,2560
#121,607,2560
#121,599,2560
#121,605,2560
121,609.2,2560,17.362
#127,651,2560
#127,614,2560
#127,624,2560
#127,623,2560
#127,614,2560
127,625.2,2560,27.1706
#133,713,2560
#133,695,2560
#133,710,2560
#133,664,2560
#133,665,2560
133,689.4,2560,42.4566
#139,684,2560
#139,672,2560
#139,679,2560
#139,674,2560
#139,671,2560
139,676,2560,9.71597
#145,862,2560
#145,854,2560
#145,781,2560
#145,735,2560
#145,742,2560
145,794.8,2560,107.981
#152,744,2560
#152,739,2560
#152,713,2560
#152,727,2560
#152,710,2560
152,726.6,2560,27.088
#159,1321,2560
#159,1129,2560
#159,860,2560
#159,821,2560
#159,810,2560
159,988.2,2560,406.671
#166,950,2560
#166,913,2560
#166,838,2560
#166,790,2560
#166,812,2560
166,860.6,2560,121.968
#174,1051,2560
#174,1039,2560
#174,916,2560
#174,878,2560
#174,847,2560
174,946.2,2560,167.329
#182,1166,2560
#182,1050,2560
#182,946,2560
#182,909,2560
#182,920,2560
182,998.2,2560,195.216
#191,1031,4608
#191,1030,4608
#191,1004,4608
#191,976,4608
#191,976,4608
191,1003.4,4608,48.7541
#200,1003,4608
#200,1004,4608
#200,1001,4608
#200,985,4608
#200,962,4608
200,991,4608,32.1248
#210,995,4608
#210,988,4608
#210,978,4608
#210,981,4608
#210,971,4608
210,982.6,4608,16.5215
#220,1027,4608
#220,1027,4608
#220,1029,4608
#220,1032,4608
#220,1036,4608
220,1030.2,4608,6.85857
#231,1074,4608
#231,1073,4608
#231,1084,4608
#231,1066,4608
#231,1056,4608
231,1070.6,4608,18.5731
#242,1214,4608
#242,1222,4608
#242,1206,4608
#242,1206,4608
#242,1213,4608
242,1212.2,4608,11.8929
#254,1415,4608
#254,1400,4608
#254,1322,4608
#254,1295,4608
#254,1297,4608
254,1345.8,4608,102.975
#266,1443,4608
#266,1471,4608
#266,1426,4608
#266,1395,4608
#266,1390,4608
266,1425,4608,60.4384
#279,1451,4608
#279,1454,4608
#279,1402,4608
#279,1412,4608
#279,1391,4608
279,1422,4608,51.5829
#292,1545,4608
#292,1527,4608
#292,1459,4608
#292,1425,4608
#292,1424,4608
292,1476,4608,101.808
#306,1645,4608
#306,1634,4608
#306,1579,4608
#306,1567,4608
#306,1573,4608
306,1599.6,4608,65.9648
#321,1811,4608
#321,1780,4608
#321,1672,4608
#321,1633,4608
#321,1639,4608
321,1707,4608,148.243
#337,1801,4608
#337,1770,4608
#337,1657,4608
#337,1607,4608
#337,1638,4608
337,1694.6,4608,153.094
#353,1901,4608
#353,1883,4608
#353,1736,4608
#353,1719,4608
#353,1720,4608
353,1791.8,4608,164.465
#370,2373,4608
#370,2204,4608
#370,1878,4608
#370,1802,4608
#370,1798,4608
370,2011,4608,469.069
#388,1895,8704
#388,1896,8704
#388,1843,8704
#388,1861,8704
#388,1867,8704
388,1872.4,8704,40.9018
#407,1962,8704
#407,1957,8704
#407,1933,8704
#407,1929,8704
#407,1923,8704
407,1940.8,8704,31.3535
#427,2029,8704
#427,2041,8704
#427,2003,8704
#427,2011,8704
#427,2011,8704
427,2019,8704,27.828
#448,2166,8704
#448,2177,8704
#448,2143,8704
#448,2114,8704
#448,2113,8704
448,2142.6,8704,52.3465
#470,2272,8704
#470,2354,8704
#470,2275,8704
#470,2281,8704
#470,2305,8704
470,2297.4,8704,61.1699
#493,2344,8704
#493,2362,8704
#493,2313,8704
#493,2315,8704
#493,2326,8704
493,2332,8704,37.2022
#517,2680,8704
#517,2675,8704
#517,2579,8704
#517,2491,8704
#517,2506,8704
517,2586.2,8704,160.576
#542,2793,8704
#542,2746,8704
#542,2666,8704
#542,2658,8704
#542,2649,8704
542,2702.4,8704,114.043
#569,2903,8704
#569,2894,8704
#569,2807,8704
#569,2765,8704
#569,2755,8704
569,2824.8,8704,125.439
#597,3146,8704
#597,3115,8704
#597,2860,8704
#597,2832,8704
#597,2817,8704
597,2954,8704,290.205
#626,3417,8704
#626,3326,8704
#626,3129,8704
#626,3089,8704
#626,3102,8704
626,3212.6,8704,267.039
#657,4172,8704
#657,3806,8704
#657,3495,8704
#657,3449,8704
#657,3409,8704
657,3666.2,8704,578.284
#689,3927,8704
#689,3746,8704
#689,3391,8704
#689,3351,8704
#689,3351,8704
689,3553.2,8704,477.474
#723,4659,8704
#723,4169,8704
#723,3873,8704
#723,3736,8704
#723,3693,8704
723,4026,8704,715.282
#759,4676,8704
#759,4431,8704
#759,4214,8704
#759,4052,8704
#759,3991,8704
759,4272.8,8704,505.346
#796,3987,16896
#796,4003,16896
#796,3847,16896
#796,3840,16896
#796,3839,16896
796,3903.2,16896,150.351
#835,3974,16896
#835,4023,16896
#835,3979,16896
#835,3979,16896
#835,3947,16896
835,3980.4,16896,48.7869
#876,4370,16896
#876,4347,16896
#876,4254,16896
#876,4244,16896
#876,4241,16896
876,4291.2,16896,111.193
#919,4400,16896
#919,4399,16896
#919,4393,16896
#919,4396,16896
#919,4348,16896
919,4387.2,16896,39.5049
#964,4656,16896
#964,4754,16896
#964,4707,16896
#964,4672,16896
#964,4655,16896
964,4688.8,16896,75.2744
#1012,5108,16896
#1012,5122,16896
#1012,4957,16896
#1012,4915,16896
#1012,4942,16896
1012,5008.8,16896,175.724
#1062,5455,16896
#1062,5504,16896
#1062,5359,16896
#1062,5260,16896
#1062,5273,16896
1062,5370.2,16896,193.517
#1115,5660,16896
#1115,5715,16896
#1115,5538,16896
#1115,5498,16896
#1115,5489,16896
1115,5580,16896,181.976
#1170,6137,16896
#1170,6189,16896
#1170,5952,16896
#1170,5765,16896
#1170,5750,16896
1170,5958.6,16896,364.362
#1228,6870,16896
#1228,6636,16896
#1228,6393,16896
#1228,6297,16896
#1228,6251,16896
1228,6489.4,16896,464.322
#1289,7200,16896
#1289,6853,16896
#1289,6520,16896
#1289,6472,16896
#1289,6402,16896
1289,6689.4,16896,597.351
#1353,7686,16896
#1353,7383,16896
#1353,7015,16896
#1353,6966,16896
#1353,6870,16896
1353,7184,16896,610.761
#1420,8628,16896
#1420,8172,16896
#1420,7714,16896
#1420,7422,16896
#1420,7199,16896
1420,7827,16896,1032.2
#1491,9475,16896
#1491,8691,16896
#1491,7901,16896
#1491,7754,16896
#1491,7576,16896
1491,8279.4,16896,1417.85
#1565,8067,33280
#1565,7846,33280
#1565,7720,33280
#1565,7707,33280
#1565,7705,33280
1565,7809,33280,278.674
#1643,8344,33280
#1643,8342,33280
#1643,8228,33280
#1643,8250,33280
#1643,8238,33280
1643,8280.4,33280,103.178
#1725,8591,33280
#1725,8862,33280
#1725,8757,33280
#1725,8688,33280
#1725,8612,33280
1725,8702,33280,198.478
#1811,8794,33280
#1811,8907,33280
#1811,8900,33280
#1811,8894,33280
#1811,8827,33280
1811,8864.4,33280,90.8326
#1901,9857,33280
#1901,10029,33280
#1901,9826,33280
#1901,9761,33280
#1901,9789,33280
1901,9852.4,33280,188.211
#1996,9864,33280
#1996,9896,33280
#1996,9883,33280
#1996,9804,33280
#1996,9782,33280
1996,9845.8,33280,89.6785
#2095,10911,33280
#2095,11044,33280
#2095,10830,33280
#2095,10755,33280
#2095,10730,33280
2095,10854,33280,228.214
#2199,11234,33280
#2199,11311,33280
#2199,11136,33280
#2199,11180,33280
#2199,10954,33280
2199,11163,33280,239.406
#2308,12209,33280
#2308,12399,33280
#2308,12125,33280
#2308,12072,33280
#2308,12030,33280
2308,12167,33280,260.992
#2423,12816,33280
#2423,12977,33280
#2423,12689,33280
#2423,12613,33280
#2423,12671,33280
2423,12753.2,33280,260.1
#2544,14041,33280
#2544,13956,33280
#2544,13706,33280
#2544,13676,33280
#2544,13442,33280
2544,13764.2,33280,427.443
#2671,14474,33280
#2671,14174,33280
#2671,13978,33280
#2671,13707,33280
#2671,13750,33280
2671,14016.6,33280,567.385
#2804,16834,33280
#2804,16693,33280
#2804,15995,33280
#2804,15523,33280
#2804,15456,33280
2804,16100.2,33280,1148.6
#2944,19514,33280
#2944,18579,33280
#2944,18311,33280
#2944,16989,33280
#2944,16581,33280
2944,17994.8,33280,2146.57
#3091,22482,33280
#3091,22581,33280
#3091,21990,33280
#3091,18773,33280
#3091,17749,33280
3091,20715,33280,4079.06
#3245,33439,66048
#3245,15325,66048
#3245,14952,66048
#3245,14942,66048
#3245,14913,66048
3245,18714.2,66048,14727.9
#3407,15730,66048
#3407,15905,66048
#3407,15808,66048
#3407,15742,66048
#3407,15710,66048
3407,15779,66048,142.121
#3577,16454,66048
#3577,16688,66048
#3577,16607,66048
#3577,16445,66048
#3577,16505,66048
3577,16539.8,66048,187.699
#3755,17853,66048
#3755,18260,66048
#3755,17854,66048
#3755,18025,66048
#3755,17869,66048
3755,17972.2,66048,315.527
#3942,18980,66048
#3942,19387,66048
#3942,19143,66048
#3942,19271,66048
#3942,19347,66048
3942,19225.6,66048,296.636
#4139,20824,66048
#4139,20326,66048
#4139,20708,66048
#4139,20450,66048
#4139,21007,66048
4139,20663,66048,494.142
#4345,21503,66048
#4345,21245,66048
#4345,21422,66048
#4345,20870,66048
#4345,20712,66048
4345,21150.4,66048,618.295
#4562,22996,66048
#4562,22965,66048
#4562,22891,66048
#4562,22244,66048
#4562,98066,66048
4562,37832.4,66048,60236.1
#4790,24045,66048
#4790,24086,66048
#4790,23386,66048
#4790,22806,66048
#4790,22880,66048
4790,23440.6,66048,1096.11
#5029,25261,66048
#5029,25237,66048
#5029,24762,66048
#5029,24378,66048
#5029,24291,66048
5029,24785.8,66048,820.288
#5280,27223,66048
#5280,26996,66048
#5280,26590,66048
#5280,25990,66048
#5280,25836,66048
5280,26527,66048,1085.98
#5544,30123,66048
#5544,29857,66048
#5544,29220,66048
#5544,28418,66048
#5544,27847,66048
5544,29093,66048,1713.21
#5821,32559,66048
#5821,31907,66048
#5821,31182,66048
#5821,30178,66048
#5821,29700,66048
5821,31105.2,66048,2115.96
#6112,37900,66048
#6112,37564,66048
#6112,35906,66048
#6112,35221,66048
#6112,34386,66048
6112,36195.4,66048,2696.05
#6417,31089,131584
#6417,30642,131584
#6417,30614,131584
#6417,30609,131584
#6417,30579,131584
6417,30706.6,131584,384.484
#6737,33005,131584
#6737,33038,131584
#6737,32907,131584
#6737,32842,131584
#6737,32757,131584
6737,32909.8,131584,206.786
#7073,33652,131584
#7073,34022,131584
#7073,33787,131584
#7073,33768,131584
#7073,33829,131584
7073,33811.6,131584,240.914
#7426,36332,131584
#7426,36746,131584
#7426,36424,131584
#7426,36358,131584
#7426,36372,131584
7426,36446.4,131584,305.548
#7797,38658,131584
#7797,58922,131584
#7797,55280,131584
#7797,60008,131584
#7797,53553,131584
7797,53284.2,131584,15361.7
#8186,40567,131584
#8186,40790,131584
#8186,40424,131584
#8186,40331,131584
#8186,40363,131584
8186,40495,131584,336.535
#8595,43222,131584
#8595,43402,131584
#8595,42887,131584
#8595,42848,131584
#8595,42811,131584
8595,43034,131584,470.491
#9024,46984,131584
#9024,47091,131584
#9024,46725,131584
#9024,46178,131584
#9024,45981,131584
9024,46591.8,131584,878.668
#9475,49528,131584
#9475,49669,131584
#9475,49140,131584
#9475,80583,131584
#9475,61531,131584
9475,58090.2,131584,24365.5
#9948,51339,131584
#9948,51823,131584
#9948,51371,131584
#9948,50887,131584
#9948,50642,131584
9948,51212.4,131584,822.316
#10445,56453,131584
#10445,124368,131584
#10445,55554,131584
#10445,54857,131584
#10445,54465,131584
10445,69139.4,131584,55245.1
#10967,59626,131584
#10967,59264,131584
#10967,58498,131584
#10967,57950,131584
#10967,57129,131584
10967,58493.4,131584,1796.33
#11515,69825,131584
#11515,69426,131584
#11515,80976,131584
#11515,69033,131584
#11515,68481,131584
11515,71548.2,131584,9469.55
#12090,80201,131584
#12090,80365,131584
#12090,79003,131584
#12090,77701,131584
#12090,76932,131584
12090,78840.4,131584,2704.41
#12694,70903,262656
#12694,70369,262656
#12694,70035,262656
#12694,69971,262656
#12694,70088,262656
12694,70273.2,262656,685.967
#13328,70974,262656
#13328,71137,262656
#13328,70888,262656
#13328,70771,262656
#13328,70741,262656
13328,70902.2,262656,288.009
#13994,75616,262656
#13994,75745,262656
#13994,75558,262656
#13994,75507,262656
#13994,75517,262656
13994,75588.6,262656,174.203
#14693,80788,262656
#14693,81020,262656
#14693,92564,262656
#14693,79014,262656
#14693,78745,262656
14693,82426.2,262656,10300.7
#15427,83674,262656
#15427,83758,262656
#15427,83460,262656
#15427,83537,262656
#15427,83477,262656
15427,83581.2,262656,232.156
#16198,89677,262656
#16198,89759,262656
#16198,89440,262656
#16198,89324,262656
#16198,89391,262656
16198,89518.2,262656,338.48
#17007,93534,262656
#17007,94417,262656
#17007,93703,262656
#17007,93400,262656
#17007,93380,262656
17007,93686.8,262656,765.863
#17857,277066,262656
#17857,261337,262656
#17857,263629,262656
#17857,293184,262656
#17857,273450,262656
17857,273733,262656,22720.6
#18749,101942,262656
#18749,102260,262656
#18749,101558,262656
#18749,100928,262656
#18749,100823,262656
18749,101502,262656,1117.79
#19686,123153,262656
#19686,112007,262656
#19686,111036,262656
#19686,110679,262656
#19686,110676,262656
19686,113510,262656,9691.78
#20670,138362,262656
#20670,124876,262656
#20670,123796,262656
#20670,123563,262656
#20670,123716,262656
20670,126863,262656,11536.9
#21703,132402,262656
#21703,132562,262656
#21703,131175,262656
#21703,130779,262656
#21703,130455,262656
21703,131475,262656,1710.14
#22788,145057,262656
#22788,174747,262656
#22788,156967,262656
#22788,158388,262656
#22788,145986,262656
22788,156229,262656,21500.8
#23927,169490,262656
#23927,169936,262656
#23927,168738,262656
#23927,167795,262656
#23927,167603,262656
23927,168712,262656,1827.55
#25123,160575,524800
#25123,164557,524800
#25123,150769,524800
#25123,150664,524800
#25123,150747,524800
25123,155462,524800,11870.6
#26379,190970,524800
#26379,177143,524800
#26379,162985,524800
#26379,162949,524800
#26379,163044,524800
26379,171418,524800,22414.6
#27697,176780,524800
#27697,227547,524800
#27697,189079,524800
#27697,275172,524800
#27697,261883,524800
27697,226092,524800,77426.6
#29081,174373,524800
#29081,169959,524800
#29081,169602,524800
#29081,230680,524800
#29081,173221,524800
29081,183567,524800,47255.9
#30535,184329,524800
#30535,183402,524800
#30535,198203,524800
#30535,187153,524800
#30535,187410,524800
30535,188099,524800,10573
#32061,205629,524800
#32061,205662,524800
#32061,205399,524800
#32061,205639,524800
#32061,208010,524800
32061,206068,524800,1951.52
#33664,217826,524800
#33664,217720,524800
#33664,217399,524800
#33664,217179,524800
#33664,217295,524800
33664,217484,524800,496.895
#35347,222731,524800
#35347,222771,524800
#35347,222433,524800
#35347,222133,524800
#35347,222061,524800
35347,222426,524800,587.314
#37114,235743,524800
#37114,235553,524800
#37114,235076,524800
#37114,234673,524800
#37114,234932,524800
37114,235195,524800,792.102
#38969,252673,524800
#38969,253305,524800
#38969,268648,524800
#38969,257686,524800
#38969,257572,524800
38969,257977,524800,11457
#40917,282403,524800
#40917,282487,524800
#40917,281543,524800
#40917,281457,524800
#40917,280470,524800
40917,281672,524800,1471.4
#42962,297694,524800
#42962,297494,524800
#42962,296836,524800
#42962,310261,524800
#42962,310003,524800
42962,302458,524800,12546.2
#45110,319731,524800
#45110,318957,524800
#45110,318451,524800
#45110,318083,524800
#45110,317560,524800
45110,318556,524800,1488.14
#47365,381616,524800
#47365,375678,524800
#47365,379196,524800
#47365,382317,524800
#47365,365803,524800
47365,376922,524800,12049.6
#49733,418935,524800
#49733,418305,524800
#49733,418380,524800
#49733,417014,524800
#49733,416604,524800
49733,417848,524800,1770.09
#52219,351104,1049088
#52219,342140,1049088
#52219,341967,1049088
#52219,342142,1049088
#52219,396172,1049088
52219,354705,1049088,42051.8
#54829,361651,1049088
#54829,361488,1049088
#54829,361067,1049088
#54829,361003,1049088
#54829,361283,1049088
54829,361298,1049088,490.974
#57570,383313,1049088
#57570,383449,1049088
#57570,389545,1049088
#57570,383197,1049088
#57570,383073,1049088
57570,384515,1049088,5035.76
#60448,396727,1049088
#60448,396375,1049088
#60448,402385,1049088
#60448,387036,1049088
#60448,392062,1049088
60448,394917,1049088,10254.1
#63470,425332,1049088
#63470,409637,1049088
#63470,409008,1049088
#63470,409091,1049088
#63470,408896,1049088
63470,412393,1049088,12949.2
#66643,435791,1049088
#66643,433922,1049088
#66643,433184,1049088
#66643,433036,1049088
#66643,432933,1049088
66643,433773,1049088,2133.58
#69975,482151,1049088
#69975,458710,1049088
#69975,457514,1049088
#69975,457624,1049088
#69975,457785,1049088
69975,462757,1049088,19412.6
#73473,498420,1049088
#73473,511630,1049088
#73473,487408,1049088
#73473,533064,1049088
#73473,476165,1049088
73473,501337,1049088,39483.7
#77146,557870,1049088
#77146,553448,1049088
#77146,552941,1049088
#77146,552732,1049088
#77146,601976,1049088
77146,563793,1049088,38368.3
#81003,556402,1049088
#81003,555927,1049088
#81003,604722,1049088
#81003,542431,1049088
#81003,582512,1049088
81003,568399,1049088,44652.9
#85053,600036,1049088
#85053,598950,1049088
#85053,598437,1049088
#85053,597872,1049088
#85053,599664,1049088
85053,598992,1049088,1576.25
#89305,700314,1049088
#89305,700104,1049088
#89305,748807,1049088
#89305,683929,1049088
#89305,683163,1049088
89305,703263,1049088,47922.8
#93770,733800,1049088
#93770,733940,1049088
#93770,732311,1049088
#93770,731750,1049088
#93770,808566,1049088
93770,748073,1049088,60516.1
#98458,860958,1049088
#98458,823661,1049088
#98458,822204,1049088
#98458,853646,1049088
#98458,847159,1049088
98458,841526,1049088,31606.7
#103380,829962,2097664
#103380,682173,2097664
#103380,681609,2097664
#103380,690020,2097664
#103380,666491,2097664
103380,710051,2097664,120875
#108549,703949,2097664
#108549,700525,2097664
#108549,697743,2097664
#108549,697248,2097664
#108549,697164,2097664
108549,699326,2097664,5238.93
#113976,787463,2097664
#113976,781618,2097664
#113976,821201,2097664
#113976,775605,2097664
#113976,764169,2097664
113976,786011,2097664,38419.8
#119674,841189,2097664
#119674,882448,2097664
#119674,796342,2097664
#119674,793471,2097664
#119674,857599,2097664
119674,834210,2097664,69376.1
#125657,830228,2097664
#125657,825426,2097664
#125657,823436,2097664
#125657,825064,2097664
#125657,823476,2097664
125657,825526,2097664,4972.15
#131939,881093,2097664
#131939,873553,2097664
#131939,872499,2097664
#131939,871917,2097664
#131939,872084,2097664
131939,874229,2097664,6957.63
#138535,949399,2097664
#138535,923621,2097664
#138535,926187,2097664
#138535,1018371,2097664
#138535,924752,2097664
138535,948466,2097664,72462.7
#145461,992388,2097664
#145461,988110,2097664
#145461,981303,2097664
#145461,981141,2097664
#145461,980836,2097664
145461,984756,2097664,9374.63
#152734,1053233,2097664
#152734,1051520,2097664
#152734,1047295,2097664
#152734,1082459,2097664
#152734,1063391,2097664
152734,1.05958e+06,2097664,25205.4
#160370,1219238,2097664
#160370,1255820,2097664
#160370,1184717,2097664
#160370,1226518,2097664
#160370,1268695,2097664
160370,1.231e+06,2097664,58906.7
#168388,1217116,2097664
#168388,1215554,2097664
#168388,1249282,2097664
#168388,1226667,2097664
#168388,1183036,2097664
168388,1.21833e+06,2097664,42730.6
#176807,1426867,2097664
#176807,1455058,2097664
#176807,1360409,2097664
#176807,1436511,2097664
#176807,1386458,2097664
176807,1.41306e+06,2097664,69190.8
#185647,1456403,2097664
#185647,1455208,2097664
#185647,1454106,2097664
#185647,1451401,2097664
#185647,1451630,2097664
185647,1.45375e+06,2097664,3929.69
#194929,1840930,2097664
#194929,1717516,2097664
#194929,1748883,2097664
#194929,1710673,2097664
#194929,1711186,2097664
194929,1.74584e+06,2097664,99161.4
#204675,1760780,4194816
#204675,1353789,4194816
#204675,1410952,4194816
#204675,1372054,4194816
#204675,1370351,4194816
204675,1.45359e+06,4194816,309478
#214908,1598513,4194816
#214908,1418383,4194816
#214908,1379379,4194816
#214908,1370345,4194816
#214908,1412105,4194816
214908,1.43574e+06,4194816,166872
#225653,1707017,4194816
#225653,1549103,4194816
#225653,1585886,4194816
#225653,1543044,4194816
#225653,1551311,4194816
225653,1.58727e+06,4194816,123441
#236935,1767894,4194816
#236935,1615017,4194816
#236935,1587478,4194816
#236935,1540590,4194816
#236935,1563020,4194816
236935,1.6148e+06,4194816,160929
#248781,1804021,4194816
#248781,1815441,4194816
#248781,1738299,4194816
#248781,1736653,4194816
#248781,1731635,4194816
248781,1.76521e+06,4194816,73192.5
#261220,1931552,4194816
#261220,1873493,4194816
#261220,1845368,4194816
#261220,1839429,4194816
#261220,1840669,4194816
261220,1.8661e+06,4194816,70008.7
#274281,2037171,4194816
#274281,1989373,4194816
#274281,1966147,4194816
#274281,1958796,4194816
#274281,1956291,4194816
274281,1.98156e+06,4194816,60318.5
#287995,2029578,4194816
#287995,1988089,4194816
#287995,1951995,4194816
#287995,1973348,4194816
#287995,1975539,4194816
287995,1.98371e+06,4194816,51404.5
#302394,2207079,4194816
#302394,2115216,4194816
#302394,2077673,4194816
#302394,2095316,4194816
#302394,2145592,4194816
302394,2.12818e+06,4194816,90894.6
#317513,2287534,4194816
#317513,2246419,4194816
#317513,2251166,4194816
#317513,2246033,4194816
#317513,2241481,4194816
317513,2.25453e+06,4194816,33571.9
#333388,2646603,4194816
#333388,2610526,4194816
#333388,2580082,4194816
#333388,2567399,4194816
#333388,2564885,4194816
333388,2.5939e+06,4194816,61897.6
#350057,2927945,4194816
#350057,3036276,4194816
#350057,3037899,4194816
#350057,2873250,4194816
#350057,2853586,4194816
350057,2.94579e+06,4194816,156854
#367559,3167990,4194816
#367559,3221951,4194816
#367559,3196669,4194816
#367559,3136694,4194816
#367559,3121539,4194816
367559,3.16897e+06,4194816,74116.8
#385936,3574461,4194816
#385936,3519237,4194816
#385936,3445641,4194816
#385936,3440198,4194816
#385936,3483422,4194816
385936,3.49259e+06,4194816,99784.2
#405232,6277117,8389120
#405232,5695026,8389120
#405232,5626923,8389120
#405232,5617375,8389120
#405232,5511276,8389120
405232,5.74554e+06,8389120,544428
#425493,6819133,8389120
#425493,5809202,8389120
#425493,5735516,8389120
#425493,5722502,8389120
#425493,8373861,8389120
425493,6.49204e+06,8389120,2.05505e+06
#446767,6397360,8389120
#446767,6212808,8389120
#446767,6419732,8389120
#446767,6188045,8389120
#446767,6183651,8389120
446767,6.28032e+06,8389120,210811
#469105,6618375,8389120
#469105,6607419,8389120
#469105,6494625,8389120
#469105,6516535,8389120
#469105,6697867,8389120
469105,6.58696e+06,8389120,147489
#492560,6960647,8389120
#492560,6917232,8389120
#492560,6934707,8389120
#492560,6932009,8389120
#492560,6876499,8389120
492560,6.92422e+06,8389120,55307.9
#517188,7429043,8389120
#517188,7264127,8389120
#517188,7017983,8389120
#517188,6997306,8389120
#517188,7048086,8389120
517188,7.15131e+06,8389120,337060
#543047,7533010,8389120
#543047,7528058,8389120
#543047,7498248,8389120
#543047,7497781,8389120
#543047,7629577,8389120
543047,7.53733e+06,8389120,96770.5
#570199,8272882,8389120
#570199,8412151,8389120
#570199,8322774,8389120
#570199,8284638,8389120
#570199,8262092,8389120
570199,8.31091e+06,8389120,109216
#598708,9200312,8389120
#598708,9577634,8389120
#598708,9261274,8389120
#598708,9175672,8389120
#598708,9042522,8389120
598708,9.25148e+06,8389120,356091
#628643,9591428,8389120
#628643,9479945,8389120
#628643,9253640,8389120
#628643,9276429,8389120
#628643,9227072,8389120
628643,9.3657e+06,8389120,288097
#660075,10357642,8389120
#660075,10528006,8389120
#660075,10347280,8389120
#660075,10377736,8389120
#660075,10818284,8389120
660075,1.04858e+07,8389120,357342
#693078,10418835,8389120
#693078,10362234,8389120
#693078,10364620,8389120
#693078,10405822,8389120
#693078,10830262,8389120
693078,1.04764e+07,8389120,356698
#727731,11001805,8389120
#727731,11128057,8389120
#727731,14160772,8389120
#727731,11407647,8389120
#727731,11367851,8389120
727731,1.18132e+07,8389120,2.36672e+06
#764117,12058757,8389120
#764117,12016891,8389120
#764117,11878816,8389120
#764117,12282271,8389120
#764117,12159946,8389120
764117,1.20793e+07,8389120,271605
#802322,13112052,8389120
#802322,13125959,8389120
#802322,13121478,8389120
#802322,13178058,8389120
#802322,13183753,8389120
802322,1.31443e+07,8389120,60618.8
#842438,21026031,16777728
#842438,21565717,16777728
#842438,21008278,16777728
#842438,21153818,16777728
#842438,21467588,16777728
842438,2.12443e+07,16777728,460175
#884559,20933617,16777728
#884559,20923981,16777728
#884559,21224869,16777728
#884559,21115868,16777728
#884559,21147928,16777728
884559,2.10693e+07,16777728,240134
#928786,23595733,16777728
#928786,24244741,16777728
#928786,23415475,16777728
#928786,23486247,16777728
#928786,23522408,16777728
928786,2.36529e+07,16777728,603136
#975225,24938311,16777728
#975225,24986218,16777728
#975225,24802245,16777728
#975225,24792632,16777728
#975225,24914369,16777728
975225,2.48868e+07,16777728,153139
#1023986,24537219,16777728
#1023986,24392006,16777728
#1023986,24853118,16777728
#1023986,24916360,16777728
#1023986,24857843,16777728
1023986,2.47113e+07,16777728,415586
#1075185,30227052,16777728
#1075185,28343838,16777728
#1075185,29412080,16777728
#1075185,30550340,16777728
#1075185,28503214,16777728
1075185,2.94073e+07,16777728,1.77243e+06
#1128944,27279238,16777728
#1128944,27458016,16777728
#1128944,27960300,16777728
#1128944,27928497,16777728
#1128944,41186285,16777728
1128944,3.03625e+07,16777728,1.08367e+07
#1185391,59794499,16777728
#1185391,45644141,16777728
#1185391,40436525,16777728
#1185391,39164249,16777728
#1185391,39531141,16777728
1185391,4.49141e+07,16777728,1.5596e+07
#1244660,37426004,16777728
#1244660,37649754,16777728
#1244660,38401439,16777728
#1244660,43871473,16777728
#1244660,32481871,16777728
1244660,3.79661e+07,16777728,7.24052e+06
#1306893,33738169,16777728
#1306893,32738847,16777728
#1306893,38705226,16777728
#1306893,33609712,16777728
#1306893,32546693,16777728
1306893,3.42677e+07,16777728,4.53469e+06
#1372237,37468687,16777728
#1372237,37771909,16777728
#1372237,37625823,16777728
#1372237,37235451,16777728
#1372237,37198777,16777728
1372237,3.74601e+07,16777728,441379
#1440848,36450158,16777728
#1440848,39404655,16777728
#1440848,44063803,16777728
#1440848,59139500,16777728
#1440848,73462492,16777728
1440848,5.05041e+07,16777728,2.77683e+07
#1512890,42754870,16777728
#1512890,52237446,16777728
#1512890,45981335,16777728
#1512890,43389521,16777728
#1512890,42431773,16777728
1512890,4.5359e+07,16777728,7.31734e+06
#1588534,55718680,16777728
#1588534,52260826,16777728
#1588534,49695243,16777728
#1588534,47125284,16777728
#1588534,46643481,16777728
1588534,5.02887e+07,16777728,6.75402e+06
#1667960,50637751,33554944
#1667960,50435148,33554944
#1667960,50713372,33554944
#1667960,69739384,33554944
#1667960,87722766,33554944
1667960,6.18497e+07,33554944,2.98219e+07
#1751358,58237425,33554944
#1751358,62378050,33554944
#1751358,55229383,33554944
#1751358,54371992,33554944
#1751358,53498723,33554944
1751358,5.67431e+07,33554944,6.47612e+06
#1838925,56939000,33554944
#1838925,56296035,33554944
#1838925,56942070,33554944
#1838925,62465476,33554944
#1838925,59319388,33554944
1838925,5.83924e+07,33554944,4.56595e+06
#1930871,56546364,33554944
#1930871,56063801,33554944
#1930871,56088879,33554944
#1930871,56497697,33554944
#1930871,60348340,33554944
1930871,5.7109e+07,33554944,3.26394e+06
#2027414,59776380,33554944
#2027414,59478979,33554944
#2027414,59633954,33554944
#2027414,59388540,33554944
#2027414,59189336,33554944
2027414,5.94934e+07,33554944,403476
#2128784,62743913,33554944
#2128784,63094765,33554944
#2128784,63392247,33554944
#2128784,62585227,33554944
#2128784,64719943,33554944
2128784,6.33072e+07,33554944,1.51967e+06
#2235223,66274451,33554944
#2235223,66195867,33554944
#2235223,66254962,33554944
#2235223,66557057,33554944
#2235223,66206781,33554944
2235223,6.62978e+07,33554944,265736
#2346984,70602946,33554944
#2346984,70248678,33554944
#2346984,70220794,33554944
#2346984,70213375,33554944
#2346984,70201301,33554944
2346984,7.02974e+07,33554944,307110
#2464333,74831209,33554944
#2464333,74308584,33554944
#2464333,76584465,33554944
#2464333,87848463,33554944
#2464333,87574125,33554944
2464333,8.02294e+07,33554944,1.23119e+07
#2587549,79292061,33554944
#2587549,89414475,33554944
#2587549,94205364,33554944
#2587549,95687836,33554944
#2587549,96526253,33554944
2587549,9.10252e+07,33554944,1.2724e+07
#2716926,83841994,33554944
#2716926,83757721,33554944
#2716926,85067089,33554944
#2716926,100660110,33554944
#2716926,94840845,33554944
2716926,8.96336e+07,33554944,1.37876e+07
#2852772,99179065,33554944
#2852772,108719763,33554944
#2852772,111329315,33554944
#2852772,107830844,33554944
#2852772,108643184,33554944
2852772,1.0714e+08,33554944,8.30226e+06
#2995410,96263774,33554944
#2995410,95537419,33554944
#2995410,95770281,33554944
#2995410,95790734,33554944
#2995410,95746503,33554944
2995410,9.58217e+07,33554944,477914
#3145180,103740589,33554944
#3145180,103439215,33554944
#3145180,104424778,33554944
#3145180,126312214,33554944
#3145180,124894375,33554944
3145180,1.12562e+08,33554944,2.13244e+07
#3302439,103085015,67109376
#3302439,102813735,67109376
#3302439,103564462,67109376
#3302439,104766210,67109376
#3302439,103430572,67109376
3302439,1.03532e+08,67109376,1.34173e+06
#3467560,110175679,67109376
#3467560,125334251,67109376
#3467560,122689436,67109376
#3467560,118744944,67109376
#3467560,117875024,67109376
3467560,1.18964e+08,67109376,1.03122e+07
#3640938,111149024,67109376
#3640938,111040882,67109376
#3640938,110467463,67109376
#3640938,118051356,67109376
#3640938,116709987,67109376
3640938,1.13484e+08,67109376,6.43666e+06
#3822984,116555233,67109376
#3822984,117130636,67109376
#3822984,117334385,67109376
#3822984,117262812,67109376
#3822984,116468937,67109376
3822984,1.1695e+08,67109376,729654
#4014133,123557752,67109376
#4014133,123712887,67109376
#4014133,123504321,67109376
#4014133,123639634,67109376
#4014133,123323391,67109376
4014133,1.23548e+08,67109376,265384
#4214839,130419765,67109376
#4214839,130285488,67109376
#4214839,133235485,67109376
#4214839,130873434,67109376
#4214839,131435964,67109376
4214839,1.3125e+08,67109376,2.14254e+06
#4425580,137530660,67109376
#4425580,138334078,67109376
#4425580,184045354,67109376
#4425580,137628985,67109376
#4425580,137417782,67109376
4425580,1.46991e+08,67109376,3.70595e+07
#4646859,156000999,67109376
#4646859,192163286,67109376
#4646859,145450617,67109376
#4646859,145745111,67109376
#4646859,145867411,67109376
4646859,1.57045e+08,67109376,3.6016e+07
#4879201,154942150,67109376
#4879201,154064913,67109376
#4879201,154091463,67109376
#4879201,158360449,67109376
#4879201,154493319,67109376
4879201,1.5519e+08,67109376,3.23372e+06
#5123161,173664476,67109376
#5123161,172751410,67109376
#5123161,178587661,67109376
#5123161,180476113,67109376
#5123161,169149726,67109376
5123161,1.74926e+08,67109376,8.19254e+06
#5379319,183568488,67109376
#5379319,189633778,67109376
#5379319,175164231,67109376
#5379319,173750775,67109376
#5379319,174461660,67109376
5379319,1.79316e+08,67109376,1.2532e+07
#5648284,185620684,67109376
#5648284,185365695,67109376
#5648284,185511080,67109376
#5648284,185093593,67109376
#5648284,185670023,67109376
5648284,1.85452e+08,67109376,415098
#5930698,197918532,67109376
#5930698,197832107,67109376
#5930698,197958734,67109376
#5930698,197986244,67109376
#5930698,206608594,67109376
5930698,1.99661e+08,67109376,6.94853e+06
#6227232,214629231,67109376
#6227232,217955193,67109376
#6227232,231968412,67109376
#6227232,399628798,67109376
#6227232,261632708,67109376
6227232,2.65163e+08,67109376,1.38499e+08
#6538593,231674172,134218240
#6538593,277858783,134218240
#6538593,206272935,134218240
#6538593,203367476,134218240
#6538593,202318987,134218240
6538593,2.24298e+08,134218240,5.77528e+07
#6865522,216458151,134218240
#6865522,214328078,134218240
#6865522,215109793,134218240
#6865522,213190555,134218240
#6865522,213164885,134218240
6865522,2.1445e+08,134218240,2.48525e+06
#7208798,224811003,134218240
#7208798,225014579,134218240
#7208798,224815985,134218240
#7208798,225086444,134218240
#7208798,224859049,134218240
7208798,2.24917e+08,134218240,224553
#7569237,239534746,134218240
#7569237,239956084,134218240
#7569237,237024465,134218240
#7569237,290723484,134218240
#7569237,238399882,134218240
7569237,2.49128e+08,134218240,4.16454e+07
#7947698,250909934,134218240
#7947698,250463187,134218240
#7947698,250290104,134218240
#7947698,250442891,134218240
#7947698,250608569,134218240
7947698,2.50543e+08,134218240,418844
#8345082,285527180,134218240
#8345082,264905015,134218240
#8345082,264651074,134218240
#8345082,264513659,134218240
#8345082,264675498,134218240
8345082,2.68854e+08,134218240,1.66746e+07
#8762336,280487860,134218240
#8762336,279221924,134218240
#8762336,287721471,134218240
#8762336,297648934,134218240
#8762336,335444246,134218240
8762336,2.96105e+08,134218240,4.14649e+07
#9200452,295882801,134218240
#9200452,296598913,134218240
#9200452,295295475,134218240
#9200452,295810013,134218240
#9200452,296190146,134218240
9200452,2.95955e+08,134218240,863075
#9660474,313042839,134218240
#9660474,312765024,134218240
#9660474,314445863,134218240
#9660474,312969497,134218240
#9660474,312552391,134218240
9660474,3.13155e+08,134218240,1.33523e+06
