#1,438,536
#1,148,536
#1,44,536
#1,42,536
#1,41,536
#1,44,536
1,126.167,536,289.317
#2,73,544
#2,60,544
#2,44,544
#2,48,544
#2,47,544
#2,48,544
2,53.3333,544,20.2539
#3,85,552
#3,70,552
#3,103,552
#3,52,552
#3,53,552
#3,50,552
3,68.8333,552,39.3178
#4,97,568
#4,94,568
#4,59,568
#4,60,568
#4,61,568
#4,58,568
4,71.5,568,34.0343
#5,126,568
#5,122,568
#5,77,568
#5,76,568
#5,80,568
#5,61,568
5,90.3333,568,49.1619
#6,150,584
#6,114,584
#6,83,584
#6,62,584
#6,67,584
#6,66,584
6,90.3333,584,63.8401
#7,206,584
#7,118,584
#7,72,584
#7,73,584
#7,73,584
#7,75,584
7,102.833,584,97.9076
#8,199,608
#8,126,608
#8,71,608
#8,114,608
#8,71,608
#8,69,608
8,108.333,608,92.7338
#9,208,608
#9,182,608
#9,100,608
#9,109,608
#9,76,608
#9,77,608
9,125.333,608,102.383
#10,266,632
#10,237,632
#10,151,632
#10,143,632
#10,134,632
#10,90,632
10,170.167,632,122.45
#11,234,632
#11,228,632
#11,88,632
#11,86,632
#11,92,632
#11,88,632
11,136,632,134.442
#12,250,632
#12,186,632
#12,119,632
#12,89,632
#12,94,632
#12,92,632
12,138.333,632,120.17
#13,270,664
#13,233,664
#13,153,664
#13,135,664
#13,98,664
#13,99,664
13,164.667,664,130.479
#14,250,664
#14,181,664
#14,139,664
#14,101,664
#14,104,664
#14,102,664
14,146.167,664,108.98
#15,245,664
#15,260,664
#15,227,664
#15,143,664
#15,146,664
#15,109,664
15,188.333,664,115.422
#16,186,696
#16,201,696
#16,131,696
#16,125,696
#16,129,696
#16,105,696
16,146.167,696,69.5741
#17,254,696
#17,267,696
#17,188,696
#17,150,696
#17,149,696
#17,112,696
17,186.667,696,113.512
#18,292,696
#18,277,696
#18,217,696
#18,200,696
#18,174,696
#18,154,696
18,219,696,101.021
#19,336,696
#19,325,696
#19,243,696
#19,176,696
#19,143,696
#19,128,696
19,225.167,696,165.688
#20,321,736
#20,314,736
#20,212,736
#20,183,736
#20,183,736
#20,133,736
20,224.333,736,139.751
#21,375,736
#21,388,736
#21,283,736
#21,210,736
#21,160,736
#21,151,736
21,261.167,736,190.632
#22,418,736
#22,358,736
#22,184,736
#22,183,736
#22,168,736
#22,148,736
22,243.167,736,209.095
#23,479,736
#23,350,736
#23,188,736
#23,160,736
#23,160,736
#23,158,736
23,249.167,736,246.231
#24,405,776
#24,369,776
#24,267,776
#24,192,776
#24,153,776
#24,141,776
24,254.5,776,204.951
#25,320,776
#25,309,776
#25,191,776
#25,198,776
#25,173,776
#25,174,776
25,227.5,776,124.455
#26,630,776
#26,430,776
#26,260,776
#26,195,776
#26,196,776
#26,177,776
26,314.667,776,329.726
#27,687,776
#27,611,776
#27,220,776
#27,212,776
#27,214,776
#27,213,776
27,359.5,776,411.791
#28,547,776
#28,426,776
#28,233,776
#28,205,776
#28,205,776
#28,197,776
28,302.167,776,270.807
#29,464,832
#29,441,832
#29,255,832
#29,196,832
#29,201,832
#29,170,832
29,287.833,832,238.65
#30,682,832
#30,546,832
#30,322,832
#30,255,832
#30,294,832
#30,249,832
30,391.333,832,328.162
#31,552,832
#31,472,832
#31,259,832
#31,241,832
#31,257,832
#31,207,832
31,331.333,832,261.862
#32,704,832
#32,407,832
#32,297,832
#32,197,832
#32,193,832
#32,205,832
32,333.833,832,364.133
#33,545,832
#33,457,832
#33,199,832
#33,181,832
#33,199,832
#33,196,832
33,296.167,832,294.352
#34,755,832
#34,674,832
#34,319,832
#34,260,832
#34,255,832
#34,223,832
34,414.333,832,430.8
#35,858,896
#35,548,896
#35,395,896
#35,302,896
#35,281,896
#35,246,896
35,438.333,896,424.545
#36,624,896
#36,422,896
#36,245,896
#36,232,896
#36,262,896
#36,243,896
36,338,896,286.982
#37,982,896
#37,519,896
#37,310,896
#37,283,896
#37,274,896
#37,282,896
37,441.667,896,512.547
#38,653,896
#38,559,896
#38,313,896
#38,220,896
#38,268,896
#38,221,896
38,372.333,896,340.716
#39,904,896
#39,613,896
#39,294,896
#39,275,896
#39,281,896
#39,259,896
39,437.667,896,484.269
#40,959,896
#40,741,896
#40,406,896
#40,321,896
#40,336,896
#40,321,896
40,514,896,494.907
#42,972,968
#42,688,968
#42,425,968
#42,303,968
#42,288,968
#42,285,968
42,493.5,968,512.17
#44,986,968
#44,711,968
#44,410,968
#44,307,968
#44,303,968
#44,278,968
44,499.167,968,525.455
#46,942,968
#46,635,968
#46,365,968
#46,294,968
#46,294,968
#46,295,968
46,470.833,968,485.528
#48,1068,968
#48,628,968
#48,384,968
#48,320,968
#48,339,968
#48,304,968
48,507.167,968,547.048
#50,791,1056
#50,567,1056
#50,301,1056
#50,299,1056
#50,308,1056
#50,295,1056
50,426.833,1056,379.421
#52,913,1056
#52,540,1056
#52,348,1056
#52,304,1056
#52,308,1056
#52,302,1056
52,452.5,1056,444.387
#54,900,1056
#54,766,1056
#54,401,1056
#54,323,1056
#54,318,1056
#54,321,1056
54,504.833,1056,473.927
#56,1312,1056
#56,885,1056
#56,495,1056
#56,393,1056
#56,394,1056
#56,366,1056
56,640.833,1056,697.247
#58,1468,1056
#58,1035,1056
#58,571,1056
#58,445,1056
#58,429,1056
#58,394,1056
58,723.667,1056,794.746
#60,1410,1152
#60,886,1152
#60,414,1152
#60,410,1152
#60,405,1152
#60,334,1152
60,643.167,1152,777.257
#63,1168,1152
#63,673,1152
#63,466,1152
#63,445,1152
#63,414,1152
#63,373,1152
63,589.833,1152,551.023
#66,1875,1152
#66,1224,1152
#66,731,1152
#66,617,1152
#66,623,1152
#66,498,1152
66,928,1152,965.36
#69,1575,1152
#69,1084,1152
#69,591,1152
#69,493,1152
#69,418,1152
#69,424,1152
69,764.167,1152,855.884
#72,1353,1272
#72,1085,1272
#72,615,1272
#72,469,1272
#72,440,1272
#72,448,1272
72,735,1272,711.325
#75,1776,1272
#75,1099,1272
#75,732,1272
#75,591,1272
#75,519,1272
#75,481,1272
75,866.333,1272,910.898
#78,1401,1272
#78,1094,1272
#78,718,1272
#78,624,1272
#78,504,1272
#78,553,1272
78,815.667,1272,649.353
#81,2114,1272
#81,1472,1272
#81,934,1272
#81,653,1272
#81,601,1272
#81,543,1272
81,1052.83,1272,1137.2
#85,1919,1408
#85,977,1408
#85,746,1408
#85,589,1408
#85,577,1408
#85,583,1408
85,898.5,1408,955.521
#89,1657,1408
#89,1177,1408
#89,731,1408
#89,537,1408
#89,498,1408
#89,498,1408
89,849.667,1408,863.371
#93,2234,1408
#93,1399,1408
#93,789,1408
#93,599,1408
#93,583,1408
#93,567,1408
93,1028.5,1408,1223.05
#97,1881,1408
#97,1288,1408
#97,740,1408
#97,648,1408
#97,599,1408
#97,596,1408
97,958.667,1408,953.721
#101,2146,1568
#101,1327,1568
#101,921,1568
#101,731,1568
#101,650,1568
#101,601,1568
101,1062.67,1568,1082.28
#106,1773,1568
#106,1150,1568
#106,767,1568
#106,625,1568
#106,573,1568
#106,553,1568
106,906.833,1568,873.69
#111,2018,1568
#111,1573,1568
#111,1027,1568
#111,742,1568
#111,685,1568
#111,669,1568
111,1119,1568,1018.42
#116,2468,1752
#116,1565,1752
#116,1027,1752
#116,810,1752
#116,770,1752
#116,718,1752
116,1226.33,1752,1247.97
#121,2286,1752
#121,1490,1752
#121,913,1752
#121,909,1752
#121,863,1752
#121,747,1752
121,1201.33,1752,1079.91
#127,3273,1752
#127,2050,1752
#127,1401,1752
#127,1029,1752
#127,883,1752
#127,874,1752
127,1585,1752,1714.04
#133,3118,1752
#133,2153,1752
#133,1369,1752
#133,1049,1752
#133,976,1752
#133,931,1752
133,1599.33,1752,1592.49
#139,2892,1960
#139,1811,1960
#139,1308,1960
#139,876,1960
#139,818,1960
#139,791,1960
139,1416,1960,1502.46
#145,2800,1960
#145,1874,1960
#145,1206,1960
#145,1113,1960
#145,994,1960
#145,994,1960
145,1496.83,1960,1311
#152,3175,1960
#152,2308,1960
#152,1926,1960
#152,1424,1960
#152,1071,1960
#152,1041,1960
152,1824.17,1960,1507.75
#159,3001,2208
#159,2194,2208
#159,1655,2208
#159,1385,2208
#159,1237,2208
#159,1241,2208
159,1785.5,2208,1269.93
#166,3618,2208
#166,2243,2208
#166,1482,2208
#166,1169,2208
#166,1097,2208
#166,1059,2208
166,1778,2208,1833.22
#174,4068,2208
#174,2508,2208
#174,1653,2208
#174,1436,2208
#174,1295,2208
#174,1231,2208
174,2031.83,2208,2009.23
#182,3734,2208
#182,2499,2208
#182,1772,2208
#182,1388,2208
#182,1288,2208
#182,1229,2208
182,1985,2208,1785.56
#191,3435,2496
#191,2445,2496
#191,2042,2496
#191,1626,2496
#191,1335,2496
#191,1189,2496
191,2012,2496,1527.08
#200,4049,2496
#200,2869,2496
#200,2276,2496
#200,1803,2496
#200,1408,2496
#200,1318,2496
200,2287.17,2496,1895.49
#210,3958,2496
#210,2809,2496
#210,1951,2496
#210,1728,2496
#210,1361,2496
#210,1256,2496
210,2177.17,2496,1886.47
#220,4279,2840
#220,2870,2840
#220,2118,2840
#220,1650,2840
#220,1471,2840
#220,1406,2840
220,2299,2840,2030.34
#231,4236,2840
#231,2883,2840
#231,2016,2840
#231,1680,2840
#231,1402,2840
#231,1284,2840
231,2250.17,2840,2061.84
#242,5168,2840
#242,3805,2840
#242,3129,2840
#242,2558,2840
#242,2096,2840
#242,1769,2840
242,3087.5,2840,2287.2
#254,3955,3232
#254,2926,3232
#254,2272,3232
#254,1981,3232
#254,1846,3232
#254,1821,3232
254,2466.83,3232,1527.96
#266,4471,3232
#266,3204,3232
#266,2439,3232
#266,2206,3232
#266,2056,3232
#266,1700,3232
266,2679.33,3232,1846.58
#279,5419,3232
#279,4309,3232
#279,3056,3232
#279,2236,3232
#279,2016,3232
#279,1818,3232
279,3142.33,3232,2632.58
#292,6213,3232
#292,4810,3232
#292,3306,3232
#292,2647,3232
#292,2310,3232
#292,2153,3232
292,3573.17,3232,2948.46
#306,5907,3688
#306,4760,3688
#306,3880,3688
#306,3063,3688
#306,2712,3688
#306,2219,3688
306,3756.83,3688,2527.55
#321,7217,3688
#321,5989,3688
#321,4826,3688
#321,4049,3688
#321,3648,3688
#321,3076,3688
321,4800.83,3688,2842.48
#337,7066,3688
#337,5787,3688
#337,4452,3688
#337,3920,3688
#337,3364,3688
#337,3012,3688
337,4600.17,3688,2831.24
#353,7728,4224
#353,5787,4224
#353,4987,4224
#353,4346,4224
#353,3696,4224
#353,3231,4224
353,4962.5,4224,2978.88
#370,8120,4224
#370,6477,4224
#370,5394,4224
#370,4794,4224
#370,4358,4224
#370,3568,4224
370,5451.83,4224,2983.45
#388,8550,4224
#388,7051,4224
#388,6006,4224
#388,4617,4224
#388,3974,4224
#388,3480,4224
388,5613,4224,3566.16
#407,7724,4856
#407,6461,4856
#407,5389,4856
#407,4467,4856
#407,3947,4856
#407,3545,4856
407,5255.5,4856,2923.95
#427,7929,4856
#427,6306,4856
#427,5504,4856
#427,4598,4856
#427,4145,4856
#427,4102,4856
427,5430.67,4856,2723.34
#448,9459,4856
#448,7614,4856
#448,6469,4856
#448,5434,4856
#448,5221,4856
#448,4774,4856
448,6495.17,4856,3240.24
#470,10216,4856
#470,7766,4856
#470,6764,4856
#470,13831,4856
#470,6116,4856
#470,4776,4856
470,8244.83,4856,6004.31
#493,9357,5592
#493,8040,5592
#493,6984,5592
#493,5687,5592
#493,5018,5592
#493,4526,5592
493,6602,5592,3411.73
#517,9594,5592
#517,8462,5592
#517,7122,5592
#517,6534,5592
#517,5798,5592
#517,5442,5592
517,7158.67,5592,2923.4
#542,13257,5592
#542,11464,5592
#542,9781,5592
#542,8570,5592
#542,7609,5592
#542,7130,5592
542,9635.17,5592,4320.44
#569,11228,6440
#569,10207,6440
#569,8867,6440
#569,8007,6440
#569,7513,6440
#569,6656,6440
569,8746.33,6440,3135.18
#597,10747,6440
#597,9017,6440
#597,7508,6440
#597,6961,6440
#597,6258,6440
#597,5925,6440
597,7736,6440,3349.02
#626,12316,6440
#626,10572,6440
#626,9065,6440
#626,8510,6440
#626,7813,6440
#626,7570,6440
626,9307.67,6440,3326.39
#657,12479,7432
#657,10834,7432
#657,9452,7432
#657,8654,7432
#657,8053,7432
#657,7682,7432
657,9525.67,7432,3343.35
#689,12724,7432
#689,11149,7432
#689,9807,7432
#689,9268,7432
#689,8161,7432
#689,8001,7432
689,9851.67,7432,3322.58
#723,14668,7432
#723,13146,7432
#723,11594,7432
#723,9950,7432
#723,9746,7432
#723,8997,7432
723,11350.2,7432,4030.19
#759,14267,8600
#759,13429,8600
#759,11266,8600
#759,10286,8600
#759,9751,8600
#759,9000,8600
759,11333.2,8600,3833.87
#796,14799,8600
#796,12764,8600
#796,11808,8600
#796,10871,8600
#796,9749,8600
#796,9681,8600
796,11612,8600,3584.33
#835,16610,8600
#835,15380,8600
#835,13442,8600
#835,12461,8600
#835,11841,8600
#835,11855,8600
835,13598.2,8600,3623.06
#876,17946,8600
#876,16447,8600
#876,14922,8600
#876,14158,8600
#876,13437,8600
#876,12753,8600
876,14943.8,8600,3555.35
#919,16539,9952
#919,14828,9952
#919,13176,9952
#919,12388,9952
#919,11772,9952
#919,11331,9952
919,13339,9952,3640.11
#964,19724,9952
#964,18101,9952
#964,16946,9952
#964,15555,9952
#964,14781,9952
#964,17706,9952
964,17135.5,9952,3269.61
#1012,21906,9952
#1012,20460,9952
#1012,18923,9952
#1012,18061,9952
#1012,17502,9952
#1012,16740,9952
1012,18932,9952,3539.11
#1062,18009,11528
#1062,17216,11528
#1062,15682,11528
#1062,15090,11528
#1062,14507,11528
#1062,14032,11528
1062,15756,11528,2850.59
#1115,22173,11528
#1115,19987,11528
#1115,18967,11528
#1115,18324,11528
#1115,17308,11528
#1115,16536,11528
1115,18882.5,11528,3683.43
#1170,22199,11528
#1170,21345,11528
#1170,19958,11528
#1170,19044,11528
#1170,18475,11528
#1170,18189,11528
1170,19868.3,11528,2950.89
#1228,21621,13376
#1228,20710,13376
#1228,19742,13376
#1228,18591,13376
#1228,18504,13376
#1228,18423,13376
1228,19598.5,13376,2441.49
#1289,23612,13376
#1289,22066,13376
#1289,21062,13376
#1289,20813,13376
#1289,20092,13376
#1289,19526,13376
1289,21195.2,13376,2679.09
#1353,27363,13376
#1353,25827,13376
#1353,24657,13376
#1353,23997,13376
#1353,22993,13376
#1353,22641,13376
1353,24579.7,13376,3258.24
#1420,25229,15528
#1420,24046,15528
#1420,23391,15528
#1420,22510,15528
#1420,21694,15528
#1420,20912,15528
1420,22963.7,15528,2888.25
#1491,26443,15528
#1491,39307,15528
#1491,23264,15528
#1491,23663,15528
#1491,22726,15528
#1491,21370,15528
1491,26128.8,15528,12173.1
#1565,29489,15528
#1565,27769,15528
#1565,27098,15528
#1565,26527,15528
#1565,25889,15528
#1565,25512,15528
1565,27047.3,15528,2640.06
#1643,26349,18040
#1643,25892,18040
#1643,24449,18040
#1643,24127,18040
#1643,23072,18040
#1643,22597,18040
1643,24414.3,18040,2722.1
#1725,30161,18040
#1725,28393,18040
#1725,26970,18040
#1725,26242,18040
#1725,26123,18040
#1725,26376,18040
1725,27377.5,18040,2922.48
#1811,34250,18040
#1811,33051,18040
#1811,32185,18040
#1811,30798,18040
#1811,29990,18040
#1811,29694,18040
1811,31661.3,18040,3298.05
#1901,35687,18040
#1901,34883,18040
#1901,34039,18040
#1901,33257,18040
#1901,33007,18040
#1901,31790,18040
1901,33777.2,18040,2549.7
#1996,33035,20968
#1996,32354,20968
#1996,31945,20968
#1996,31456,20968
#1996,30540,20968
#1996,30180,20968
1996,31585,20968,1984.3
#2095,36729,20968
#2095,36522,20968
#2095,35018,20968
#2095,33390,20968
#2095,32995,20968
#2095,33679,20968
2095,34722.2,20968,2966.51
#2199,42150,20968
#2199,41585,20968
#2199,40203,20968
#2199,52843,20968
#2199,37027,20968
#2199,38273,20968
2199,42013.5,20968,10315.5
#2308,36645,24384
#2308,36534,24384
#2308,35469,24384
#2308,35253,24384
#2308,33702,24384
#2308,34443,24384
2308,35341,24384,2104.05
#2423,41918,24384
#2423,41206,24384
#2423,40205,24384
#2423,38782,24384
#2423,38227,24384
#2423,38632,24384
2423,39828.3,24384,2768.49
#2544,46398,24384
#2544,45222,24384
#2544,44228,24384
#2544,44674,24384
#2544,43467,24384
#2544,43840,24384
2544,44638.2,24384,1934.96
#2671,44876,28376
#2671,43124,28376
#2671,42576,28376
#2671,41956,28376
#2671,41193,28376
#2671,41253,28376
2671,42496.3,28376,2529.77
#2804,45608,28376
#2804,44215,28376
#2804,43534,28376
#2804,42789,28376
#2804,42988,28376
#2804,41986,28376
2804,43520,28376,2311.35
#2944,51599,28376
#2944,51099,28376
#2944,64196,28376
#2944,49417,28376
#2944,49249,28376
#2944,48495,28376
2944,52342.5,28376,10817.8
#3091,46204,33024
#3091,44619,33024
#3091,44942,33024
#3091,44539,33024
#3091,43729,33024
#3091,43683,33024
3091,44619.3,33024,1691.38
#3245,51101,33024
#3245,51947,33024
#3245,51007,33024
#3245,50281,33024
#3245,50375,33024
#3245,63348,33024
3245,53009.8,33024,9311.33
#3407,54951,33024
#3407,54138,33024
#3407,53313,33024
#3407,53094,33024
#3407,53260,33024
#3407,52571,33024
3407,53554.5,33024,1552.43
#3577,53741,38456
#3577,53631,38456
#3577,53744,38456
#3577,52404,38456
#3577,52439,38456
#3577,52031,38456
3577,52998.3,38456,1439.83
#3755,60738,38456
#3755,73122,38456
#3755,57842,38456
#3755,56594,38456
#3755,56692,38456
#3755,56774,38456
3755,60293.7,38456,11827.1
#3942,63833,38456
#3942,66976,38456
#3942,65264,38456
#3942,61452,38456
#3942,61139,38456
#3942,60955,38456
3942,63269.8,38456,4563.11
#4139,67087,38456
#4139,67171,38456
#4139,67201,38456
#4139,66650,38456
#4139,66562,38456
#4139,66296,38456
4139,66827.8,38456,687.664
#4345,65661,44792
#4345,64947,44792
#4345,64347,44792
#4345,63881,44792
#4345,63854,44792
#4345,64509,44792
4345,64533.2,44792,1255.68
#4562,72843,44792
#4562,71760,44792
#4562,72001,44792
#4562,70917,44792
#4562,83324,44792
#4562,73539,44792
4562,74064,44792,8445.2
#4790,90598,44792
#4790,74529,44792
#4790,74309,44792
#4790,74392,44792
#4790,73709,44792
#4790,74288,44792
4790,76970.8,44792,12199.3
#5029,72603,52184
#5029,72608,52184
#5029,71394,52184
#5029,71651,52184
#5029,71720,52184
#5029,70600,52184
5029,71762.7,52184,1395.89
#5280,75997,52184
#5280,76294,52184
#5280,75082,52184
#5280,90472,52184
#5280,78697,52184
#5280,78159,52184
5280,79116.8,52184,10456.7
#5544,79441,52184
#5544,80404,52184
#5544,79284,52184
#5544,79073,52184
#5544,78863,52184
#5544,78667,52184
5544,79288.7,52184,1119.93
#5821,73524,60800
#5821,74066,60800
#5821,88334,60800
#5821,74556,60800
#5821,74086,60800
#5821,74428,60800
5821,76499,60800,10605.8
#6112,79607,60800
#6112,79967,60800
#6112,79143,60800
#6112,79560,60800
#6112,79039,60800
#6112,79017,60800
6112,79388.8,60800,698.689
#6417,89581,60800
#6417,89843,60800
#6417,100717,60800
#6417,85963,60800
#6417,86918,60800
#6417,86819,60800
6417,89973.5,60800,10032.1
#6737,86053,70856
#6737,86173,70856
#6737,85061,70856
#6737,84539,70856
#6737,84792,70856
#6737,85029,70856
6737,85274.5,70856,1236.39
#7073,93424,70856
#7073,93371,70856
#7073,96960,70856
#7073,92576,70856
#7073,93007,70856
#7073,93365,70856
7073,93783.8,70856,2901.23
#7426,104228,70856
#7426,102811,70856
#7426,102433,70856
#7426,102767,70856
#7426,102799,70856
#7426,101074,70856
7426,102685,70856,1839.43
#7797,96367,82592
#7797,96536,82592
#7797,96994,82592
#7797,96268,82592
#7797,96241,82592
#7797,95336,82592
7797,96290.3,82592,991.652
#8186,107918,82592
#8186,108111,82592
#8186,106914,82592
#8186,107612,82592
#8186,106531,82592
#8186,106919,82592
8186,107334,82592,1159.17
#8595,116939,82592
#8595,117849,82592
#8595,118897,82592
#8595,118000,82592
#8595,117946,82592
#8595,119365,82592
8595,118166,82592,1560.76
#9024,108811,96280
#9024,109571,96280
#9024,109187,96280
#9024,109138,96280
#9024,109226,96280
#9024,108578,96280
9024,109085,96280,633.201
#9475,125499,96280
#9475,124570,96280
#9475,122529,96280
#9475,123730,96280
#9475,122769,96280
#9475,123648,96280
9475,123791,96280,2030.67
#9948,134385,96280
#9948,133942,96280
#9948,133600,96280
#9948,135244,96280
#9948,134756,96280
#9948,141058,96280
9948,135498,96280,5085.34
#10445,154307,96280
#10445,155458,96280
#10445,154367,96280
#10445,152994,96280
#10445,155837,96280
#10445,156981,96280
10445,154991,96280,2548.09
#10967,145812,112248
#10967,144011,112248
#10967,145219,112248
#10967,146051,112248
#10967,145108,112248
#10967,144325,112248
10967,145088,112248,1463.15
#11515,160992,112248
#11515,161384,112248
#11515,161207,112248
#11515,161605,112248
#11515,161437,112248
#11515,167742,112248
11515,162394,112248,4798.2
#12090,176408,112248
#12090,177071,112248
#12090,176343,112248
#12090,177060,112248
#12090,176773,112248
#12090,177253,112248
12090,176818,112248,686.803
#12694,158429,130880
#12694,159416,130880
#12694,159044,130880
#12694,159153,130880
#12694,159971,130880
#12694,158346,130880
12694,159060,130880,1117.59
#13328,175281,130880
#13328,177054,130880
#13328,176156,130880
#13328,176833,130880
#13328,178293,130880
#13328,177430,130880
13328,176841,130880,1897.98
#13994,201104,130880
#13994,203424,130880
#13994,202164,130880
#13994,205312,130880
#13994,198671,130880
#13994,200025,130880
13994,201783,130880,4361.04
#14693,191073,152616
#14693,191204,152616
#14693,191139,152616
#14693,191272,152616
#14693,191359,152616
#14693,194440,152616
14693,191748,152616,2414.84
#15427,208633,152616
#15427,210400,152616
#15427,208243,152616
#15427,208750,152616
#15427,210287,152616
#15427,209994,152616
15427,209384,152616,1729.66
#16198,233578,152616
#16198,235299,152616
#16198,235579,152616
#16198,233803,152616
#16198,234299,152616
#16198,234192,152616
16198,234458,152616,1474.99
#17007,214733,177976
#17007,216714,177976
#17007,215667,177976
#17007,217703,177976
#17007,216753,177976
#17007,214898,177976
17007,216078,177976,2140.26
#17857,238059,177976
#17857,239200,177976
#17857,239133,177976
#17857,239303,177976
#17857,238577,177976
#17857,240288,177976
17857,239093,177976,1371.27
#18749,265647,177976
#18749,267566,177976
#18749,269256,177976
#18749,271119,177976
#18749,267423,177976
#18749,268391,177976
18749,268234,177976,3385.15
#19686,248726,207560
#19686,249178,207560
#19686,247605,207560
#19686,248759,207560
#19686,248181,207560
#19686,246969,207560
19686,248236,207560,1507.2
#20670,276934,207560
#20670,278768,207560
#20670,279565,207560
#20670,280257,207560
#20670,280375,207560
#20670,279425,207560
20670,279221,207560,2309.48
#21703,311225,207560
#21703,312679,207560
#21703,308728,207560
#21703,313032,207560
#21703,312978,207560
#21703,312882,207560
21703,311921,207560,3112.27
#22788,294932,242080
#22788,298643,242080
#22788,295476,242080
#22788,296283,242080
#22788,294759,242080
#22788,296744,242080
22788,296140,242080,2640.4
#23927,327512,242080
#23927,328301,242080
#23927,329164,242080
#23927,327526,242080
#23927,329994,242080
#23927,332271,242080
23927,329128,242080,3315.77
#25123,364464,242080
#25123,364310,242080
#25123,370973,242080
#25123,352716,242080
#25123,374666,242080
#25123,365907,242080
25123,365506,242080,13663.9
#26379,407077,242080
#26379,414547,242080
#26379,398324,242080
#26379,414423,242080
#26379,406873,242080
#26379,407530,242080
26379,408129,242080,10954
#27697,386888,282344
#27697,388774,282344
#27697,390633,282344
#27697,390703,282344
#27697,391290,282344
#27697,391803,282344
27697,390015,282344,3366.11
#29081,425222,282344
#29081,469841,282344
#29081,413872,282344
#29081,438895,282344
#29081,432972,282344
#29081,433865,282344
29081,435778,282344,34378.7
#30535,473948,282344
#30535,477817,282344
#30535,479464,282344
#30535,461071,282344
#30535,479857,282344
#30535,467107,282344
30535,473211,282344,13896.4
#32061,438652,329320
#32061,438668,329320
#32061,441513,329320
#32061,441480,329320
#32061,440709,329320
#32061,443519,329320
32061,440757,329320,3417.62
#33664,492490,329320
#33664,498671,329320
#33664,496751,329320
#33664,494721,329320
#33664,495315,329320
#33664,497374,329320
33664,495887,329320,3994.55
#35347,563142,329320
#35347,557540,329320
#35347,560803,329320
#35347,556885,329320
#35347,562769,329320
#35347,562888,329320
35347,560671,329320,5136.6
#37114,527782,384128
#37114,531573,384128
#37114,517610,384128
#37114,541600,384128
#37114,526753,384128
#37114,531923,384128
37114,529540,384128,14339.6
#38969,579849,384128
#38969,577032,384128
#38969,598118,384128
#38969,579155,384128
#38969,580578,384128
#38969,580128,384128
38969,582477,384128,14174
#40917,654046,384128
#40917,647955,384128
#40917,650048,384128
#40917,651435,384128
#40917,649236,384128
#40917,648455,384128
40917,650196,384128,4111.31
#42962,605317,448072
#42962,606703,448072
#42962,607225,448072
#42962,609845,448072
#42962,606247,448072
#42962,609756,448072
42962,607516,448072,3428.65
#45110,682876,448072
#45110,662321,448072
#45110,689459,448072
#45110,676030,448072
#45110,699633,448072
#45110,663830,448072
45110,679025,448072,26674.2
#47365,762143,448072
#47365,729167,448072
#47365,733774,448072
#47365,728857,448072
#47365,731899,448072
#47365,731001,448072
47365,736140,448072,23492
#49733,706173,522680
#49733,710303,522680
#49733,707582,522680
#49733,708948,522680
#49733,718127,522680
#49733,695902,522680
49733,707839,522680,13127
#52219,790689,522680
#52219,783880,522680
#52219,783041,522680
#52219,787187,522680
#52219,823738,522680
#52219,805607,522680
52219,795690,522680,29232.6
#54829,870409,522680
#54829,871300,522680
#54829,874112,522680
#54829,874800,522680
#54829,874667,522680
#54829,875927,522680
54829,873536,522680,3975.2
#57570,812247,609720
#57570,817255,609720
#57570,810225,609720
#57570,820945,609720
#57570,811536,609720
#57570,813823,609720
57570,814338,609720,7374.14
#60448,903866,609720
#60448,900498,609720
#60448,896389,609720
#60448,902709,609720
#60448,899034,609720
#60448,902590,609720
60448,900848,609720,5092.61
#63470,1016441,609720
#63470,1010247,609720
#63470,1013030,609720
#63470,1027426,609720
#63470,1027740,609720
#63470,1025854,609720
63470,1.02012e+06,609720,14273.5
#66643,948423,711264
#66643,980499,711264
#66643,972630,711264
#66643,969560,711264
#66643,934326,711264
#66643,973089,711264
66643,963088,711264,32438.8
#69975,1096215,711264
#69975,1108197,711264
#69975,1129557,711264
#69975,1127463,711264
#69975,1129279,711264
#69975,1080892,711264
69975,1.11193e+06,711264,37213.1
#73473,1339604,711264
#73473,1338077,711264
#73473,1380851,711264
#73473,1328987,711264
#73473,1287898,711264
#73473,1313044,711264
73473,1.33141e+06,711264,56524.2
#77146,1396185,711264
#77146,1423771,711264
#77146,1399246,711264
#77146,1458347,711264
#77146,1489127,711264
#77146,1465924,711264
77146,1.43877e+06,711264,69555.9
#81003,1442405,829728
#81003,1444031,829728
#81003,1455644,829728
#81003,1431911,829728
#81003,1419576,829728
#81003,1403576,829728
81003,1.43286e+06,829728,34350.4
#85053,1597845,829728
#85053,1642234,829728
#85053,1603629,829728
#85053,1610149,829728
#85053,1608972,829728
#85053,1609396,829728
85053,1.61204e+06,829728,28330.2
#89305,1527244,829728
#89305,1524231,829728
#89305,1522721,829728
#89305,1519938,829728
#89305,1516082,829728
#89305,1525883,829728
89305,1.52268e+06,829728,7507.72
#93770,1373690,967936
#93770,1387962,967936
#93770,1388914,967936
#93770,1384322,967936
#93770,1372259,967936
#93770,1371730,967936
93770,1.37981e+06,967936,14820.1
#98458,1531550,967936
#98458,1524531,967936
#98458,1531923,967936
#98458,1524666,967936
#98458,1532342,967936
#98458,1543152,967936
98458,1.53136e+06,967936,12431.5
#103380,1733767,967936
#103380,1728316,967936
#103380,1707744,967936
#103380,1746778,967936
#103380,1754951,967936
#103380,1708659,967936
103380,1.73004e+06,967936,35325.5
#108549,1599727,1129184
#108549,1592524,1129184
#108549,1609628,1129184
#108549,1637224,1129184
#108549,1605277,1129184
#108549,1581163,1129184
108549,1.60426e+06,1129184,34720.1
#113976,1786938,1129184
#113976,1793625,1129184
#113976,1783471,1129184
#113976,1799211,1129184
#113976,1770129,1129184
#113976,1777870,1129184
113976,1.78521e+06,1129184,19220.9
#119674,1979836,1129184
#119674,1978369,1129184
#119674,1974848,1129184
#119674,1976667,1129184
#119674,1990961,1129184
#119674,1991748,1129184
119674,1.98207e+06,1129184,13484.6
#125657,1818782,1317304
#125657,1849812,1317304
#125657,1858356,1317304
#125657,1864113,1317304
#125657,1853041,1317304
#125657,1854144,1317304
125657,1.84971e+06,1317304,29091.9
#131939,2100002,1317304
#131939,2112058,1317304
#131939,2086651,1317304
#131939,2036671,1317304
#131939,2040591,1317304
#131939,2066456,1317304
131939,2.07374e+06,1317304,56866.4
#138535,2357058,1317304
#138535,2354779,1317304
#138535,2301173,1317304
#138535,2339224,1317304
#138535,2335219,1317304
#138535,2358462,1317304
138535,2.34099e+06,1317304,39794.5
#145461,2128199,1536776
#145461,2085879,1536776
#145461,2088563,1536776
#145461,2079943,1536776
#145461,2080608,1536776
#145461,2071771,1536776
145461,2.08916e+06,1536776,36474.9
#152734,2361377,1536776
#152734,2365508,1536776
#152734,2368430,1536776
#152734,2365807,1536776
#152734,2372610,1536776
#152734,2353518,1536776
152734,2.36454e+06,1536776,11952.4
#160370,2628744,1536776
#160370,2627054,1536776
#160370,2627419,1536776
#160370,2645892,1536776
#160370,2625944,1536776
#160370,2612959,1536776
160370,2.628e+06,1536776,19189.7
#168388,2409737,1792832
#168388,2395062,1792832
#168388,2402004,1792832
#168388,2410086,1792832
#168388,2390722,1792832
#168388,2385977,1792832
168388,2.39893e+06,1792832,18272.2
#176807,2756928,1792832
#176807,2769792,1792832
#176807,2762853,1792832
#176807,2694415,1792832
#176807,2686717,1792832
#176807,2700999,1792832
176807,2.72862e+06,1792832,70034
#185647,3015480,1792832
#185647,3017941,1792832
#185647,2996217,1792832
#185647,3003197,1792832
#185647,3009872,1792832
#185647,3103468,1792832
185647,3.02436e+06,1792832,72240
#194929,3489927,1792832
#194929,3446665,1792832
#194929,3523337,1792832
#194929,3440844,1792832
#194929,3428001,1792832
#194929,3477655,1792832
194929,3.46774e+06,1792832,65464.2
#204675,3070786,2091560
#204675,3083383,2091560
#204675,3079355,2091560
#204675,3073854,2091560
#204675,3078219,2091560
#204675,3063399,2091560
204675,3.07483e+06,2091560,12989.5
#214908,3463472,2091560
#214908,3490007,2091560
#214908,3435966,2091560
#214908,3823540,2091560
#214908,3523040,2091560
#214908,3526566,2091560
214908,3.54377e+06,2091560,258143
#225653,3946145,2091560
#225653,3879290,2091560
#225653,3852982,2091560
#225653,3982949,2091560
#225653,3892663,2091560
#225653,3924853,2091560
225653,3.91315e+06,2091560,86733.1
#236935,3588864,2440072
#236935,3589903,2440072
#236935,3553558,2440072
#236935,3562184,2440072
#236935,3576758,2440072
#236935,3562496,2440072
236935,3.57229e+06,2440072,27734.7
#248781,4015590,2440072
#248781,3986710,2440072
#248781,4001648,2440072
#248781,3998023,2440072
#248781,3999585,2440072
#248781,4020562,2440072
248781,4.00369e+06,2440072,22623.4
#261220,4517465,2440072
#261220,4549502,2440072
#261220,4479866,2440072
#261220,4514424,2440072
#261220,4501849,2440072
#261220,4442383,2440072
261220,4.50091e+06,2440072,66768.4
#274281,4130054,2846680
#274281,4114225,2846680
#274281,4077552,2846680
#274281,4061928,2846680
#274281,4051870,2846680
#274281,4071480,2846680
274281,4.08452e+06,2846680,56277.6
#287995,4593886,2846680
#287995,4596135,2846680
#287995,4558205,2846680
#287995,4561647,2846680
#287995,4549568,2846680
#287995,4559353,2846680
287995,4.5698e+06,2846680,36451.4
#302394,5183015,2846680
#302394,5225045,2846680
#302394,5129336,2846680
#302394,5151305,2846680
#302394,5321049,2846680
#302394,5279881,2846680
302394,5.21494e+06,2846680,136566
#317513,4736824,3321048
#317513,4707601,3321048
#317513,4680145,3321048
#317513,4700692,3321048
#317513,4683855,3321048
#317513,4685579,3321048
317513,4.69912e+06,3321048,38922.3
#333388,5384361,3321048
#333388,5252803,3321048
#333388,5814837,3321048
#333388,5441920,3321048
#333388,5280392,3321048
#333388,5323794,3321048
333388,5.41635e+06,3321048,377949
#350057,5898362,3321048
#350057,5873510,3321048
#350057,5907913,3321048
#350057,5857629,3321048
#350057,5944980,3321048
#350057,6005893,3321048
350057,5.91471e+06,3321048,98318.4
#367559,5694912,3874472
#367559,5564927,3874472
#367559,5579554,3874472
#367559,5478617,3874472
#367559,5589684,3874472
#367559,5549058,3874472
367559,5.57613e+06,3874472,128249
#385936,6065757,3874472
#385936,6042518,3874472
#385936,6024021,3874472
#385936,6044917,3874472
#385936,6001770,3874472
#385936,6010174,3874472
385936,6.03153e+06,3874472,43738.3
#405232,6800869,3874472
#405232,6791050,3874472
#405232,6781008,3874472
#405232,6765985,3874472
#405232,6765934,3874472
#405232,6759230,3874472
405232,6.77735e+06,3874472,29911.4
#425493,6501517,4520136
#425493,6327006,4520136
#425493,6340207,4520136
#425493,6309446,4520136
#425493,6313830,4520136
#425493,6321943,4520136
425493,6.35232e+06,4520136,134882
#446767,7072288,4520136
#446767,7051260,4520136
#446767,7039035,4520136
#446767,7040064,4520136
#446767,7098308,4520136
#446767,7047074,4520136
446767,7.058e+06,4520136,42230
#469105,7998352,4520136
#469105,7938445,4520136
#469105,7870644,4520136
#469105,7903965,4520136
#469105,7945876,4520136
#469105,7995693,4520136
469105,7.94216e+06,4520136,91740
#492560,8972478,4520136
#492560,9114876,4520136
#492560,8977238,4520136
#492560,8992987,4520136
#492560,8867014,4520136
#492560,9009205,4520136
492560,8.98897e+06,4520136,145054
#517188,8122731,5273416
#517188,8151386,5273416
#517188,8384692,5273416
#517188,8250986,5273416
#517188,8101811,5273416
#517188,8080732,5273416
517188,8.18206e+06,5273416,211311
#543047,10826897,5273416
#543047,9182116,5273416
#543047,9180064,5273416
#543047,9087363,5273416
#543047,9098783,5273416
#543047,9113092,5273416
543047,9.41472e+06,5273416,1.26527e+06
#570199,10164937,5273416
#570199,10257162,5273416
#570199,10337394,5273416
#570199,10190917,5273416
#570199,10205697,5273416
#570199,10340751,5273416
570199,1.02495e+07,5273416,138112
#598708,10406946,6152248
#598708,10301427,6152248
#598708,10222943,6152248
#598708,10329548,6152248
#598708,10207494,6152248
#598708,10353635,6152248
598708,1.03037e+07,6152248,140484
#628643,12216521,6152248
#628643,11330942,6152248
#628643,11615793,6152248
#628643,11979055,6152248
#628643,11543769,6152248
#628643,11549809,6152248
628643,1.1706e+07,6152248,597054
#660075,13425357,6152248
#660075,12965766,6152248
#660075,12995460,6152248
#660075,13426385,6152248
#660075,13685524,6152248
#660075,13718296,6152248
660075,1.33695e+07,6152248,594863
#693078,12689268,7177544
#693078,13208204,7177544
#693078,13471111,7177544
#693078,13369020,7177544
#693078,14040109,7177544
#693078,13594053,7177544
693078,1.33953e+07,7177544,814537
#727731,15037531,7177544
#727731,15277197,7177544
#727731,14944712,7177544
#727731,14855632,7177544
#727731,14973436,7177544
#727731,14857114,7177544
727731,1.49909e+07,7177544,286094
#764117,16606042,7177544
#764117,17010708,7177544
#764117,16741741,7177544
#764117,17051864,7177544
#764117,17271471,7177544
#764117,16982134,7177544
764117,1.6944e+07,7177544,431973
#802322,16947676,8373728
#802322,17876600,8373728
#802322,19225281,8373728
#802322,20263189,8373728
#802322,19820582,8373728
#802322,19844697,8373728
802322,1.89963e+07,8373728,2.38149e+06
#842438,18942121,8373728
#842438,19201308,8373728
#842438,21087419,8373728
#842438,21350052,8373728
#842438,21892637,8373728
#842438,22989308,8373728
842438,2.09105e+07,8373728,2.86431e+06
#884559,21198355,8373728
#884559,22224293,8373728
#884559,23371239,8373728
#884559,24463527,8373728
#884559,24707850,8373728
#884559,24387027,8373728
884559,2.3392e+07,8373728,2.58789e+06
#928786,20833876,9769272
#928786,22135286,9769272
#928786,25856281,9769272
#928786,26465782,9769272
#928786,27389454,9769272
#928786,27578894,9769272
928786,2.50433e+07,9769272,5.21497e+06
#975225,22695053,9769272
#975225,23971369,9769272
#975225,26490122,9769272
#975225,29997659,9769272
#975225,29760195,9769272
#975225,30283777,9769272
975225,2.71997e+07,9769272,6.06156e+06
#1023986,26455720,9769272
#1023986,29953269,9769272
#1023986,31551153,9769272
#1023986,33877151,9769272
#1023986,34522547,9769272
#1023986,35055137,9769272
1023986,3.19025e+07,9769272,6.01628e+06
#1075185,26587017,11397408
#1075185,29378192,11397408
#1075185,30343854,11397408
#1075185,30506605,11397408
#1075185,31096971,11397408
#1075185,35248263,11397408
1075185,3.05268e+07,11397408,5.13111e+06
#1128944,31053966,11397408
#1128944,33382306,11397408
#1128944,34009487,11397408
#1128944,33850216,11397408
#1128944,33839742,11397408
#1128944,33121442,11397408
1128944,3.32095e+07,11397408,2.02182e+06
#1185391,35105514,11397408
#1185391,38716758,11397408
#1185391,39478655,11397408
#1185391,39068252,11397408
#1185391,39498825,11397408
#1185391,39482263,11397408
1185391,3.85584e+07,11397408,3.1403e+06
#1244660,43727752,11397408
#1244660,48334517,11397408
#1244660,50149032,11397408
#1244660,49165496,11397408
#1244660,49099873,11397408
#1244660,48206115,11397408
1244660,4.81138e+07,11397408,4.12434e+06
#1306893,38693119,13296896
#1306893,42673952,13296896
#1306893,43262718,13296896
#1306893,43511212,13296896
#1306893,43741856,13296896
#1306893,44093220,13296896
1306893,4.26627e+07,13296896,3.65592e+06
#1372237,47447055,13296896
#1372237,50244013,13296896
#1372237,49697594,13296896
#1372237,49735933,13296896
#1372237,49898819,13296896
#1372237,50031525,13296896
1372237,4.95092e+07,13296896,1.88041e+06
#1440848,57695256,13296896
#1440848,60622328,13296896
#1440848,60645902,13296896
#1440848,60512696,13296896
#1440848,60968167,13296896
#1440848,62942964,13296896
1440848,6.05646e+07,13296896,3.06216e+06
#1512890,48623086,15512968
#1512890,52932089,15512968
#1512890,53556135,15512968
#1512890,53441856,15512968
#1512890,53601133,15512968
#1512890,53643248,15512968
1512890,5.26329e+07,15512968,3.61784e+06
#1588534,56811331,15512968
#1588534,60650462,15512968
#1588534,63792403,15512968
#1588534,64085021,15512968
#1588534,62096446,15512968
#1588534,61729838,15512968
1588534,6.15276e+07,15512968,4.83369e+06
#1667960,70186317,15512968
#1667960,73170789,15512968
#1667960,73227541,15512968
#1667960,73265431,15512968
#1667960,73506872,15512968
#1667960,73728504,15512968
1667960,7.28476e+07,15512968,2.41059e+06
#1751358,62635291,18098392
#1751358,65423713,18098392
#1751358,65228139,18098392
#1751358,65335989,18098392
#1751358,64902621,18098392
#1751358,65140386,18098392
1751358,6.47777e+07,18098392,1.94405e+06
#1838925,69695838,18098392
#1838925,73272597,18098392
#1838925,73504940,18098392
#1838925,73352527,18098392
#1838925,73915090,18098392
#1838925,74497640,18098392
1838925,7.30398e+07,18098392,3.10289e+06
#1930871,87420300,18098392
#1930871,88715477,18098392
#1930871,88753363,18098392
#1930871,88672724,18098392
#1930871,88717482,18098392
#1930871,89087765,18098392
1930871,8.85612e+07,18098392,1.0572e+06
#2027414,74056408,21114712
#2027414,77343779,21114712
#2027414,78634729,21114712
#2027414,78463114,21114712
#2027414,78416803,21114712
#2027414,78823465,21114712
2027414,7.7623e+07,21114712,3.32658e+06
#2128784,88999679,21114712
#2128784,93752081,21114712
#2128784,88889347,21114712
#2128784,88548574,21114712
#2128784,88547411,21114712
#2128784,88880727,21114712
2128784,8.9603e+07,21114712,3.72701e+06
#2235223,110119186,21114712
#2235223,106341559,21114712
#2235223,104966451,21114712
#2235223,106848775,21114712
#2235223,107222923,21114712
#2235223,105459778,21114712
2235223,1.06826e+08,21114712,3.32288e+06
#2346984,86293983,24633752
#2346984,92020978,24633752
#2346984,91947618,24633752
#2346984,92126655,24633752
#2346984,92354881,24633752
#2346984,93666442,24633752
2346984,9.14018e+07,24633752,4.71406e+06
#2464333,100665657,24633752
#2464333,105127665,24633752
#2464333,104921196,24633752
#2464333,104923909,24633752
#2464333,106747395,24633752
#2464333,106849413,24633752
2464333,1.04873e+08,24633752,4.09805e+06
#2587549,120348167,24633752
#2587549,123000039,24633752
#2587549,122496869,24633752
#2587549,124070662,24633752
#2587549,128379932,24633752
#2587549,130830442,24633752
2587549,1.24854e+08,24633752,7.21385e+06
#2716926,102368888,28739296
#2716926,111769706,28739296
#2716926,109477091,28739296
#2716926,109747656,28739296
#2716926,109660751,28739296
#2716926,109539502,28739296
2716926,1.08761e+08,28739296,5.93371e+06
#2852772,119948863,28739296
#2852772,123192592,28739296
#2852772,123593995,28739296
#2852772,123215369,28739296
#2852772,123533848,28739296
#2852772,123351926,28739296
2852772,1.22806e+08,28739296,2.57281e+06
#2995410,140400548,28739296
#2995410,128196802,28739296
#2995410,146938877,28739296
#2995410,146868005,28739296
#2995410,143242120,28739296
#2995410,141542402,28739296
2995410,1.41198e+08,28739296,1.26246e+07
#3145180,120465321,33529096
#3145180,131130705,33529096
#3145180,134393553,33529096
#3145180,132159817,33529096
#3145180,132788868,33529096
#3145180,132299180,33529096
3145180,1.3054e+08,33529096,9.2186e+06
#3302439,141623153,33529096
#3302439,144013922,33529096
#3302439,147066020,33529096
#3302439,147719630,33529096
#3302439,148100833,33529096
#3302439,147805611,33529096
3302439,1.46055e+08,33529096,4.82013e+06
#3467560,168523140,33529096
#3467560,172506253,33529096
#3467560,169928482,33529096
#3467560,169543174,33529096
#3467560,169828559,33529096
#3467560,170000290,33529096
3467560,1.70055e+08,33529096,2.40659e+06
#3640938,208791922,33529096
#3640938,213640946,33529096
#3640938,212573027,33529096
#3640938,213685298,33529096
#3640938,212862984,33529096
#3640938,264677949,33529096
3640938,2.21039e+08,33529096,3.91721e+07
#3822984,166976186,39117208
#3822984,176888049,39117208
#3822984,166877331,39117208
#3822984,172813251,39117208
#3822984,175070321,39117208
#3822984,174151678,39117208
3822984,1.72129e+08,39117208,7.74557e+06
#4014133,193074697,39117208
#4014133,195285902,39117208
#4014133,194751039,39117208
#4014133,195303058,39117208
#4014133,196962609,39117208
#4014133,195920952,39117208
4014133,1.95216e+08,39117208,2.36099e+06
#4214839,240491780,39117208
#4214839,244280271,39117208
#4214839,242626634,39117208
#4214839,241072110,39117208
#4214839,243180614,39117208
#4214839,234770103,39117208
4214839,2.4107e+08,39117208,6.17558e+06
#4425580,192620531,45636664
#4425580,198737831,45636664
#4425580,198279261,45636664
#4425580,201028354,45636664
#4425580,198863969,45636664
#4425580,197969499,45636664
4425580,1.97917e+08,45636664,5.12755e+06
#4646859,228114692,45636664
#4646859,227228966,45636664
#4646859,225562127,45636664
#4646859,226792879,45636664
#4646859,226463121,45636664
#4646859,228158743,45636664
4646859,2.27053e+08,45636664,1.82923e+06
#4879201,275820089,45636664
#4879201,278789264,45636664
#4879201,277254853,45636664
#4879201,277498223,45636664
#4879201,277345330,45636664
#4879201,281328728,45636664
4879201,2.78006e+08,45636664,3.43422e+06
#5123161,227362891,53242696
#5123161,235523292,53242696
#5123161,231211383,53242696
#5123161,234421582,53242696
#5123161,233274515,53242696
#5123161,234365029,53242696
5123161,2.32693e+08,53242696,5.46124e+06
#5379319,265116595,53242696
#5379319,266940712,53242696
#5379319,262590933,53242696
#5379319,261907677,53242696
#5379319,264866758,53242696
#5379319,262485968,53242696
5379319,2.63985e+08,53242696,3.58702e+06
#5648284,313452555,53242696
#5648284,315800525,53242696
#5648284,315580500,53242696
#5648284,313595276,53242696
#5648284,315598905,53242696
#5648284,317255815,53242696
5648284,3.15214e+08,53242696,2.64807e+06
#5930698,265773656,62116408
#5930698,271482425,62116408
#5930698,273019797,62116408
#5930698,270431761,62116408
#5930698,271857782,62116408
#5930698,271343931,62116408
5930698,2.70652e+08,62116408,4.62425e+06
#6227232,306914448,62116408
#6227232,305246917,62116408
#6227232,306140714,62116408
#6227232,307535574,62116408
#6227232,306597465,62116408
#6227232,305893253,62116408
6227232,3.06388e+08,62116408,1.47104e+06
#6538593,363623271,62116408
#6538593,364816127,62116408
#6538593,358598216,62116408
#6538593,361693750,62116408
#6538593,360835846,62116408
#6538593,360109864,62116408
6538593,3.61613e+08,62116408,4.1841e+06
#6865522,306474668,72469064
#6865522,302828121,72469064
#6865522,314472995,72469064
#6865522,315273245,72469064
#6865522,314068452,72469064
#6865522,314343063,72469064
6865522,3.11243e+08,72469064,9.58528e+06
#7208798,353593773,72469064
#7208798,353956526,72469064
#7208798,354812029,72469064
#7208798,352936731,72469064
#7208798,353225748,72469064
#7208798,353776901,72469064
7208798,3.53717e+08,72469064,1.19035e+06
#7569237,411956977,72469064
#7569237,410174906,72469064
#7569237,409371348,72469064
#7569237,409015346,72469064
#7569237,407877246,72469064
#7569237,410932358,72469064
7569237,4.09888e+08,72469064,2.64893e+06
#7947698,354944688,84547168
#7947698,364107662,84547168
#7947698,363115118,84547168
#7947698,362727233,84547168
#7947698,365957708,84547168
#7947698,363801360,84547168
7947698,3.62442e+08,84547168,7.01078e+06
#8345082,406641367,84547168
#8345082,406664903,84547168
#8345082,507395818,84547168
#8345082,436996821,84547168
#8345082,459258834,84547168
#8345082,423536566,84547168
8345082,4.40082e+08,84547168,7.0319e+07
#8762336,459658298,84547168
#8762336,470082845,84547168
#8762336,473082847,84547168
#8762336,476770917,84547168
#8762336,471750853,84547168
#8762336,473767883,84547168
8762336,4.70852e+08,84547168,1.08077e+07
#9200452,598399033,84547168
#9200452,604800195,84547168
#9200452,595831999,84547168
#9200452,605278640,84547168
#9200452,602494595,84547168
#9200452,600390587,84547168
9200452,6.01199e+08,84547168,6.76208e+06
#9660474,470986049,98638280
#9660474,470204221,98638280
#9660474,470636541,98638280
#9660474,471422864,98638280
#9660474,470443072,98638280
#9660474,473747746,98638280
9660474,4.7124e+08,98638280,2.3747e+06
