#1,236,256
#1,62,256
#1,25,256
#1,28,256
#1,27,256
1,75.6,256,162.73
#2,37,256
#2,30,256
#2,29,256
#2,29,256
#2,29,256
2,30.8,256,6.2482
#3,44,256
#3,36,256
#3,30,256
#3,32,256
#3,31,256
3,34.6,256,10.245
#4,39,256
#4,38,256
#4,33,256
#4,36,256
#4,34,256
4,36,256,4.5607
#5,44,256
#5,41,256
#5,37,256
#5,40,256
#5,38,256
5,40,256,4.89898
#6,51,256
#6,53,256
#6,40,256
#6,42,256
#6,40,256
6,45.2,256,11.2712
#7,48,256
#7,44,256
#7,43,256
#7,42,256
#7,42,256
7,43.8,256,4.45421
#8,69,256
#8,73,256
#8,45,256
#8,48,256
#8,46,256
8,56.2,256,24.377
#9,63,256
#9,72,256
#9,52,256
#9,50,256
#9,49,256
9,57.2,256,17.8617
#10,75,256
#10,70,256
#10,81,256
#10,54,256
#10,53,256
10,66.6,256,22.5069
#11,106,256
#11,92,256
#11,89,256
#11,74,256
#11,60,256
11,84.2,256,31.6076
#12,64,384
#12,82,384
#12,76,384
#12,72,384
#12,73,384
12,73.4,384,11.703
#13,66,384
#13,74,384
#13,65,384
#13,68,384
#13,68,384
13,68.2,384,6.2482
#14,74,384
#14,76,384
#14,73,384
#14,73,384
#14,71,384
14,73.4,384,3.24962
#15,81,384
#15,101,384
#15,76,384
#15,77,384
#15,76,384
15,82.2,384,19.1583
#16,79,384
#16,90,384
#16,88,384
#16,86,384
#16,85,384
16,85.6,384,7.44043
#17,84,384
#17,88,384
#17,81,384
#17,82,384
#17,83,384
17,83.6,384,4.83322
#18,84,384
#18,91,384
#18,90,384
#18,87,384
#18,83,384
18,87,384,6.32456
#19,111,384
#19,111,384
#19,100,384
#19,87,384
#19,87,384
19,99.2,384,21.4812
#20,94,384
#20,111,384
#20,104,384
#20,104,384
#20,91,384
20,100.8,384,14.6096
#21,107,384
#21,106,384
#21,105,384
#21,99,384
#21,94,384
21,102.2,384,9.91161
#22,119,384
#22,121,384
#22,120,384
#22,110,384
#22,109,384
22,115.8,384,10.3846
#23,123,640
#23,119,640
#23,114,640
#23,100,640
#23,102,640
23,111.6,640,18.2691
#24,122,640
#24,125,640
#24,124,640
#24,104,640
#24,104,640
24,115.8,640,19.3659
#25,126,640
#25,136,640
#25,134,640
#25,124,640
#25,108,640
25,125.6,640,19.8232
#26,120,640
#26,156,640
#26,149,640
#26,150,640
#26,114,640
26,137.8,640,34.5114
#27,117,640
#27,120,640
#27,117,640
#27,116,640
#27,116,640
27,117.2,640,2.93939
#28,120,640
#28,121,640
#28,122,640
#28,121,640
#28,121,640
28,121,640,1.26491
#29,127,640
#29,124,640
#29,122,640
#29,123,640
#29,122,640
29,123.6,640,3.70945
#30,128,640
#30,131,640
#30,126,640
#30,128,640
#30,128,640
30,128.2,640,3.2
#31,179,640
#31,176,640
#31,156,640
#31,153,640
#31,149,640
31,162.6,640,24.8065
#32,156,640
#32,145,640
#32,139,640
#32,139,640
#32,141,640
32,144,640,12.775
#33,165,640
#33,164,640
#33,153,640
#33,139,640
#33,140,640
33,152.2,640,22.3929
#34,194,896
#34,200,896
#34,170,896
#34,141,896
#34,139,896
34,168.8,896,51.1531
#35,200,896
#35,200,896
#35,180,896
#35,175,896
#35,159,896
35,182.8,896,31.3279
#36,188,896
#36,188,896
#36,173,896
#36,147,896
#36,147,896
36,168.6,896,36.9345
#37,196,896
#37,198,896
#37,194,896
#37,166,896
#37,164,896
37,183.6,896,30.5051
#38,184,896
#38,184,896
#38,170,896
#38,154,896
#38,153,896
38,169,896,27.3057
#39,241,896
#39,206,896
#39,183,896
#39,170,896
#39,171,896
39,194.2,896,53.5074
#40,180,896
#40,220,896
#40,216,896
#40,187,896
#40,174,896
40,195.4,896,37.8967
#42,186,896
#42,189,896
#42,183,896
#42,179,896
#42,180,896
42,183.4,896,7.44043
#44,234,896
#44,235,896
#44,205,896
#44,187,896
#44,190,896
44,210.2,896,41.5192
#46,197,1152
#46,210,1152
#46,209,1152
#46,208,1152
#46,194,1152
46,203.6,1152,13.4224
#48,277,1152
#48,267,1152
#48,215,1152
#48,189,1152
#48,191,1152
48,227.8,1152,74.7304
#50,238,1152
#50,236,1152
#50,226,1152
#50,199,1152
#50,199,1152
50,219.6,1152,34.6087
#52,277,1152
#52,290,1152
#52,269,1152
#52,244,1152
#52,231,1152
52,262.2,1152,43.2925
#54,214,1152
#54,213,1152
#54,212,1152
#54,211,1152
#54,212,1152
54,212.4,1152,2.03961
#56,301,1152
#56,293,1152
#56,245,1152
#56,231,1152
#56,231,1152
56,260.2,1152,61.1673
#58,267,1408
#58,267,1408
#58,254,1408
#58,241,1408
#58,237,1408
58,253.2,1408,25.1841
#60,248,1408
#60,248,1408
#60,243,1408
#60,244,1408
#60,245,1408
60,245.6,1408,4.11825
#63,274,1408
#63,276,1408
#63,276,1408
#63,257,1408
#63,256,1408
63,267.8,1408,18.5213
#66,322,1408
#66,310,1408
#66,298,1408
#66,279,1408
#66,266,1408
66,295,1408,40.5956
#69,279,1408
#69,296,1408
#69,315,1408
#69,289,1408
#69,279,1408
69,291.6,1408,26.7013
#72,328,1408
#72,329,1408
#72,323,1408
#72,298,1408
#72,294,1408
72,314.4,1408,30.4263
#75,452,1408
#75,452,1408
#75,348,1408
#75,349,1408
#75,347,1408
75,389.6,1408,101.907
#78,408,1408
#78,417,1408
#78,375,1408
#78,337,1408
#78,322,1408
78,371.8,1408,75.1255
#81,361,1664
#81,363,1664
#81,360,1664
#81,318,1664
#81,318,1664
81,344,1664,42.5018
#85,407,1664
#85,419,1664
#85,372,1664
#85,361,1664
#85,336,1664
85,379,1664,60.7026
#89,495,1664
#89,378,1664
#89,378,1664
#89,376,1664
#89,376,1664
89,400.6,1664,94.4169
#93,481,1664
#93,464,1664
#93,411,1664
#93,390,1664
#93,391,1664
93,427.4,1664,75.9221
#97,430,1664
#97,419,1664
#97,402,1664
#97,391,1664
#97,390,1664
97,406.4,1664,31.5113
#101,449,1920
#101,450,1920
#101,401,1920
#101,387,1920
#101,389,1920
101,415.2,1920,56.8282
#106,503,1920
#106,503,1920
#106,448,1920
#106,436,1920
#106,435,1920
106,465,1920,62.7248
#111,466,1920
#111,455,1920
#111,452,1920
#111,450,1920
#111,451,1920
111,454.8,1920,11.6893
#116,609,1920
#116,589,1920
#116,511,1920
#116,475,1920
#116,473,1920
116,531.4,1920,114.358
#121,727,1920
#121,705,1920
#121,586,1920
#121,489,1920
#121,474,1920
121,596.2,1920,210.665
#127,564,2304
#127,570,2304
#127,558,2304
#127,533,2304
#127,524,2304
127,549.8,2304,36.0533
#133,547,2304
#133,560,2304
#133,542,2304
#133,528,2304
#133,514,2304
133,538.2,2304,31.7087
#139,629,2304
#139,589,2304
#139,576,2304
#139,566,2304
#139,565,2304
139,585,2304,47.2779
#145,740,2304
#145,717,2304
#145,633,2304
#145,590,2304
#145,591,2304
145,654.2,2304,126.082
#152,785,2304
#152,740,2304
#152,638,2304
#152,639,2304
#152,625,2304
152,685.4,2304,129.458
#159,651,2688
#159,621,2688
#159,606,2688
#159,608,2688
#159,609,2688
159,619,2688,33.6809
#166,747,2688
#166,737,2688
#166,707,2688
#166,695,2688
#166,684,2688
166,714,2688,48.3983
#174,761,2688
#174,759,2688
#174,727,2688
#174,698,2688
#174,699,2688
174,728.8,2688,55.0549
#182,859,2688
#182,860,2688
#182,784,2688
#182,727,2688
#182,715,2688
182,789,2688,124.213
#191,772,3200
#191,798,3200
#191,771,3200
#191,768,3200
#191,740,3200
191,769.8,3200,36.8
#200,900,3200
#200,901,3200
#200,785,3200
#200,757,3200
#200,755,3200
200,819.6,3200,133.803
#210,977,3200
#210,969,3200
#210,857,3200
#210,831,3200
#210,819,3200
210,890.6,3200,136.877
#220,1005,3200
#220,1007,3200
#220,926,3200
#220,886,3200
#220,887,3200
220,942.2,3200,108.114
#231,1115,3200
#231,1084,3200
#231,977,3200
#231,955,3200
#231,950,3200
231,1016.2,3200,138.63
#242,1081,3840
#242,1102,3840
#242,1019,3840
#242,991,3840
#242,985,3840
242,1035.6,3840,95.0587
#254,1172,3840
#254,1116,3840
#254,1090,3840
#254,1019,3840
#254,1003,3840
254,1080,3840,124.932
#266,1399,3840
#266,1327,3840
#266,1110,3840
#266,1094,3840
#266,1095,3840
266,1205,3840,262.246
#279,1454,3840
#279,1355,3840
#279,1243,3840
#279,1165,3840
#279,1144,3840
279,1272.2,3840,234.413
#292,1406,4608
#292,1317,4608
#292,1253,4608
#292,1240,4608
#292,1219,4608
292,1287,4608,135.794
#306,1302,4608
#306,1297,4608
#306,1216,4608
#306,1209,4608
#306,1209,4608
306,1246.6,4608,86.5942
#321,1536,4608
#321,1493,4608
#321,1362,4608
#321,1311,4608
#321,1310,4608
321,1402.4,4608,188.852
#337,1731,4608
#337,1630,4608
#337,1510,4608
#337,1442,4608
#337,1383,4608
337,1539.2,4608,252.556
#353,2136,4608
#353,1909,4608
#353,1619,4608
#353,1511,4608
#353,1473,4608
353,1729.6,4608,508.494
#370,1894,5504
#370,1818,5504
#370,1597,5504
#370,1580,5504
#370,1543,5504
370,1686.4,5504,283.257
#388,1790,5504
#388,1715,5504
#388,1641,5504
#388,1582,5504
#388,1581,5504
388,1661.8,5504,161.48
#407,1845,5504
#407,1817,5504
#407,1720,5504
#407,1638,5504
#407,1640,5504
407,1732,5504,173.062
#427,2099,5504
#427,2036,5504
#427,1852,5504
#427,1780,5504
#427,1773,5504
427,1908,5504,269.236
#448,2102,6528
#448,2060,6528
#448,1800,6528
#448,1788,6528
#448,1770,6528
448,1904,6528,290.886
#470,2440,6528
#470,2363,6528
#470,2097,6528
#470,2109,6528
#470,2007,6528
470,2203.2,6528,334.971
#493,2401,6528
#493,2362,6528
#493,2160,6528
#493,2093,6528
#493,2081,6528
493,2219.4,6528,271.254
#517,2473,6528
#517,2398,6528
#517,2260,6528
#517,2147,6528
#517,2100,6528
517,2275.6,6528,285.048
#542,2731,7808
#542,2553,7808
#542,2304,7808
#542,2267,7808
#542,2267,7808
542,2424.4,7808,373.724
#569,2679,7808
#569,2690,7808
#569,2453,7808
#569,2444,7808
#569,2403,7808
569,2533.8,7808,248.488
#597,2837,7808
#597,2701,7808
#597,2502,7808
#597,2483,7808
#597,2432,7808
597,2591,7808,306.571
#626,3112,7808
#626,3068,7808
#626,2883,7808
#626,2779,7808
#626,2703,7808
626,2909,7808,318.122
#657,3125,9344
#657,3084,9344
#657,2837,9344
#657,2782,9344
#657,2783,9344
657,2922.2,9344,301.462
#689,3221,9344
#689,3136,9344
#689,3004,9344
#689,2928,9344
#689,2923,9344
689,3042.4,9344,235.758
#723,3494,9344
#723,3348,9344
#723,3044,9344
#723,3033,9344
#723,3043,9344
723,3192.4,9344,384.63
#759,4055,9344
#759,3935,9344
#759,3543,9344
#759,3302,9344
#759,3287,9344
759,3624.4,9344,636.425
#796,3576,11136
#796,3537,11136
#796,3327,11136
#796,3271,11136
#796,3274,11136
796,3397,11136,264.645
#835,3970,11136
#835,3909,11136
#835,3657,11136
#835,3508,11136
#835,3488,11136
835,3706.4,11136,400.033
#876,4406,11136
#876,4008,11136
#876,3695,11136
#876,3693,11136
#876,3681,11136
876,3896.6,11136,566.023
#919,4911,11136
#919,4539,11136
#919,4107,11136
#919,3984,11136
#919,3958,11136
919,4299.8,11136,740.006
#964,4401,13312
#964,4331,13312
#964,4096,13312
#964,3952,13312
#964,3949,13312
964,4145.8,13312,377.566
#1012,4791,13312
#1012,4555,13312
#1012,4236,13312
#1012,4192,13312
#1012,4147,13312
1012,4384.2,13312,497.857
#1062,4873,13312
#1062,4808,13312
#1062,4508,13312
#1062,4430,13312
#1062,4364,13312
1062,4596.6,13312,410.653
#1115,6136,13312
#1115,5533,13312
#1115,5016,13312
#1115,4789,13312
#1115,4738,13312
1115,5242.4,13312,1056.11
#1170,5277,16000
#1170,5203,16000
#1170,4868,16000
#1170,4840,16000
#1170,4693,16000
1170,4976.2,16000,449.336
#1228,6167,16000
#1228,5818,16000
#1228,5359,16000
#1228,5310,16000
#1228,5090,16000
1228,5548.8,16000,778.813
#1289,6044,16000
#1289,5795,16000
#1289,5714,16000
#1289,5383,16000
#1289,5356,16000
1289,5658.4,16000,519.792
#1353,6793,16000
#1353,6265,16000
#1353,5795,16000
#1353,5676,16000
#1353,5532,16000
1353,6012.2,16000,922.759
#1420,6719,19200
#1420,6343,19200
#1420,6156,19200
#1420,5969,19200
#1420,5867,19200
1420,6210.8,19200,603.598
#1491,6531,19200
#1491,6408,19200
#1491,6341,19200
#1491,6081,19200
#1491,6059,19200
1491,6284,19200,370.371
#1565,7699,19200
#1565,7175,19200
#1565,6821,19200
#1565,6726,19200
#1565,6459,19200
1565,6976,19200,856.105
#1643,20509,23040
#1643,7548,23040
#1643,7423,23040
#1643,7256,23040
#1643,7107,23040
1643,9968.6,23040,10544.6
#1725,8315,23040
#1725,7994,23040
#1725,7753,23040
#1725,7480,23040
#1725,7436,23040
1725,7795.6,23040,657.187
#1811,8509,23040
#1811,8233,23040
#1811,8045,23040
#1811,7791,23040
#1811,7702,23040
1811,8056,23040,588.014
#1901,9696,23040
#1901,9190,23040
#1901,8676,23040
#1901,8508,23040
#1901,8100,23040
1901,8834,23040,1109.87
#1996,9093,27648
#1996,8880,27648
#1996,8663,27648
#1996,8520,27648
#1996,8426,27648
1996,8716.4,27648,485.262
#2095,10094,27648
#2095,9786,27648
#2095,9289,27648
#2095,9193,27648
#2095,8962,27648
2095,9464.8,27648,827.841
#2199,10786,27648
#2199,10353,27648
#2199,10049,27648
#2199,9535,27648
#2199,9430,27648
2199,10030.6,27648,1012.42
#2308,11349,27648
#2308,10889,27648
#2308,10383,27648
#2308,9994,27648
#2308,9847,27648
2308,10492.4,27648,1119.99
#2423,11766,33152
#2423,11290,33152
#2423,10896,33152
#2423,10674,33152
#2423,10384,33152
2423,11002,33152,966.389
#2544,12317,33152
#2544,11942,33152
#2544,11434,33152
#2544,11208,33152
#2544,10887,33152
2544,11557.6,33152,1024.36
#2671,13155,33152
#2671,12865,33152
#2671,12384,33152
#2671,11871,33152
#2671,11864,33152
2671,12427.8,33152,1039.15
#2804,13842,33152
#2804,13248,33152
#2804,12825,33152
#2804,12306,33152
#2804,12043,33152
2804,12852.8,33152,1293.13
#2944,13862,39808
#2944,13448,39808
#2944,13169,39808
#2944,12689,39808
#2944,12636,39808
2944,13160.8,39808,926.172
#3091,14439,39808
#3091,13998,39808
#3091,13577,39808
#3091,13301,39808
#3091,13059,39808
3091,13674.8,39808,986.696
#3245,16036,39808
#3245,15473,39808
#3245,15020,39808
#3245,14584,39808
#3245,14350,39808
3245,15092.6,39808,1216.59
#3407,16365,39808
#3407,15989,39808
#3407,15426,39808
#3407,15021,39808
#3407,14804,39808
3407,15521,39808,1167.72
#3577,16750,47744
#3577,16485,47744
#3577,16009,47744
#3577,15409,47744
#3577,15315,47744
3577,15993.6,47744,1137.05
#3755,18008,47744
#3755,17647,47744
#3755,16992,47744
#3755,16482,47744
#3755,16390,47744
3755,17103.8,47744,1271.63
#3942,20390,47744
#3942,19506,47744
#3942,18908,47744
#3942,18451,47744
#3942,17996,47744
3942,19050.2,47744,1671.75
#4139,19889,57216
#4139,19536,57216
#4139,19088,57216
#4139,18599,57216
#4139,18381,57216
4139,19098.6,57216,1124.53
#4345,20310,57216
#4345,20018,57216
#4345,19748,57216
#4345,19133,57216
#4345,19136,57216
4345,19669,57216,942.468
#4562,21781,57216
#4562,21542,57216
#4562,21042,57216
#4562,20375,57216
#4562,20252,57216
4562,20998.4,57216,1218.39
#4790,23696,57216
#4790,23080,57216
#4790,22345,57216
#4790,21737,57216
#4790,21129,57216
4790,22397.4,57216,1833.03
#5029,23166,68608
#5029,22738,68608
#5029,22295,68608
#5029,21717,68608
#5029,21586,68608
5029,22300.4,68608,1197.17
#5280,24709,68608
#5280,24753,68608
#5280,23968,68608
#5280,23400,68608
#5280,23254,68608
5280,24016.8,68608,1260.42
#5544,28125,68608
#5544,27239,68608
#5544,26408,68608
#5544,25635,68608
#5544,25477,68608
5544,26576.8,68608,1992.08
#5821,30955,68608
#5821,29762,68608
#5821,28677,68608
#5821,27925,68608
#5821,27268,68608
5821,28917.4,68608,2627.29
#6112,29526,82304
#6112,29389,82304
#6112,28487,82304
#6112,27944,82304
#6112,27851,82304
6112,28639.4,82304,1407.51
#6417,32226,82304
#6417,31730,82304
#6417,30682,82304
#6417,30082,82304
#6417,29628,82304
6417,30869.6,82304,1954.93
#6737,33769,82304
#6737,32796,82304
#6737,31906,82304
#6737,31264,82304
#6737,30698,82304
6737,32086.6,82304,2185.63
#7073,38401,82304
#7073,37399,82304
#7073,35531,82304
#7073,34752,82304
#7073,33988,82304
7073,36014.2,82304,3292
#7426,36656,98688
#7426,35979,98688
#7426,35278,98688
#7426,34345,98688
#7426,34135,98688
7426,35278.6,98688,1911.49
#7797,38975,98688
#7797,38172,98688
#7797,37410,98688
#7797,36514,98688
#7797,36230,98688
7797,37460.2,98688,2042.05
#8186,42660,98688
#8186,41591,98688
#8186,40133,98688
#8186,39242,98688
#8186,38512,98688
8186,40427.6,98688,3033.03
#8595,42591,118400
#8595,41848,118400
#8595,41016,118400
#8595,40184,118400
#8595,39924,118400
8595,41112.6,118400,2002.17
#9024,44471,118400
#9024,43895,118400
#9024,43199,118400
#9024,42313,118400
#9024,42030,118400
9024,43181.6,118400,1844.44
#9475,47565,118400
#9475,49645,118400
#9475,46019,118400
#9475,45245,118400
#9475,44733,118400
9475,46641.4,118400,3561.34
#9948,52076,118400
#9948,51621,118400
#9948,49744,118400
#9948,48714,118400
#9948,47985,118400
9948,50028,118400,3189.11
#10445,52391,142080
#10445,51977,142080
#10445,50906,142080
#10445,50117,142080
#10445,50036,142080
10445,51085.4,142080,1912.23
#10967,55907,142080
#10967,55223,142080
#10967,54190,142080
#10967,53371,142080
#10967,52978,142080
10967,54333.8,142080,2200.27
#11515,62764,142080
#11515,61714,142080
#11515,60169,142080
#11515,58824,142080
#11515,58346,142080
11515,60363.4,142080,3354.33
#12090,66440,142080
#12090,65841,142080
#12090,63481,142080
#12090,62649,142080
#12090,62080,142080
12090,64098.2,142080,3472.82
#12694,65611,170496
#12694,65004,170496
#12694,64145,170496
#12694,63108,170496
#12694,62828,170496
12694,64139.2,170496,2134.8
#13328,71222,170496
#13328,71185,170496
#13328,69239,170496
#13328,68064,170496
#13328,67986,170496
13328,69539.2,170496,2859.26
#13994,75816,170496
#13994,75693,170496
#13994,73372,170496
#13994,72382,170496
#13994,71059,170496
13994,73664.4,170496,3716.21
#14693,83684,170496
#14693,83290,170496
#14693,80783,170496
#14693,79265,170496
#14693,77965,170496
14693,80997.4,170496,4446.7
#15427,80974,204544
#15427,80915,204544
#15427,84044,204544
#15427,78169,204544
#15427,88814,204544
15427,82583.2,204544,7256.14
#16198,88703,204544
#16198,87040,204544
#16198,84348,204544
#16198,83426,204544
#16198,82817,204544
16198,85266.8,204544,4488.74
#17007,95255,204544
#17007,94963,204544
#17007,92971,204544
#17007,91612,204544
#17007,90720,204544
17007,93104.2,204544,3578.81
#17857,95385,245376
#17857,94830,245376
#17857,93303,245376
#17857,92576,245376
#17857,92113,245376
17857,93641.4,245376,2535.9
#18749,99362,245376
#18749,99535,245376
#18749,97371,245376
#18749,96362,245376
#18749,95901,245376
18749,97706.2,245376,3001.89
#19686,108967,245376
#19686,108928,245376
#19686,106365,245376
#19686,105092,245376
#19686,104654,245376
19686,106801,245376,3680.88
#20670,120152,245376
#20670,119640,245376
#20670,117232,245376
#20670,116062,245376
#20670,115564,245376
20670,117730,245376,3713.32
#21703,116564,294400
#21703,116283,294400
#21703,114559,294400
#21703,113862,294400
#21703,117612,294400
21703,115776,294400,2741.3
#22788,126126,294400
#22788,126013,294400
#22788,124145,294400
#22788,123030,294400
#22788,126467,294400
22788,125156,294400,2673.73
#23927,132845,294400
#23927,132395,294400
#23927,129902,294400
#23927,128966,294400
#23927,128400,294400
23927,130502,294400,3601.2
#25123,144192,294400
#25123,144009,294400
#25123,141617,294400
#25123,140326,294400
#25123,141659,294400
25123,142361,294400,3000.8
#26379,149559,353280
#26379,149115,353280
#26379,147185,353280
#26379,146087,353280
#26379,149428,353280
26379,148275,353280,2779.8
#27697,153458,353280
#27697,153971,353280
#27697,151321,353280
#27697,150679,353280
#27697,150260,353280
27697,151938,353280,2996.66
#29081,169163,353280
#29081,168836,353280
#29081,166871,353280
#29081,165574,353280
#29081,166052,353280
29081,167299,353280,2905.26
#30535,189401,353280
#30535,189571,353280
#30535,186913,353280
#30535,185735,353280
#30535,185418,353280
30535,187408,353280,3538.89
#32061,185021,423936
#32061,185206,423936
#32061,183099,423936
#32061,197929,423936
#32061,177405,423936
32061,185732,423936,13440.9
#33664,194941,423936
#33664,195154,423936
#33664,194793,423936
#33664,192132,423936
#33664,191784,423936
33664,193761,423936,2961.09
#35347,211477,423936
#35347,211501,423936
#35347,209721,423936
#35347,208160,423936
#35347,208025,423936
35347,209777,423936,3039.67
#37114,215554,508672
#37114,225476,508672
#37114,207525,508672
#37114,207058,508672
#37114,206543,508672
37114,212431,508672,14629.6
#38969,230025,508672
#38969,230146,508672
#38969,228236,508672
#38969,227323,508672
#38969,243057,508672
38969,231757,508672,11501.1
#40917,250076,508672
#40917,249841,508672
#40917,247323,508672
#40917,246634,508672
#40917,246638,508672
40917,248102,508672,3075.84
#42962,256896,508672
#42962,256683,508672
#42962,254797,508672
#42962,273823,508672
#42962,259673,508672
42962,260374,508672,13804.1
#45110,262491,610432
#45110,260683,610432
#45110,258761,610432
#45110,257961,610432
#45110,257626,610432
45110,259504,610432,3663
#47365,290182,610432
#47365,289317,610432
#47365,270665,610432
#47365,269541,610432
#47365,273232,610432
47365,278587,610432,18392.2
#49733,295152,610432
#49733,294371,610432
#49733,310494,610432
#49733,299778,610432
#49733,299687,610432
49733,299896,610432,11503.3
#52219,338742,610432
#52219,325558,610432
#52219,321565,610432
#52219,342565,610432
#52219,328610,610432
52219,331408,610432,15929.9
#54829,311254,732544
#54829,310624,732544
#54829,310960,732544
#54829,308216,732544
#54829,311895,732544
54829,310590,732544,2516.8
#57570,337682,732544
#57570,337685,732544
#57570,346050,732544
#57570,335837,732544
#57570,354887,732544
57570,342428,732544,14333.4
#60448,381137,732544
#60448,374335,732544
#60448,370390,732544
#60448,369311,732544
#60448,369378,732544
60448,372910,732544,9010.77
#63470,405222,732544
#63470,402904,732544
#63470,401852,732544
#63470,405048,732544
#63470,421520,732544
63470,407309,732544,14438.9
#66643,396484,878976
#66643,395894,878976
#66643,394397,878976
#66643,393339,878976
#66643,392941,878976
66643,394611,878976,2772.28
#69975,418387,878976
#69975,417650,878976
#69975,418510,878976
#69975,419564,878976
#69975,435674,878976
69975,421957,878976,13771.3
#73473,466698,878976
#73473,479926,878976
#73473,454260,878976
#73473,471314,878976
#73473,464752,878976
73473,467390,878976,16790.1
#77146,450439,1054720
#77146,448039,1054720
#77146,446189,1054720
#77146,445940,1054720
#77146,446263,1054720
77146,447374,1054720,3409.56
#81003,485704,1054720
#81003,501239,1054720
#81003,474466,1054720
#81003,475696,1054720
#81003,494928,1054720
81003,486407,1054720,20983.9
#85053,517622,1054720
#85053,517353,1054720
#85053,532791,1054720
#85053,530290,1054720
#85053,527749,1054720
85053,525161,1054720,12931.3
#89305,565876,1054720
#89305,586739,1054720
#89305,575072,1054720
#89305,575978,1054720
#89305,572970,1054720
89305,575327,1054720,13434.3
#93770,546845,1265664
#93770,547754,1265664
#93770,548675,1265664
#93770,569229,1265664
#93770,557159,1265664
93770,553932,1265664,16981
#98458,588963,1265664
#98458,588501,1265664
#98458,610446,1265664
#98458,601394,1265664
#98458,600931,1265664
98458,598047,1265664,16658.9
#103380,652217,1265664
#103380,651773,1265664
#103380,651246,1265664
#103380,659377,1265664
#103380,650408,1265664
103380,653004,1265664,6485.65
#108549,730110,1265664
#108549,724643,1265664
#108549,722695,1265664
#108549,722805,1265664
#108549,722896,1265664
108549,724630,1265664,5664.78
#113976,706364,1518720
#113976,674629,1518720
#113976,701338,1518720
#113976,689920,1518720
#113976,689123,1518720
113976,692275,1518720,22045.4
#119674,755419,1518720
#119674,740663,1518720
#119674,739249,1518720
#119674,739279,1518720
#119674,746724,1518720
119674,744267,1518720,12440.4
#125657,817969,1518720
#125657,788337,1518720
#125657,816768,1518720
#125657,801663,1518720
#125657,801953,1518720
125657,805338,1518720,21985.2
#131939,897878,1518720
#131939,907634,1518720
#131939,890236,1518720
#131939,892992,1518720
#131939,894854,1518720
131939,896719,1518720,11996
#138535,870186,1822464
#138535,852050,1822464
#138535,845090,1822464
#138535,843849,1822464
#138535,845176,1822464
138535,851270,1822464,19775.2
#145461,905997,1822464
#145461,902236,1822464
#145461,889825,1822464
#145461,888715,1822464
#145461,940309,1822464
145461,905416,1822464,37416.3
#152734,1013095,1822464
#152734,994699,1822464
#152734,1004895,1822464
#152734,996559,1822464
#152734,993479,1822464
152734,1.00055e+06,1822464,14870.6
#160370,986319,2186880
#160370,985037,2186880
#160370,973297,2186880
#160370,949868,2186880
#160370,948850,2186880
160370,968674,2186880,32828.3
#168388,1058493,2186880
#168388,1042072,2186880
#168388,1017929,2186880
#168388,1013429,2186880
#168388,1013045,2186880
168388,1.02899e+06,2186880,36445
#176807,1127556,2186880
#176807,1104830,2186880
#176807,1130681,2186880
#176807,1119390,2186880
#176807,1119945,2186880
176807,1.12048e+06,2186880,17900.3
#185647,1224964,2186880
#185647,1222008,2186880
#185647,1236133,2186880
#185647,1274138,2186880
#185647,1241436,2186880
185647,1.23974e+06,2186880,37222.2
#194929,1223897,2624256
#194929,1201059,2624256
#194929,1190161,2624256
#194929,1187876,2624256
#194929,1238578,2624256
194929,1.20831e+06,2624256,39584
#204675,1265657,2624256
#204675,1256141,2624256
#204675,1290003,2624256
#204675,1298211,2624256
#204675,1276848,2624256
204675,1.27737e+06,2624256,30751.6
#214908,1369380,2624256
#214908,1376992,2624256
#214908,1383126,2624256
#214908,1381845,2624256
#214908,1379253,2624256
214908,1.37812e+06,2624256,9711
#225653,1531154,2624256
#225653,1508299,2624256
#225653,1526592,2624256
#225653,1552015,2624256
#225653,1521047,2624256
225653,1.52782e+06,2624256,28635.1
#236935,1624932,3149056
#236935,1481553,3149056
#236935,1432857,3149056
#236935,1449787,3149056
#236935,1453147,3149056
236935,1.48846e+06,3149056,140019
#248781,1640475,3149056
#248781,1611123,3149056
#248781,1571398,3149056
#248781,1565212,3149056
#248781,1563834,3149056
248781,1.59041e+06,3149056,60914.4
#261220,1781164,3149056
#261220,1755340,3149056
#261220,1689837,3149056
#261220,1709997,3149056
#261220,1709866,3149056
261220,1.72924e+06,3149056,67382.8
#274281,1960070,3149056
#274281,1900881,3149056
#274281,1898851,3149056
#274281,1890439,3149056
#274281,1926064,3149056
274281,1.91526e+06,3149056,50728.7
#287995,1958711,3778816
#287995,1797241,3778816
#287995,1796070,3778816
#287995,1794518,3778816
#287995,1789385,3778816
287995,1.82718e+06,3778816,131635
#302394,2013967,3778816
#302394,1951425,3778816
#302394,1946644,3778816
#302394,1944331,3778816
#302394,1938308,3778816
302394,1.95894e+06,3778816,55675.8
#317513,2169201,3778816
#317513,2195415,3778816
#317513,2164659,3778816
#317513,2164455,3778816
#317513,2142207,3778816
317513,2.16719e+06,3778816,33926.2
#333388,2497877,4534528
#333388,2165813,4534528
#333388,2112931,4534528
#333388,2100187,4534528
#333388,2093181,4534528
333388,2.194e+06,4534528,308121
#350057,2503762,4534528
#350057,2244117,4534528
#350057,2257131,4534528
#350057,2253629,4534528
#350057,2241141,4534528
350057,2.29996e+06,4534528,204146
#367559,2534800,4534528
#367559,2469568,4534528
#367559,2441663,4534528
#367559,2422749,4534528
#367559,2417076,4534528
367559,2.45717e+06,4534528,85850.7
#385936,2758425,4534528
#385936,2685562,4534528
#385936,2699986,4534528
#385936,2674099,4534528
#385936,2659781,4534528
385936,2.69557e+06,4534528,68189.6
#405232,3668768,5441408
#405232,2931183,5441408
#405232,2921234,5441408
#405232,2862335,5441408
#405232,2885236,5441408
405232,3.05375e+06,5441408,617004
#425493,3457769,5441408
#425493,3164349,5441408
#425493,3120553,5441408
#425493,3105065,5441408
#425493,3134184,5441408
425493,3.19638e+06,5441408,264283
#446767,3478009,5441408
#446767,3333454,5441408
#446767,3335338,5441408
#446767,3360784,5441408
#446767,3296437,5441408
446767,3.3608e+06,5441408,124183
#469105,3700146,5441408
#469105,3670449,5441408
#469105,3651885,5441408
#469105,3688492,5441408
#469105,3617214,5441408
469105,3.66564e+06,5441408,58448.5
#492560,5068852,6529664
#492560,4486683,6529664
#492560,4352983,6529664
#492560,4382559,6529664
#492560,4394331,6529664
492560,4.53708e+06,6529664,539234
#517188,5011314,6529664
#517188,4772146,6529664
#517188,4714123,6529664
#517188,4744604,6529664
#517188,4767355,6529664
517188,4.80191e+06,6529664,213393
#543047,5126940,6529664
#543047,5074758,6529664
#543047,4998166,6529664
#543047,5081675,6529664
#543047,5177957,6529664
543047,5.0919e+06,6529664,119392
#570199,5750652,6529664
#570199,5660587,6529664
#570199,5509203,6529664
#570199,5621300,6529664
#570199,5681944,6529664
570199,5.64474e+06,6529664,159430
#598708,7203575,7835520
#598708,7098683,7835520
#598708,6962861,7835520
#598708,7006898,7835520
#598708,6795607,7835520
598708,7.01352e+06,7835520,273452
#628643,7711302,7835520
#628643,7674147,7835520
#628643,8016115,7835520
#628643,7509190,7835520
#628643,7278183,7835520
628643,7.63779e+06,7835520,486383
#660075,7991774,7835520
#660075,8051068,7835520
#660075,7781934,7835520
#660075,7803912,7835520
#660075,8111891,7835520
660075,7.94812e+06,7835520,264936
#693078,10851213,9402624
#693078,10572761,9402624
#693078,10412747,9402624
#693078,10270293,9402624
#693078,9986078,9402624
693078,1.04186e+07,9402624,579672
#727731,10781806,9402624
#727731,10788773,9402624
#727731,10695088,9402624
#727731,10519078,9402624
#727731,10660046,9402624
727731,1.0689e+07,9402624,196604
#764117,11837003,9402624
#764117,11622990,9402624
#764117,11281176,9402624
#764117,11417157,9402624
#764117,11499604,9402624
764117,1.15316e+07,9402624,377843
#802322,12262939,9402624
#802322,12328824,9402624
#802322,12083096,9402624
#802322,12128639,9402624
#802322,12225316,9402624
802322,1.22058e+07,9402624,178417
#842438,14664228,11283072
#842438,14400998,11283072
#842438,14442278,11283072
#842438,14255773,11283072
#842438,14246375,11283072
842438,1.44019e+07,11283072,304616
#884559,15236222,11283072
#884559,15413298,11283072
#884559,15266948,11283072
#884559,15035427,11283072
#884559,14979050,11283072
884559,1.51862e+07,11283072,317792
#928786,16040719,11283072
#928786,16324458,11283072
#928786,16544145,11283072
#928786,16644557,11283072
#928786,16072419,11283072
928786,1.63253e+07,11283072,485596
#975225,17232361,11283072
#975225,17545501,11283072
#975225,17640947,11283072
#975225,18184197,11283072
#975225,17461445,11283072
975225,1.76129e+07,11283072,632113
#1023986,20360922,13539712
#1023986,19666386,13539712
#1023986,20138037,13539712
#1023986,19517780,13539712
#1023986,19484216,13539712
1023986,1.98335e+07,13539712,704569
#1075185,20553354,13539712
#1075185,20521508,13539712
#1075185,20685159,13539712
#1075185,20809986,13539712
#1075185,20987243,13539712
1075185,2.07114e+07,13539712,343552
#1128944,22176793,13539712
#1128944,22452038,13539712
#1128944,22851335,13539712
#1128944,22225306,13539712
#1128944,23584495,13539712
1128944,2.2658e+07,13539712,1.04191e+06
#1185391,24648154,16247680
#1185391,24367835,16247680
#1185391,24457143,16247680
#1185391,24441514,16247680
#1185391,24295268,16247680
1185391,2.4442e+07,16247680,236237
#1244660,25804261,16247680
#1244660,26122746,16247680
#1244660,25908138,16247680
#1244660,25693778,16247680
#1244660,25716133,16247680
1244660,2.5849e+07,16247680,312645
#1306893,27413273,16247680
#1306893,27013412,16247680
#1306893,27205824,16247680
#1306893,27181073,16247680
#1306893,27097750,16247680
1306893,2.71823e+07,16247680,267694
#1372237,29130835,16247680
#1372237,28900421,16247680
#1372237,28960848,16247680
#1372237,29158654,16247680
#1372237,29029758,16247680
1372237,2.90361e+07,16247680,196176
#1440848,31448520,19497216
#1440848,31273482,19497216
#1440848,31928343,19497216
#1440848,31221388,19497216
#1440848,31282715,19497216
1440848,3.14309e+07,19497216,520303
#1512890,33251608,19497216
#1512890,33289926,19497216
#1512890,33112598,19497216
#1512890,32942307,19497216
#1512890,32895392,19497216
1512890,3.30984e+07,19497216,317407
#1588534,35118969,19497216
#1588534,34960592,19497216
#1588534,35083026,19497216
#1588534,35052762,19497216
#1588534,34936747,19497216
1588534,3.50304e+07,19497216,140735
#1667960,37452537,19497216
#1667960,37745333,19497216
#1667960,37636310,19497216
#1667960,37420159,19497216
#1667960,37448515,19497216
1667960,3.75406e+07,19497216,255839
#1751358,40030357,23396608
#1751358,39788283,23396608
#1751358,39933325,23396608
#1751358,39827032,23396608
#1751358,39755889,23396608
1751358,3.9867e+07,23396608,202433
#1838925,42020696,23396608
#1838925,41924161,23396608
#1838925,41875717,23396608
#1838925,42149254,23396608
#1838925,41975790,23396608
1838925,4.19891e+07,23396608,187398
#1930871,45020286,23396608
#1930871,44543333,23396608
#1930871,44657767,23396608
#1930871,45087469,23396608
#1930871,44783259,23396608
1930871,4.48184e+07,23396608,415553
#2027414,47793862,23396608
#2027414,47869386,23396608
#2027414,47806314,23396608
#2027414,47949591,23396608
#2027414,47910907,23396608
2027414,4.7866e+07,23396608,119271
#2128784,50411922,28075904
#2128784,50148422,28075904
#2128784,50168972,28075904
#2128784,50092769,28075904
#2128784,50009187,28075904
2128784,5.01663e+07,28075904,269441
#2235223,53253780,28075904
#2235223,53004156,28075904
#2235223,52864484,28075904
#2235223,53059558,28075904
#2235223,53390696,28075904
2235223,5.31145e+07,28075904,372436
#2346984,56424373,28075904
#2346984,56521012,28075904
#2346984,56306077,28075904
#2346984,56385648,28075904
#2346984,56641268,28075904
2346984,5.64557e+07,28075904,231477
#2464333,59663030,33691008
#2464333,59542962,33691008
#2464333,60370461,33691008
#2464333,59392817,33691008
#2464333,59703957,33691008
2464333,5.97346e+07,33691008,671667
#2587549,62697010,33691008
#2587549,62536278,33691008
#2587549,62908172,33691008
#2587549,62652453,33691008
#2587549,62607410,33691008
2587549,6.26803e+07,33691008,251453
#2716926,66345023,33691008
#2716926,66312046,33691008
#2716926,66816702,33691008
#2716926,66455776,33691008
#2716926,66413492,33691008
2716926,6.64686e+07,33691008,362388
#2852772,70749829,33691008
#2852772,71489724,33691008
#2852772,70586662,33691008
#2852772,70677285,33691008
#2852772,70694074,33691008
2852772,7.08395e+07,33691008,658618
#2995410,79255376,40429184
#2995410,79342715,40429184
#2995410,79104139,40429184
#2995410,81305418,40429184
#2995410,80947169,40429184
2995410,7.9991e+07,40429184,1.87401e+06
#3145180,84750696,40429184
#3145180,84403070,40429184
#3145180,83533597,40429184
#3145180,83676838,40429184
#3145180,83710747,40429184
3145180,8.4015e+07,40429184,951008
#3302439,88677427,40429184
#3302439,88402903,40429184
#3302439,88859596,40429184
#3302439,88681265,40429184
#3302439,88768866,40429184
3302439,8.8678e+07,40429184,305841
#3467560,94766898,40429184
#3467560,94305141,40429184
#3467560,95499389,40429184
#3467560,94373610,40429184
#3467560,94343280,40429184
3467560,9.46577e+07,40429184,905198
#3640938,97768083,48514944
#3640938,97519005,48514944
#3640938,97548245,48514944
#3640938,97603725,48514944
#3640938,97845404,48514944
3640938,9.76569e+07,48514944,255412
#3822984,104679472,48514944
#3822984,103012611,48514944
#3822984,103344483,48514944
#3822984,103414604,48514944
#3822984,103265058,48514944
3822984,1.03543e+08,48514944,1.16826e+06
#4014133,109460430,48514944
#4014133,109415265,48514944
#4014133,109657810,48514944
#4014133,109473940,48514944
#4014133,110207669,48514944
4014133,1.09643e+08,48514944,588453
#4214839,117154780,48514944
#4214839,118070435,48514944
#4214839,116924618,48514944
#4214839,117167576,48514944
#4214839,116844499,48514944
4214839,1.17232e+08,48514944,875318
#4425580,119972406,58217856
#4425580,120303210,58217856
#4425580,120239790,58217856
#4425580,120161954,58217856
#4425580,119948932,58217856
4425580,1.20125e+08,58217856,283670
#4646859,126961079,58217856
#4646859,127643891,58217856
#4646859,126818151,58217856
#4646859,126949284,58217856
#4646859,127213617,58217856
4646859,1.27117e+08,58217856,585628
#4879201,135213186,58217856
#4879201,134944973,58217856
#4879201,135090052,58217856
#4879201,134872506,58217856
#4879201,134850569,58217856
4879201,1.34994e+08,58217856,275688
#5123161,140169862,69861376
#5123161,139951972,69861376
#5123161,139776808,69861376
#5123161,139716910,69861376
#5123161,139758691,69861376
5123161,1.39875e+08,69861376,335893
#5379319,147249789,69861376
#5379319,147154251,69861376
#5379319,147319017,69861376
#5379319,147020864,69861376
#5379319,147190348,69861376
5379319,1.47187e+08,69861376,200111
#5648284,156394215,69861376
#5648284,156137650,69861376
#5648284,155885014,69861376
#5648284,156528346,69861376
#5648284,156459502,69861376
5648284,1.56281e+08,69861376,475996
#5930698,166203786,69861376
#5930698,167668422,69861376
#5930698,166257389,69861376
#5930698,168652148,69861376
#5930698,166484798,69861376
5930698,1.67053e+08,69861376,1.92105e+06
#6227232,171124050,83833600
#6227232,170961581,83833600
#6227232,170913456,83833600
#6227232,171115780,83833600
#6227232,171979468,83833600
6227232,1.71219e+08,83833600,778513
#6538593,180464445,83833600
#6538593,180420300,83833600
#6538593,180659294,83833600
#6538593,181067982,83833600
#6538593,181501052,83833600
6538593,1.80823e+08,83833600,818437
#6865522,192178255,83833600
#6865522,192048908,83833600
#6865522,191614320,83833600
#6865522,191661184,83833600
#6865522,192000174,83833600
6865522,1.91901e+08,83833600,445671
#7208798,205259283,83833600
#7208798,205074135,83833600
#7208798,205193432,83833600
#7208798,205756814,83833600
#7208798,206089937,83833600
7208798,2.05475e+08,83833600,771530
#7569237,209820186,100600320
#7569237,209735625,100600320
#7569237,209556448,100600320
#7569237,209938074,100600320
#7569237,209709682,100600320
7569237,2.09752e+08,100600320,252305
#7947698,223555131,100600320
#7947698,221632659,100600320
#7947698,221517237,100600320
#7947698,221634537,100600320
#7947698,221669361,100600320
7947698,2.22002e+08,100600320,1.55674e+06
#8345082,235757821,100600320
#8345082,235308158,100600320
#8345082,235380853,100600320
#8345082,236159675,100600320
#8345082,235779610,100600320
8345082,2.35677e+08,100600320,615651
#8762336,252463739,100600320
#8762336,251961555,100600320
#8762336,252054969,100600320
#8762336,251706202,100600320
#8762336,251821986,100600320
8762336,2.52002e+08,100600320,519650
#9200452,257276275,120720384
#9200452,257105221,120720384
#9200452,256655643,120720384
#9200452,256198420,120720384
#9200452,256535906,120720384
9200452,2.56754e+08,120720384,780787
#9660474,272689206,120720384
#9660474,270859936,120720384
#9660474,271459734,120720384
#9660474,272387358,120720384
#9660474,271018564,120720384
9660474,2.71683e+08,120720384,1.46351e+06
