#1,233,256
#1,38,256
#1,28,256
#1,29,256
#1,27,256
#1,29,256
#1,27,256
#1,27,256
#1,27,256
#1,27,256
1,49.2,256,122.699
#2,61,256
#2,33,256
#2,34,256
#2,34,256
#2,33,256
#2,33,256
#2,33,256
#2,33,256
#2,35,256
#2,35,256
2,36.4,256,16.473
#3,47,256
#3,49,256
#3,39,256
#3,38,256
#3,38,256
#3,39,256
#3,39,256
#3,38,256
#3,38,256
#3,38,256
3,40.3,256,7.8
#4,55,256
#4,46,256
#4,44,256
#4,43,256
#4,44,256
#4,43,256
#4,43,256
#4,43,256
#4,42,256
#4,43,256
4,44.6,256,7.22219
#5,61,256
#5,52,256
#5,48,256
#5,47,256
#5,48,256
#5,48,256
#5,48,256
#5,47,256
#5,46,256
#5,48,256
5,49.3,256,8.34506
#6,59,256
#6,53,256
#6,53,256
#6,53,256
#6,51,256
#6,53,256
#6,54,256
#6,53,256
#6,53,256
#6,54,256
6,53.6,256,3.91918
#7,66,256
#7,60,256
#7,59,256
#7,59,256
#7,58,256
#7,59,256
#7,58,256
#7,60,256
#7,59,256
#7,58,256
7,59.6,256,4.48999
#8,79,256
#8,65,256
#8,65,256
#8,67,256
#8,64,256
#8,63,256
#8,66,256
#8,65,256
#8,65,256
#8,65,256
8,66.4,256,8.63481
#10,90,256
#10,84,256
#10,77,256
#10,75,256
#10,76,256
#10,76,256
#10,74,256
#10,75,256
#10,77,256
#10,76,256
10,78,256,9.54987
#12,150,256
#12,129,256
#12,86,256
#12,89,256
#12,87,256
#12,88,256
#12,87,256
#12,88,256
#12,87,256
#12,87,256
12,97.8,256,42.772
#15,128,384
#15,148,384
#15,138,384
#15,152,384
#15,120,384
#15,101,384
#15,101,384
#15,102,384
#15,102,384
#15,100,384
15,119.2,384,39.7975
#18,134,384
#18,146,384
#18,128,384
#18,128,384
#18,128,384
#18,115,384
#18,116,384
#18,116,384
#18,116,384
#18,116,384
18,124.3,384,19.6784
#22,205,384
#22,162,384
#22,142,384
#22,136,384
#22,136,384
#22,137,384
#22,139,384
#22,137,384
#22,137,384
#22,135,384
22,146.6,384,41.7727
#27,249,640
#27,214,640
#27,174,640
#27,178,640
#27,169,640
#27,175,640
#27,170,640
#27,171,640
#27,174,640
#27,171,640
27,184.5,640,49.7936
#33,242,640
#33,235,640
#33,221,640
#33,216,640
#33,219,640
#33,204,640
#33,213,640
#33,214,640
#33,206,640
#33,196,640
33,216.6,640,26.2633
#41,315,896
#41,288,896
#41,275,896
#41,247,896
#41,250,896
#41,236,896
#41,237,896
#41,237,896
#41,239,896
#41,239,896
41,256.3,896,51.6995
#51,391,896
#51,384,896
#51,336,896
#51,312,896
#51,310,896
#51,308,896
#51,290,896
#51,310,896
#51,308,896
#51,311,896
51,326,896,65.0108
#63,447,1152
#63,402,1152
#63,400,1152
#63,385,1152
#63,366,1152
#63,366,1152
#63,370,1152
#63,372,1152
#63,371,1152
#63,369,1152
63,384.8,1152,48.6851
#78,474,1536
#78,447,1536
#78,462,1536
#78,426,1536
#78,419,1536
#78,427,1536
#78,417,1536
#78,438,1536
#78,437,1536
#78,419,1536
78,436.6,1536,36.6737
#97,688,1664
#97,674,1664
#97,610,1664
#97,560,1664
#97,499,1664
#97,498,1664
#97,499,1664
#97,520,1664
#97,518,1664
#97,514,1664
97,558,1664,139.436
#121,769,1920
#121,703,1920
#121,695,1920
#121,671,1920
#121,636,1920
#121,655,1920
#121,651,1920
#121,657,1920
#121,638,1920
#121,649,1920
121,672.4,1920,77.0309
#151,1083,2176
#151,1076,2176
#151,886,2176
#151,822,2176
#151,792,2176
#151,802,2176
#151,797,2176
#151,777,2176
#151,777,2176
#151,777,2176
151,858.9,2176,229.013
#188,1237,2560
#188,1198,2560
#188,1029,2560
#188,995,2560
#188,993,2560
#188,993,2560
#188,958,2560
#188,959,2560
#188,966,2560
#188,983,2560
188,1031.1,2560,191.369
#235,1472,3072
#235,1494,3072
#235,1278,3072
#235,1256,3072
#235,1254,3072
#235,1214,3072
#235,1213,3072
#235,1197,3072
#235,1194,3072
#235,1198,3072
235,1277,3072,213.242
#293,2003,3584
#293,1848,3584
#293,1664,3584
#293,1589,3584
#293,1579,3584
#293,1577,3584
#293,1557,3584
#293,1568,3584
#293,1573,3584
#293,1554,3584
293,1651.2,3584,288.862
#366,2613,4352
#366,2434,4352
#366,2017,4352
#366,1960,4352
#366,1964,4352
#366,1950,4352
#366,1963,4352
#366,1953,4352
#366,1938,4352
#366,1949,4352
366,2074.1,4352,458.225
#457,3034,5376
#457,2786,5376
#457,2466,5376
#457,2382,5376
#457,2382,5376
#457,2371,5376
#457,2364,5376
#457,2380,5376
#457,2372,5376
#457,2362,5376
457,2489.9,5376,438.133
#571,3758,6400
#571,3548,6400
#571,3195,6400
#571,3035,6400
#571,3042,6400
#571,3013,6400
#571,3027,6400
#571,3007,6400
#571,3022,6400
#571,3198,6400
571,3184.5,6400,496.433
#713,4878,7936
#713,4487,7936
#713,4073,7936
#713,4027,7936
#713,4029,7936
#713,3993,7936
#713,4079,7936
#713,4002,7936
#713,3980,7936
#713,3962,7936
713,4151,7936,563.943
#891,6830,9472
#891,5887,9472
#891,5197,9472
#891,5003,9472
#891,4944,9472
#891,4917,9472
#891,4856,9472
#891,4831,9472
#891,4843,9472
#891,4854,9472
891,5216.2,9472,1234.88
#1113,8576,11648
#1113,7875,11648
#1113,6709,11648
#1113,6610,11648
#1113,6354,11648
#1113,6311,11648
#1113,6312,11648
#1113,6251,11648
#1113,6259,11648
#1113,6245,11648
1113,6750.2,11648,1537.23
#1391,9744,14720
#1391,8953,14720
#1391,8176,14720
#1391,7940,14720
#1391,7880,14720
#1391,7698,14720
#1391,7700,14720
#1391,7668,14720
#1391,7661,14720
#1391,7682,14720
1391,8110.2,14720,1324.35
#1738,13052,18304
#1738,12054,18304
#1738,10679,18304
#1738,10048,18304
#1738,9950,18304
#1738,9875,18304
#1738,9646,18304
#1738,9683,18304
#1738,9707,18304
#1738,9671,18304
1738,10436.5,18304,2238.72
#2172,16672,22528
#2172,15735,22528
#2172,14252,22528
#2172,13453,22528
#2172,13193,22528
#2172,12787,22528
#2172,12748,22528
#2172,12767,22528
#2172,12745,22528
#2172,12725,22528
2172,13707.7,22528,2688.43
#2715,20396,27648
#2715,18952,27648
#2715,17286,27648
#2715,16568,27648
#2715,16258,27648
#2715,15986,27648
#2715,15715,27648
#2715,15522,27648
#2715,15539,27648
#2715,15490,27648
2715,16771.2,27648,3157.03
#3393,26558,34944
#3393,25030,34944
#3393,23041,34944
#3393,22035,34944
#3393,21501,34944
#3393,21045,34944
#3393,20679,34944
#3393,20537,34944
#3393,32976,34944
#3393,20002,34944
3393,23340.4,34944,7552.1
#4241,34796,42624
#4241,33479,42624
#4241,31537,42624
#4241,30003,42624
#4241,29256,42624
#4241,41483,42624
#4241,28877,42624
#4241,28644,42624
#4241,28348,42624
#4241,28209,42624
4241,31463.2,42624,7937.44
#5301,42974,53632
#5301,41818,53632
#5301,39676,53632
#5301,37660,53632
#5301,37227,53632
#5301,36646,53632
#5301,36084,53632
#5301,35733,53632
#5301,35709,53632
#5301,35580,53632
5301,37910.7,53632,5079.72
#6626,54224,67200
#6626,57444,67200
#6626,51017,67200
#6626,49964,67200
#6626,48587,67200
#6626,48112,67200
#6626,47318,67200
#6626,46820,67200
#6626,46520,67200
#6626,46356,67200
6626,49636.2,67200,6963.42
#8282,69530,84096
#8282,68559,84096
#8282,67042,84096
#8282,65827,84096
#8282,64067,84096
#8282,63343,84096
#8282,62990,84096
#8282,62342,84096
#8282,62137,84096
#8282,61849,84096
8282,64768.6,84096,5304.8
#10352,87188,105216
#10352,86405,105216
#10352,83733,105216
#10352,82466,105216
#10352,81204,105216
#10352,80750,105216
#10352,80237,105216
#10352,79978,105216
#10352,79478,105216
#10352,78777,105216
10352,82021.6,105216,5501.86
#12940,108290,131456
#12940,108290,131456
#12940,105516,131456
#12940,104596,131456
#12940,103678,131456
#12940,103141,131456
#12940,102640,131456
#12940,102665,131456
#12940,102082,131456
#12940,101929,131456
12940,104283,131456,4521.22
#16175,140265,164096
#16175,139669,164096
#16175,138278,164096
#16175,136763,164096
#16175,142510,164096
#16175,146358,164096
#16175,132482,164096
#16175,132257,164096
#16175,131756,164096
#16175,131596,164096
16175,137193,164096,9729.18
#20218,175116,204672
#20218,175794,204672
#20218,173503,204672
#20218,173291,204672
#20218,172616,204672
#20218,174285,204672
#20218,171730,204672
#20218,192868,204672
#20218,181111,204672
#20218,181447,204672
20218,177176,204672,12223.1
#25272,226310,255232
#25272,226838,255232
#25272,229288,255232
#25272,224622,255232
#25272,224358,255232
#25272,223910,255232
#25272,223531,255232
#25272,224228,255232
#25272,223612,255232
#25272,223672,255232
25272,225037,255232,3558.36
#31590,302971,318336
#31590,303708,318336
#31590,303254,318336
#31590,302567,318336
#31590,302461,318336
#31590,302391,318336
#31590,302418,318336
#31590,302212,318336
#31590,303944,318336
#31590,302427,318336
31590,302835,318336,1152.98
#39487,391326,396544
#39487,396381,396544
#39487,397511,396544
#39487,383182,396544
#39487,399723,396544
#39487,390462,396544
#39487,391044,396544
#39487,390288,396544
#39487,390120,396544
#39487,390579,396544
39487,392062,396544,8925.17
#49358,500096,494080
#49358,501666,494080
#49358,511344,494080
#49358,487227,494080
#49358,509227,494080
#49358,500936,494080
#49358,498417,494080
#49358,498158,494080
#49358,499095,494080
#49358,498112,494080
49358,500428,494080,12475.4
#61697,653210,615680
#61697,653030,615680
#61697,655091,615680
#61697,653764,615680
#61697,652771,615680
#61697,653091,615680
#61697,653517,615680
#61697,653683,615680
#61697,654316,615680
#61697,653008,615680
61697,653548,615680,1345.1
#77121,868451,767232
#77121,865663,767232
#77121,859823,767232
#77121,878168,767232
#77121,842727,767232
#77121,838521,767232
#77121,838794,767232
#77121,840183,767232
#77121,841144,767232
#77121,840032,767232
77121,851351,767232,28578.7
#96401,1007513,955648
#96401,1050047,955648
#96401,1053702,955648
#96401,1031688,955648
#96401,1030864,955648
#96401,1035059,955648
#96401,1034422,955648
#96401,1033854,955648
#96401,1032130,955648
#96401,1032921,955648
96401,1.03422e+06,955648,23391.6
#120501,1215609,1223552
#120501,1207728,1223552
#120501,1207900,1223552
#120501,1207860,1223552
#120501,1248265,1223552
#120501,1237749,1223552
#120501,1241023,1223552
#120501,1240936,1223552
#120501,1239396,1223552
#120501,1237666,1223552
120501,1.22841e+06,1223552,31230.5
#150626,1654176,1523840
#150626,1638435,1523840
#150626,1631925,1523840
#150626,1633054,1523840
#150626,1643650,1523840
#150626,1633725,1523840
#150626,1632362,1523840
#150626,1632983,1523840
#150626,1634531,1523840
#150626,1632560,1523840
150626,1.63674e+06,1523840,13507.5
#188282,2151407,1897600
#188282,2115075,1897600
#188282,2092398,1897600
#188282,2086202,1897600
#188282,2086752,1897600
#188282,2087739,1897600
#188282,2086700,1897600
#188282,2090118,1897600
#188282,2083931,1897600
#188282,2088022,1897600
188282,2.09683e+06,1897600,40099.7
#235352,2574939,2363136
#235352,2506395,2363136
#235352,2528110,2363136
#235352,2537583,2363136
#235352,2537604,2363136
#235352,2543195,2363136
#235352,2540959,2363136
#235352,2537694,2363136
#235352,2537591,2363136
#235352,2536557,2363136
235352,2.53806e+06,2363136,31620
#294190,3531598,2942720
#294190,3426899,2942720
#294190,3391543,2942720
#294190,3392117,2942720
#294190,3384569,2942720
#294190,3381272,2942720
#294190,3379619,2942720
#294190,3396808,2942720
#294190,3385323,2942720
#294190,3378420,2942720
294190,3.40482e+06,2942720,88631.3
#367737,4468457,3664384
#367737,4287590,3664384
#367737,4224597,3664384
#367737,4352690,3664384
#367737,4313936,3664384
#367737,4349616,3664384
#367737,4296008,3664384
#367737,4211387,3664384
#367737,4429412,3664384
#367737,4347077,3664384
367737,4.32808e+06,3664384,153099
#459671,5441537,4562944
#459671,5347692,4562944
#459671,5374551,4562944
#459671,5368531,4562944
#459671,5546190,4562944
#459671,5338559,4562944
#459671,5296512,4562944
#459671,5290241,4562944
#459671,5428679,4562944
#459671,5330161,4562944
459671,5.37627e+06,4562944,147064
#574588,7664952,5681664
#574588,7971589,5681664
#574588,9407714,5681664
#574588,7062886,5681664
#574588,7395854,5681664
#574588,7666029,5681664
#574588,7960518,5681664
#574588,7380266,5681664
#574588,7488544,5681664
#574588,7487366,5681664
574588,7.74857e+06,5681664,1.22103e+06
#718235,12862815,7271040
#718235,11995289,7271040
#718235,12115443,7271040
#718235,12433872,7271040
#718235,12187388,7271040
#718235,11754968,7271040
#718235,12488066,7271040
#718235,12580788,7271040
#718235,12008828,7271040
#718235,12265859,7271040
718235,1.22693e+07,7271040,620350
#897793,20391974,9053184
#897793,19626365,9053184
#897793,20290477,9053184
#897793,20198283,9053184
#897793,19730936,9053184
#897793,20188640,9053184
#897793,19814802,9053184
#897793,19943239,9053184
#897793,19743882,9053184
#897793,19248577,9053184
897793,1.99177e+07,9053184,670811
#1122241,29272965,11272448
#1122241,29382143,11272448
#1122241,29460279,11272448
#1122241,29288869,11272448
#1122241,29021536,11272448
#1122241,29380285,11272448
#1122241,29401631,11272448
#1122241,29286819,11272448
#1122241,29335638,11272448
#1122241,29923490,11272448
1122241,2.93754e+07,11272448,429415
#1402801,44905766,14035456
#1402801,45323545,14035456
#1402801,45156335,14035456
#1402801,45253472,14035456
#1402801,47099876,14035456
#1402801,46879965,14035456
#1402801,47230967,14035456
#1402801,44980449,14035456
#1402801,45399405,14035456
#1402801,45210457,14035456
1402801,4.5744e+07,14035456,1.76541e+06
#1753501,62171569,17475584
#1753501,61490782,17475584
#1753501,61683993,17475584
#1753501,61782792,17475584
#1753501,61992766,17475584
#1753501,62685574,17475584
#1753501,62002828,17475584
#1753501,61732036,17475584
#1753501,61666836,17475584
#1753501,61809339,17475584
1753501,6.19019e+07,17475584,641459
#2191876,76242400,21758848
#2191876,76865497,21758848
#2191876,78588580,21758848
#2191876,79968778,21758848
#2191876,78867419,21758848
#2191876,77622589,21758848
#2191876,77373243,21758848
#2191876,77601287,21758848
#2191876,76806518,21758848
#2191876,77182364,21758848
2191876,7.77119e+07,21758848,2.1268e+06
#2739845,112038602,27091712
#2739845,106475603,27091712
#2739845,106757739,27091712
#2739845,107111494,27091712
#2739845,107121160,27091712
#2739845,106864079,27091712
#2739845,107408419,27091712
#2739845,106727627,27091712
#2739845,106918512,27091712
#2739845,107341546,27091712
2739845,1.07476e+08,27091712,3.08939e+06
#3424806,133688500,34668672
#3424806,133196850,34668672
#3424806,133900651,34668672
#3424806,134042980,34668672
#3424806,133507762,34668672
#3424806,134268989,34668672
#3424806,133626922,34668672
#3424806,134334514,34668672
#3424806,134207832,34668672
#3424806,133345033,34668672
3424806,1.33812e+08,34668672,758495
#4281007,171023639,43165568
#4281007,171158499,43165568
#4281007,170826149,43165568
#4281007,171076851,43165568
#4281007,171747424,43165568
#4281007,176999798,43165568
#4281007,171451989,43165568
#4281007,171852662,43165568
#4281007,171330145,43165568
#4281007,171394142,43165568
4281007,1.71886e+08,43165568,3.46187e+06
#5351258,219055601,53744640
#5351258,219114424,53744640
#5351258,219586729,53744640
#5351258,219423523,53744640
#5351258,218626724,53744640
#5351258,218690069,53744640
#5351258,219308713,53744640
#5351258,218996032,53744640
#5351258,219078545,53744640
#5351258,218984901,53744640
5351258,2.19087e+08,53744640,566409
#6689072,279309804,66916480
#6689072,278052595,66916480
#6689072,277587698,66916480
#6689072,278330961,66916480
#6689072,282659987,66916480
#6689072,277726924,66916480
#6689072,277752957,66916480
#6689072,278596742,66916480
#6689072,278348947,66916480
#6689072,277889937,66916480
6689072,2.78626e+08,66916480,2.85829e+06
#8361340,352605218,83315968
#8361340,353852117,83315968
#8361340,359393761,83315968
#8361340,353926828,83315968
#8361340,355995859,83315968
#8361340,354544923,83315968
#8361340,355301082,83315968
#8361340,360106042,83315968
#8361340,355617459,83315968
#8361340,355290694,83315968
8361340,3.55663e+08,83315968,4.51377e+06
