#1,361,256
#1,64,256
#1,26,256
#1,27,256
1,119.5,256,280.537
#2,57,256
#2,34,256
#2,29,256
#2,29,256
2,37.25,256,23.1679
#3,52,256
#3,49,256
#3,38,256
#3,38,256
3,44.25,256,12.6787
#4,70,256
#4,44,256
#4,39,256
#4,41,256
4,48.5,256,25.0799
#5,67,256
#5,55,256
#5,47,256
#5,46,256
5,53.75,256,16.8152
#6,82,256
#6,55,256
#6,51,256
#6,51,256
6,59.75,256,25.8988
#7,78,256
#7,61,256
#7,56,256
#7,56,256
7,62.75,256,18.0762
#8,94,256
#8,66,256
#8,60,256
#8,74,256
8,73.5,256,25.671
#9,81,256
#9,71,256
#9,66,256
#9,65,256
9,70.75,256,12.6787
#10,134,256
#10,102,256
#10,72,256
#10,71,256
10,94.75,256,51.718
#12,109,256
#12,98,256
#12,92,256
#12,92,256
12,97.75,256,13.8834
#14,105,384
#14,106,384
#14,129,384
#14,94,384
14,108.5,384,25.4755
#16,115,384
#16,109,384
#16,120,384
#16,95,384
16,109.75,384,18.7283
#19,174,384
#19,131,384
#19,111,384
#19,112,384
19,132,384,51.049
#22,198,384
#22,173,384
#22,168,384
#22,174,384
22,178.25,384,23.254
#26,229,640
#26,175,640
#26,172,640
#26,170,640
26,186.5,640,49.2037
#31,240,640
#31,217,640
#31,202,640
#31,177,640
31,209,640,45.8039
#37,315,640
#37,286,640
#37,222,640
#37,200,640
37,255.75,640,93.1276
#44,311,896
#44,291,896
#44,260,896
#44,250,896
44,278,896,48.6415
#52,344,1152
#52,319,1152
#52,310,1152
#52,267,1152
52,310,1152,55.5518
#62,437,1152
#62,407,1152
#62,380,1152
#62,310,1152
62,383.5,1152,93.9628
#74,578,1408
#74,526,1408
#74,479,1408
#74,389,1408
74,493,1408,139.018
#88,653,1664
#88,630,1664
#88,502,1664
#88,454,1664
88,559.75,1664,167.776
#105,711,2176
#105,683,2176
#105,624,2176
#105,555,2176
105,643.25,2176,119.703
#126,908,2432
#126,881,2432
#126,678,2432
#126,673,2432
126,785,2432,219.859
#151,1104,2944
#151,1081,2944
#151,868,2944
#151,859,2944
151,978,2944,229.665
#181,1637,3456
#181,1413,3456
#181,1027,3456
#181,926,3456
181,1250.75,3456,575.361
#217,1578,4224
#217,1446,4224
#217,1154,4224
#217,1108,4224
217,1321.5,4224,393.613
#260,2482,5248
#260,2204,5248
#260,1592,5248
#260,1330,5248
260,1902,5248,922.436
#312,2811,5760
#312,2363,5760
#312,1758,5760
#312,1548,5760
312,2120,5760,997.376
#374,3482,6272
#374,2834,6272
#374,2249,6272
#374,1947,6272
374,2628,6272,1174.37
#448,4413,7040
#448,3622,7040
#448,2609,7040
#448,2313,7040
448,3239.25,7040,1667.14
#537,5299,8064
#537,4302,8064
#537,3144,8064
#537,3038,8064
537,3945.75,8064,1850.68
#644,6429,9088
#644,5463,9088
#644,4181,9088
#644,3865,9088
644,4984.5,9088,2052.91
#772,6436,10368
#772,5460,10368
#772,4654,10368
#772,4449,10368
772,5249.75,10368,1564.45
#926,9495,12032
#926,8056,12032
#926,6452,12032
#926,5748,12032
926,7437.75,12032,2905.42
#1111,11863,13568
#1111,10258,13568
#1111,8271,13568
#1111,7317,13568
1111,9427.25,13568,3523.22
#1333,15728,15872
#1333,14029,15872
#1333,11821,15872
#1333,10482,15872
1333,13015,15872,4028.68
#1599,18605,18688
#1599,16655,18688
#1599,14056,18688
#1599,12856,18688
1599,15543,18688,4477
#1918,24554,21888
#1918,22720,21888
#1918,19869,21888
#1918,18515,21888
1918,21414.5,21888,4728.26
#2301,31048,25728
#2301,29686,25728
#2301,27020,25728
#2301,25387,25728
2301,28285.2,25728,4426.69
#2761,33112,30336
#2761,32311,30336
#2761,29726,30336
#2761,28760,30336
2761,30977.2,30336,3580.21
#3313,43981,35840
#3313,43352,35840
#3313,40263,35840
#3313,37668,35840
3313,41316,35840,5065.99
#3975,53248,42240
#3975,52560,42240
#3975,50064,42240
#3975,47629,42240
3975,50875.2,42240,4434.48
#4770,63110,49792
#4770,62793,49792
#4770,58969,49792
#4770,57407,49792
4770,60569.8,49792,4895.01
#5724,77894,60288
#5724,76461,60288
#5724,74274,60288
#5724,72158,60288
5724,75196.8,60288,4354.19
#6868,94436,71040
#6868,93101,71040
#6868,91288,71040
#6868,89101,71040
6868,91981.5,71040,4007
#8241,116011,86016
#8241,113763,86016
#8241,112153,86016
#8241,110728,86016
8241,113164,86016,3926.89
#9889,154061,101376
#9889,165253,101376
#9889,156919,101376
#9889,154429,101376
9889,157666,101376,9032.98
#11866,175065,122880
#11866,173476,122880
#11866,172208,122880
#11866,171863,122880
11866,173153,122880,2513.4
#14239,217299,144896
#14239,215689,144896
#14239,214040,144896
#14239,213549,144896
14239,215144,144896,2950.24
#17086,305510,175360
#17086,303011,175360
#17086,305521,175360
#17086,303419,175360
17086,304365,175360,2318.53
#20503,356536,206592
#20503,352279,206592
#20503,353892,206592
#20503,352332,206592
20503,353760,206592,3457.77
#24603,437803,250240
#24603,449433,250240
#24603,447511,250240
#24603,447848,250240
24603,445649,250240,9175.02
#29523,489923,294912
#29523,490214,294912
#29523,488850,294912
#29523,487990,294912
29523,489244,294912,1769.09
#35427,609002,357120
#35427,609873,357120
#35427,602928,357120
#35427,578255,357120
35427,600014,357120,25689.1
#42512,758642,432512
#42512,755046,432512
#42512,758716,432512
#42512,766217,432512
42512,759655,432512,8136.99
#51014,964914,509824
#51014,966180,509824
#51014,912178,509824
#51014,912898,509824
51014,939042,509824,53019
#61216,1135534,617600
#61216,1130754,617600
#61216,1127612,617600
#61216,1103778,617600
61216,1.12442e+06,617600,24493.3
#73459,1309137,748416
#73459,1319603,748416
#73459,1272864,748416
#73459,1266528,748416
73459,1.29203e+06,748416,45503.9
#88150,1677333,882048
#88150,1637063,882048
#88150,1634053,882048
#88150,1631050,882048
88150,1.64487e+06,882048,37720
#105780,2008414,1068544
#105780,1912077,1068544
#105780,1907525,1068544
#105780,1906653,1068544
105780,1.93367e+06,1068544,86408.3
#126936,2413158,1259520
#126936,2346425,1259520
#126936,2362548,1259520
#126936,2294983,1259520
126936,2.35428e+06,1259520,84337.5
#152323,2907155,1525760
#152323,2775152,1525760
#152323,2699434,1525760
#152323,2698072,1525760
152323,2.76995e+06,1525760,170268
#182787,3658610,1848192
#182787,3549480,1848192
#182787,3465527,1848192
#182787,3451398,1848192
182787,3.53125e+06,1848192,165072
#219344,4232227,2178432
#219344,4076403,2178432
#219344,4010791,2178432
#219344,3996156,2178432
219344,4.07889e+06,2178432,187085
#263212,5115817,2638848
#263212,4882735,2638848
#263212,4854047,2638848
#263212,4836534,2638848
263212,4.92228e+06,2638848,225895
#315854,6132276,3196928
#315854,5934019,3196928
#315854,5807624,3196928
#315854,5876996,3196928
315854,5.93773e+06,3196928,241822
#379024,7356786,3768192
#379024,7060694,3768192
#379024,6907863,3768192
#379024,6926301,3768192
379024,7.06291e+06,3768192,359263
#454828,8672891,4564864
#454828,8272367,4564864
#454828,8221412,4564864
#454828,8307697,4564864
454828,8.36859e+06,4564864,356689
#545793,11570114,5529984
#545793,10761441,5529984
#545793,10708416,5529984
#545793,10747482,5529984
545793,1.09469e+07,5529984,720717
#654951,14099896,6518016
#654951,13824653,6518016
#654951,13355537,6518016
#654951,13579026,6518016
654951,1.37148e+07,6518016,554861
#785941,20810108,7895936
#785941,19393740,7895936
#785941,18606278,7895936
#785941,18385244,7895936
785941,1.92988e+07,7895936,1.89927e+06
#943129,27738918,9565184
#943129,26774104,9565184
#943129,26344916,9565184
#943129,26581949,9565184
943129,2.686e+07,9565184,1.05948e+06
#1131754,37399043,11274368
#1131754,36830156,11274368
#1131754,38219518,11274368
#1131754,36748968,11274368
1131754,3.72994e+07,11274368,1.17461e+06
#1358104,48795515,13657984
#1358104,48574313,13657984
#1358104,48336016,13657984
#1358104,48647526,13657984
1358104,4.85883e+07,13657984,332097
#1629724,61773412,16545536
#1629724,61041156,16545536
#1629724,61706943,16545536
#1629724,61828462,16545536
1629724,6.15875e+07,16545536,636698
#1955668,76198381,19501824
#1955668,75010754,19501824
#1955668,74509383,19501824
#1955668,75146502,19501824
1955668,7.52163e+07,19501824,1.22936e+06
#2346801,96801749,23624960
#2346801,97251655,23624960
#2346801,97058709,23624960
#2346801,97380035,23624960
2346801,9.7123e+07,23624960,435838
#2816161,119155095,27846272
#2816161,119569006,27846272
#2816161,119662770,27846272
#2816161,119315656,27846272
2816161,1.19426e+08,27846272,402586
#3379393,145434743,33733504
#3379393,148764643,33733504
#3379393,146740687,33733504
#3379393,146445556,33733504
3379393,1.46846e+08,33733504,2.4175e+06
#4055271,178496681,40865664
#4055271,178076034,40865664
#4055271,178486905,40865664
#4055271,177994916,40865664
4055271,1.78264e+08,40865664,459961
#4866325,216635807,48167552
#4866325,217341756,48167552
#4866325,218707860,48167552
#4866325,225006950,48167552
4866325,2.19423e+08,48167552,6.61755e+06
#5839590,260236979,58351104
#5839590,263013188,58351104
#5839590,262967143,58351104
#5839590,262082743,58351104
5839590,2.62075e+08,58351104,2.24822e+06
#7007508,314393823,70687744
#7007508,316864054,70687744
#7007508,316868791,70687744
#7007508,317005431,70687744
7007508,3.16283e+08,70687744,2.18442e+06
#8409009,385720239,83317888
#8409009,385362150,83317888
#8409009,387174115,83317888
#8409009,386172142,83317888
8409009,3.86107e+08,83317888,1.35918e+06
