#1,309,256
#1,65,256
#1,32,256
#1,31,256
#1,32,256
1,93.8,256,216.745
#2,50,256
#2,49,256
#2,36,256
#2,37,256
#2,36,256
2,41.6,256,12.9368
#3,61,256
#3,47,256
#3,43,256
#3,42,256
#3,41,256
3,46.8,256,14.7729
#4,54,256
#4,55,256
#4,47,256
#4,60,256
#4,44,256
4,52,256,11.5239
#5,63,256
#5,59,256
#5,52,256
#5,51,256
#5,52,256
5,55.4,256,9.5163
#6,74,256
#6,60,256
#6,71,256
#6,56,256
#6,54,256
6,63,256,16.0997
#7,77,256
#7,63,256
#7,61,256
#7,61,256
#7,61,256
7,64.6,256,12.4964
#8,84,256
#8,71,256
#8,67,256
#8,66,256
#8,66,256
8,70.8,256,13.7055
#9,76,256
#9,77,256
#9,71,256
#9,72,256
#9,72,256
9,73.6,256,4.83322
#10,81,256
#10,84,256
#10,77,256
#10,94,256
#10,78,256
10,82.8,256,12.2246
#11,86,256
#11,86,256
#11,78,256
#11,82,256
#11,82,256
11,82.8,256,5.98665
#12,92,256
#12,94,256
#12,88,256
#12,88,256
#12,87,256
12,89.8,256,5.42586
#13,134,640
#13,113,640
#13,90,640
#13,88,640
#13,89,640
13,102.8,640,36.3406
#14,98,640
#14,103,640
#14,112,640
#14,101,640
#14,101,640
14,103,640,9.54987
#15,107,640
#15,117,640
#15,104,640
#15,104,640
#15,115,640
15,109.4,640,11.0707
#16,110,640
#16,117,640
#16,111,640
#16,110,640
#16,111,640
16,111.8,640,5.27636
#17,120,640
#17,117,640
#17,117,640
#17,117,640
#17,116,640
17,117.4,640,2.71293
#18,154,640
#18,150,640
#18,151,640
#18,117,640
#18,116,640
18,137.6,640,34.5624
#19,130,640
#19,144,640
#19,142,640
#19,154,640
#19,124,640
19,138.8,640,21.2565
#20,132,640
#20,134,640
#20,130,640
#20,132,640
#20,133,640
20,132.2,640,2.6533
#21,143,640
#21,146,640
#21,149,640
#21,142,640
#21,139,640
21,143.8,640,6.85857
#22,143,640
#22,155,640
#22,143,640
#22,140,640
#22,143,640
22,144.8,640,10.4614
#23,186,640
#23,178,640
#23,164,640
#23,149,640
#23,151,640
23,165.6,640,29.1369
#24,227,640
#24,217,640
#24,198,640
#24,159,640
#24,150,640
24,190.2,640,61.4674
#25,173,640
#25,186,640
#25,181,640
#25,153,640
#25,167,640
25,172,640,23.0478
#26,165,640
#26,179,640
#26,177,640
#26,178,640
#26,165,640
26,172.8,640,12.8
#27,203,640
#27,221,640
#27,197,640
#27,165,640
#27,164,640
27,190,640,44.5421
#28,219,640
#28,220,640
#28,214,640
#28,172,640
#28,170,640
28,199,640,45.9217
#29,232,640
#29,238,640
#29,217,640
#29,210,640
#29,188,640
29,217,640,35.2817
#30,222,640
#30,214,640
#30,221,640
#30,185,640
#30,188,640
30,206,640,32.3728
#31,216,640
#31,240,640
#31,224,640
#31,211,640
#31,201,640
31,218.4,640,26.248
#32,221,640
#32,222,640
#32,212,640
#32,210,640
#32,212,640
32,215.4,640,10.0876
#33,213,640
#33,215,640
#33,213,640
#33,209,640
#33,211,640
33,212.2,640,4.07922
#34,330,640
#34,302,640
#34,247,640
#34,223,640
#34,205,640
34,261.4,640,94.7299
#35,267,640
#35,272,640
#35,247,640
#35,217,640
#35,225,640
35,245.6,640,43.8105
#36,311,640
#36,294,640
#36,238,640
#36,230,640
#36,225,640
36,259.6,640,71.3594
#37,249,1536
#37,232,1536
#37,230,1536
#37,204,1536
#37,202,1536
37,223.4,1536,35.8575
#38,228,1536
#38,227,1536
#38,220,1536
#38,215,1536
#38,235,1536
38,225,1536,13.7986
#39,210,1536
#39,219,1536
#39,212,1536
#39,229,1536
#39,211,1536
39,216.2,1536,14.2773
#40,241,1536
#40,238,1536
#40,226,1536
#40,244,1536
#40,224,1536
40,234.6,1536,16.179
#42,237,1536
#42,241,1536
#42,236,1536
#42,237,1536
#42,257,1536
42,241.6,1536,15.7785
#44,277,1536
#44,276,1536
#44,256,1536
#44,252,1536
#44,270,1536
44,266.2,1536,20.6456
#46,289,1536
#46,281,1536
#46,288,1536
#46,260,1536
#46,261,1536
46,275.8,1536,25.5937
#48,340,1536
#48,330,1536
#48,318,1536
#48,298,1536
#48,266,1536
48,310.4,1536,52.4839
#50,366,1536
#50,354,1536
#50,297,1536
#50,313,1536
#50,277,1536
50,321.4,1536,67.4638
#52,289,1536
#52,291,1536
#52,279,1536
#52,297,1536
#52,281,1536
52,287.4,1536,13.2424
#54,314,1536
#54,309,1536
#54,328,1536
#54,297,1536
#54,292,1536
54,308,1536,25.5186
#56,319,1536
#56,306,1536
#56,307,1536
#56,317,1536
#56,304,1536
56,310.6,1536,12.3028
#58,447,1536
#58,397,1536
#58,354,1536
#58,335,1536
#58,321,1536
58,370.8,1536,91.812
#60,361,1536
#60,351,1536
#60,354,1536
#60,317,1536
#60,336,1536
60,343.8,1536,31.379
#63,351,1536
#63,352,1536
#63,332,1536
#63,350,1536
#63,330,1536
63,343,1536,19.6774
#66,435,1536
#66,400,1536
#66,361,1536
#66,357,1536
#66,352,1536
66,381,1536,63.8373
#69,420,1536
#69,442,1536
#69,376,1536
#69,353,1536
#69,364,1536
69,391,1536,68.352
#72,470,1536
#72,446,1536
#72,408,1536
#72,374,1536
#72,382,1536
72,416,1536,73.7564
#75,447,1536
#75,463,1536
#75,430,1536
#75,383,1536
#75,389,1536
75,422.4,1536,63.1139
#78,485,1536
#78,468,1536
#78,441,1536
#78,439,1536
#78,433,1536
78,453.2,1536,39.8878
#81,426,1536
#81,430,1536
#81,416,1536
#81,416,1536
#81,430,1536
81,423.6,1536,12.7499
#85,608,1536
#85,572,1536
#85,495,1536
#85,477,1536
#85,477,1536
85,525.8,1536,108.084
#89,467,2560
#89,471,2560
#89,457,2560
#89,457,2560
#89,452,2560
89,460.8,2560,14.1082
#93,529,2560
#93,511,2560
#93,507,2560
#93,500,2560
#93,506,2560
93,510.6,2560,19.7018
#97,506,2560
#97,494,2560
#97,494,2560
#97,495,2560
#97,504,2560
97,498.6,2560,10.5527
#101,548,2560
#101,549,2560
#101,537,2560
#101,530,2560
#101,532,2560
101,539.2,2560,15.8695
#106,614,2560
#106,600,2560
#106,587,2560
#106,585,2560
#106,559,2560
106,589,2560,36.5075
#111,648,2560
#111,639,2560
#111,595,2560
#111,589,2560
#111,592,2560
111,612.6,2560,50.9211
#116,634,2560
#116,635,2560
#116,621,2560
#116,608,2560
#116,615,2560
116,622.6,2560,21.113
#121,708,2560
#121,704,2560
#121,676,2560
#121,645,2560
#121,651,2560
121,676.8,2560,52.083
#127,674,2560
#127,648,2560
#127,643,2560
#127,644,2560
#127,645,2560
127,650.8,2560,23.4401
#133,804,2560
#133,773,2560
#133,761,2560
#133,743,2560
#133,748,2560
133,765.8,2560,43.5504
#139,798,2560
#139,747,2560
#139,725,2560
#139,755,2560
#139,739,2560
139,752.8,2560,49.3542
#145,941,2560
#145,903,2560
#145,866,2560
#145,832,2560
#145,836,2560
145,875.6,2560,82.8937
#152,905,2560
#152,871,2560
#152,839,2560
#152,844,2560
#152,816,2560
152,855,2560,61.018
#159,893,2560
#159,907,2560
#159,881,2560
#159,827,2560
#159,838,2560
159,869.2,2560,62.5383
#166,938,2560
#166,947,2560
#166,885,2560
#166,873,2560
#166,866,2560
166,901.8,2560,67.8044
#174,960,2560
#174,973,2560
#174,876,2560
#174,893,2560
#174,879,2560
174,916.2,2560,83.3441
#182,1324,2560
#182,1207,2560
#182,1001,2560
#182,957,2560
#182,948,2560
182,1087.4,2560,302.239
#191,1001,4608
#191,1010,4608
#191,968,4608
#191,964,4608
#191,959,4608
191,980.4,4608,41.7727
#200,1088,4608
#200,1095,4608
#200,1053,4608
#200,1068,4608
#200,1056,4608
200,1072,4608,33.6809
#210,1098,4608
#210,1102,4608
#210,1080,4608
#210,1062,4608
#210,1063,4608
210,1081,4608,33.6571
#220,1137,4608
#220,1128,4608
#220,1126,4608
#220,1121,4608
#220,1114,4608
220,1125.2,4608,15.2525
#231,1269,4608
#231,1278,4608
#231,1225,4608
#231,1182,4608
#231,1182,4608
231,1227.2,4608,82.0673
#242,1374,4608
#242,1258,4608
#242,1245,4608
#242,1262,4608
#242,1254,4608
242,1278.6,4608,96.0633
#254,1396,4608
#254,1392,4608
#254,1362,4608
#254,1353,4608
#254,1352,4608
254,1371,4608,38.2832
#266,1406,4608
#266,1402,4608
#266,1398,4608
#266,1393,4608
#266,1369,4608
266,1393.6,4608,26.0645
#279,1387,4608
#279,1422,4608
#279,1388,4608
#279,1387,4608
#279,1410,4608
279,1398.8,4608,29.104
#292,1663,4608
#292,1656,4608
#292,1537,4608
#292,1501,4608
#292,1490,4608
292,1569.4,4608,150.448
#306,1778,4608
#306,1739,4608
#306,1586,4608
#306,1546,4608
#306,1557,4608
306,1641.2,4608,194.892
#321,1829,4608
#321,1774,4608
#321,1698,4608
#321,1681,4608
#321,1667,4608
321,1729.8,4608,123.712
#337,1883,4608
#337,1885,4608
#337,1722,4608
#337,1736,4608
#337,1706,4608
337,1786.4,4608,160.512
#353,2239,4608
#353,2295,4608
#353,1952,4608
#353,1894,4608
#353,1879,4608
353,2051.8,4608,356.551
#370,2444,4608
#370,2282,4608
#370,1945,4608
#370,1920,4608
#370,1937,4608
370,2105.6,4608,432.941
#388,1965,8704
#388,1945,8704
#388,1939,8704
#388,1925,8704
#388,1917,8704
388,1938.2,8704,33.3323
#407,2032,8704
#407,2045,8704
#407,2023,8704
#407,2005,8704
#407,2035,8704
407,2028,8704,26.9518
#427,2230,8704
#427,2222,8704
#427,2235,8704
#427,2234,8704
#427,2209,8704
427,2226,8704,19.308
#448,2485,8704
#448,2496,8704
#448,2412,8704
#448,2417,8704
#448,2426,8704
448,2447.2,8704,71.6145
#470,2606,8704
#470,2586,8704
#470,2480,8704
#470,2462,8704
#470,2500,8704
470,2526.8,8704,116.223
#493,2795,8704
#493,2809,8704
#493,2674,8704
#493,2649,8704
#493,2594,8704
493,2704.2,8704,168.121
#517,2936,8704
#517,2950,8704
#517,2832,8704
#517,2796,8704
#517,2753,8704
517,2853.4,8704,154.886
#542,2974,8704
#542,2993,8704
#542,2939,8704
#542,2911,8704
#542,2896,8704
542,2942.6,8704,73.2623
#569,3201,8704
#569,3218,8704
#569,3108,8704
#569,3092,8704
#569,3050,8704
569,3133.8,8704,129.741
#597,3413,8704
#597,3390,8704
#597,3296,8704
#597,3218,8704
#597,3171,8704
597,3297.6,8704,188.088
#626,3600,8704
#626,3595,8704
#626,3513,8704
#626,3474,8704
#626,3438,8704
626,3524,8704,129.102
#657,3947,8704
#657,3967,8704
#657,3690,8704
#657,3578,8704
#657,3592,8704
657,3754.8,8704,339.33
#689,4055,8704
#689,3955,8704
#689,3893,8704
#689,3854,8704
#689,3830,8704
689,3917.4,8704,161.496
#723,4802,8704
#723,4474,8704
#723,4075,8704
#723,3956,8704
#723,3910,8704
723,4243.4,8704,685.462
#759,5277,8704
#759,4952,8704
#759,4465,8704
#759,4241,8704
#759,4259,8704
759,4638.8,8704,818.825
#796,4346,16896
#796,4340,16896
#796,4309,16896
#796,4282,16896
#796,4283,16896
796,4312,16896,54.3323
#835,4497,16896
#835,4591,16896
#835,4491,16896
#835,4458,16896
#835,4493,16896
835,4506,16896,89.4606
#876,4695,16896
#876,4765,16896
#876,4698,16896
#876,4717,16896
#876,4690,16896
876,4713,16896,55.1217
#919,5073,16896
#919,5093,16896
#919,4985,16896
#919,4899,16896
#919,4893,16896
919,4988.6,16896,167.817
#964,5272,16896
#964,5365,16896
#964,5250,16896
#964,5182,16896
#964,5161,16896
964,5246,16896,144.704
#1012,5582,16896
#1012,5653,16896
#1012,5500,16896
#1012,5459,16896
#1012,5504,16896
1012,5539.6,16896,138.533
#1062,6029,16896
#1062,6037,16896
#1062,5872,16896
#1062,5791,16896
#1062,5769,16896
1062,5899.6,16896,228.447
#1115,6243,16896
#1115,6282,16896
#1115,6010,16896
#1115,5955,16896
#1115,5966,16896
1115,6091.2,16896,283.22
#1170,6498,16896
#1170,6525,16896
#1170,6332,16896
#1170,6337,16896
#1170,6292,16896
1170,6396.8,16896,190.651
#1228,7269,16896
#1228,7059,16896
#1228,6744,16896
#1228,6633,16896
#1228,6562,16896
1228,6853.4,16896,536.994
#1289,7529,16896
#1289,7561,16896
#1289,7280,16896
#1289,7183,16896
#1289,7153,16896
1289,7341.2,16896,343.829
#1353,8849,16896
#1353,8276,16896
#1353,7919,16896
#1353,7792,16896
#1353,7648,16896
1353,8096.8,16896,859.7
#1420,8978,16896
#1420,8456,16896
#1420,7911,16896
#1420,7855,16896
#1420,7739,16896
1420,8187.8,16896,931.726
#1491,9973,16896
#1491,9381,16896
#1491,8793,16896
#1491,8571,16896
#1491,8406,16896
1491,9024.8,16896,1155.35
#1565,8468,33280
#1565,8653,33280
#1565,8525,33280
#1565,8499,33280
#1565,8542,33280
1565,8537.4,33280,125.95
#1643,8856,33280
#1643,8992,33280
#1643,8963,33280
#1643,8936,33280
#1643,8906,33280
1643,8930.6,33280,93.8901
#1725,9795,33280
#1725,9882,33280
#1725,9860,33280
#1725,9853,33280
#1725,9847,33280
1725,9847.4,33280,57.5027
#1811,10131,33280
#1811,10277,33280
#1811,10184,33280
#1811,10140,33280
#1811,10140,33280
1811,10174.4,33280,109.066
#1901,10948,33280
#1901,11095,33280
#1901,10938,33280
#1901,10874,33280
#1901,10946,33280
1901,10960.2,33280,145.45
#1996,11421,33280
#1996,11635,33280
#1996,11369,33280
#1996,11416,33280
#1996,11394,33280
1996,11447,33280,191.57
#2095,12594,33280
#2095,12461,33280
#2095,12195,33280
#2095,12131,33280
#2095,12148,33280
2095,12305.8,33280,374.036
#2199,12444,33280
#2199,12557,33280
#2199,12360,33280
#2199,12295,33280
#2199,12274,33280
2199,12386,33280,208.05
#2308,13763,33280
#2308,13887,33280
#2308,13450,33280
#2308,13279,33280
#2308,13156,33280
2308,13507,33280,557.401
#2423,14898,33280
#2423,14587,33280
#2423,14251,33280
#2423,14065,33280
#2423,13955,33280
2423,14351.2,33280,694.848
#2544,15909,33280
#2544,15714,33280
#2544,15378,33280
#2544,15085,33280
#2544,14861,33280
2544,15389.4,33280,773.225
#2671,17515,33280
#2671,17083,33280
#2671,16712,33280
#2671,16134,33280
#2671,15937,33280
2671,16676.2,33280,1169.87
#2804,19058,33280
#2804,18683,33280
#2804,17836,33280
#2804,17372,33280
#2804,17024,33280
2804,17994.6,33280,1538.72
#2944,20965,33280
#2944,20148,33280
#2944,19047,33280
#2944,18609,33280
#2944,18077,33280
2944,19369.2,33280,2098.5
#3091,29777,33280
#3091,23995,33280
#3091,22316,33280
#3091,21307,33280
#3091,20766,33280
3091,23632.2,33280,6526.51
#3245,19249,66048
#3245,19518,66048
#3245,19398,66048
#3245,19395,66048
#3245,19292,66048
3245,19370.4,66048,187.696
#3407,20584,66048
#3407,20829,66048
#3407,20749,66048
#3407,20658,66048
#3407,20666,66048
3407,20697.2,66048,168.235
#3577,21880,66048
#3577,22108,66048
#3577,21901,66048
#3577,22019,66048
#3577,21917,66048
3577,21965,66048,172.023
#3755,23805,66048
#3755,24014,66048
#3755,23793,66048
#3755,23728,66048
#3755,23792,66048
3755,23826.4,66048,195.209
#3942,25075,66048
#3942,25203,66048
#3942,25006,66048
#3942,24974,66048
#3942,25031,66048
3942,25057.8,66048,159.506
#4139,27060,66048
#4139,27160,66048
#4139,26657,66048
#4139,26604,66048
#4139,26590,66048
4139,26814.2,66048,489.209
#4345,28280,66048
#4345,28366,66048
#4345,27976,66048
#4345,27837,66048
#4345,27816,66048
4345,28055,66048,454.517
#4562,29993,66048
#4562,30117,66048
#4562,29743,66048
#4562,29329,66048
#4562,29419,66048
4562,29720.2,66048,617.186
#4790,31680,66048
#4790,31740,66048
#4790,31278,66048
#4790,31035,66048
#4790,30984,66048
4790,31343.4,66048,631.916
#5029,34232,66048
#5029,34099,66048
#5029,33625,66048
#5029,33043,66048
#5029,32850,66048
5029,33569.8,66048,1101.72
#5280,36335,66048
#5280,35774,66048
#5280,35375,66048
#5280,34784,66048
#5280,47146,66048
5280,37882.8,66048,9318.42
#5544,38922,66048
#5544,38382,66048
#5544,36998,66048
#5544,36418,66048
#5544,35917,66048
5544,37327.4,66048,2294.28
#5821,44862,66048
#5821,43924,66048
#5821,42350,66048
#5821,41254,66048
#5821,40742,66048
5821,42626.4,66048,3123.14
#6112,50683,66048
#6112,49458,66048
#6112,61828,66048
#6112,48305,66048
#6112,47386,66048
6112,51532,66048,10531.2
#6417,42347,131584
#6417,42684,131584
#6417,42622,131584
#6417,42325,131584
#6417,42462,131584
6417,42488,131584,287.747
#6737,42918,131584
#6737,43251,131584
#6737,43252,131584
#6737,43161,131584
#6737,43032,131584
6737,43122.8,131584,260.422
#7073,43300,131584
#7073,43686,131584
#7073,43831,131584
#7073,43673,131584
#7073,43647,131584
7073,43627.4,131584,351.615
#7426,46433,131584
#7426,46993,131584
#7426,46818,131584
#7426,46792,131584
#7426,46549,131584
7426,46717,131584,400.881
#7797,50315,131584
#7797,50727,131584
#7797,53055,131584
#7797,50626,131584
#7797,50326,131584
7797,51009.8,131584,2070.84
#8186,53450,131584
#8186,53958,131584
#8186,53616,131584
#8186,53619,131584
#8186,53565,131584
8186,53641.6,131584,339.238
#8595,56975,131584
#8595,57464,131584
#8595,56973,131584
#8595,56716,131584
#8595,56590,131584
8595,56943.6,131584,599.667
#9024,60401,131584
#9024,60888,131584
#9024,60285,131584
#9024,60106,131584
#9024,60088,131584
9024,60353.6,131584,582.673
#9475,63902,131584
#9475,64226,131584
#9475,63674,131584
#9475,63081,131584
#9475,63117,131584
9475,63600,131584,890.486
#9948,68596,131584
#9948,68511,131584
#9948,67790,131584
#9948,66973,131584
#9948,66828,131584
9948,67739.6,131584,1483.16
#10445,73904,131584
#10445,74322,131584
#10445,73051,131584
#10445,72152,131584
#10445,71510,131584
10445,72987.8,131584,2098.75
#10967,80280,131584
#10967,80376,131584
#10967,79043,131584
#10967,80364,131584
#10967,77621,131584
10967,79536.8,131584,2164.25
#11515,88226,131584
#11515,88579,131584
#11515,87000,131584
#11515,85681,131584
#11515,84753,131584
11515,86847.8,131584,2921.54
#12090,100479,131584
#12090,100901,131584
#12090,99331,131584
#12090,97914,131584
#12090,96898,131584
12090,99104.6,131584,3027.06
#12694,90965,262656
#12694,89414,262656
#12694,89297,262656
#12694,89176,262656
#12694,89399,262656
12694,89650.2,262656,1325.81
#13328,94053,262656
#13328,94188,262656
#13328,93956,262656
#13328,93805,262656
#13328,93846,262656
13328,93969.6,262656,278.868
#13994,96783,262656
#13994,96990,262656
#13994,96962,262656
#13994,101532,262656
#13994,99584,262656
13994,98370.2,262656,3781.8
#14693,101922,262656
#14693,101732,262656
#14693,101918,262656
#14693,101806,262656
#14693,101762,262656
14693,101828,262656,157.46
#15427,107746,262656
#15427,108156,262656
#15427,107858,262656
#15427,107614,262656
#15427,107782,262656
15427,107831,262656,361.186
#16198,113602,262656
#16198,114323,262656
#16198,114008,262656
#16198,113822,262656
#16198,113811,262656
16198,113913,262656,483.761
#17007,128101,262656
#17007,128276,262656
#17007,137939,262656
#17007,123808,262656
#17007,123953,262656
17007,128415,262656,10274.6
#17857,132076,262656
#17857,132471,262656
#17857,131815,262656
#17857,131247,262656
#17857,131223,262656
17857,131766,262656,963.218
#18749,142274,262656
#18749,140129,262656
#18749,136161,262656
#18749,135722,262656
#18749,135619,262656
18749,137981,262656,5443.4
#19686,145353,262656
#19686,145453,262656
#19686,144302,262656
#19686,144312,262656
#19686,164485,262656
19686,148781,262656,15734.7
#20670,160600,262656
#20670,161194,262656
#20670,160289,262656
#20670,158969,262656
#20670,158832,262656
20670,159977,262656,1853.35
#21703,175608,262656
#21703,175578,262656
#21703,174416,262656
#21703,173800,262656
#21703,176370,262656
21703,175154,262656,1842.28
#22788,187786,262656
#22788,187640,262656
#22788,186572,262656
#22788,185650,262656
#22788,185159,262656
22788,186561,262656,2090.07
#23927,211241,262656
#23927,210883,262656
#23927,209684,262656
#23927,209129,262656
#23927,208447,262656
23927,209877,262656,2100.32
#25123,207317,524800
#25123,186965,524800
#25123,186766,524800
#25123,186572,524800
#25123,186484,524800
25123,190821,524800,16499.5
#26379,199530,524800
#26379,199458,524800
#26379,199253,524800
#26379,201537,524800
#26379,199213,524800
26379,199798,524800,1755.17
#27697,208775,524800
#27697,208909,524800
#27697,208525,524800
#27697,208458,524800
#27697,208367,524800
27697,208607,524800,405.909
#29081,220511,524800
#29081,220773,524800
#29081,220350,524800
#29081,220425,524800
#29081,220208,524800
29081,220453,524800,376.49
#30535,233641,524800
#30535,233841,524800
#30535,233152,524800
#30535,232986,524800
#30535,233295,524800
30535,233383,524800,629.312
#32061,239178,524800
#32061,243337,524800
#32061,255451,524800
#32061,245267,524800
#32061,245476,524800
32061,245742,524800,10711.9
#33664,261166,524800
#33664,261339,524800
#33664,260693,524800
#33664,260792,524800
#33664,260492,524800
33664,260896,524800,622.504
#35347,277982,524800
#35347,277827,524800
#35347,277570,524800
#35347,276895,524800
#35347,278729,524800
35347,277801,524800,1189.56
#37114,296881,524800
#37114,296119,524800
#37114,297329,524800
#37114,295379,524800
#37114,294879,524800
37114,296117,524800,1817.68
#38969,315601,524800
#38969,315670,524800
#38969,314569,524800
#38969,313866,524800
#38969,313634,524800
38969,314668,524800,1696.27
#40917,337027,524800
#40917,337599,524800
#40917,347945,524800
#40917,326776,524800
#40917,326672,524800
40917,335204,524800,15880
#42962,362534,524800
#42962,362468,524800
#42962,361334,524800
#42962,360754,524800
#42962,363131,524800
42962,362044,524800,1736.58
#45110,398084,524800
#45110,394934,524800
#45110,393927,524800
#45110,393581,524800
#45110,392969,524800
45110,394699,524800,3616.88
#47365,441985,524800
#47365,442014,524800
#47365,441359,524800
#47365,439490,524800
#47365,439718,524800
47365,440913,524800,2193.31
#49733,516224,524800
#49733,492589,524800
#49733,489787,524800
#49733,500250,524800
#49733,477151,524800
49733,495200,524800,25758.8
#52219,469057,1049088
#52219,412292,1049088
#52219,411991,1049088
#52219,413884,1049088
#52219,411753,1049088
52219,423795,1049088,45286.1
#54829,437302,1049088
#54829,436875,1049088
#54829,436757,1049088
#54829,437103,1049088
#54829,437036,1049088
54829,437015,1049088,375.997
#57570,476892,1049088
#57570,483940,1049088
#57570,463460,1049088
#57570,462996,1049088
#57570,463220,1049088
57570,470102,1049088,17425.7
#60448,492010,1049088
#60448,491657,1049088
#60448,491445,1049088
#60448,491331,1049088
#60448,490983,1049088
60448,491485,1049088,682.659
#63470,545718,1049088
#63470,535250,1049088
#63470,535026,1049088
#63470,534591,1049088
#63470,534518,1049088
63470,537021,1049088,8714.32
#66643,551867,1049088
#66643,552755,1049088
#66643,552350,1049088
#66643,552191,1049088
#66643,552200,1049088
66643,552273,1049088,576.292
#69975,590249,1049088
#69975,588363,1049088
#69975,588415,1049088
#69975,590920,1049088
#69975,588290,1049088
69975,589247,1049088,2225.75
#73473,628482,1049088
#73473,629093,1049088
#73473,627146,1049088
#73473,626737,1049088
#73473,626707,1049088
73473,627633,1049088,1949.33
#77146,668945,1049088
#77146,669222,1049088
#77146,669047,1049088
#77146,667915,1049088
#77146,668260,1049088
77146,668678,1049088,1004.1
#81003,718352,1049088
#81003,717873,1049088
#81003,719434,1049088
#81003,716726,1049088
#81003,717219,1049088
81003,717921,1049088,1875.75
#85053,774553,1049088
#85053,774540,1049088
#85053,773519,1049088
#85053,775099,1049088
#85053,772379,1049088
85053,774018,1049088,1931.34
#89305,875549,1049088
#89305,842206,1049088
#89305,841127,1049088
#89305,841481,1049088
#89305,842784,1049088
89305,848629,1049088,26944.1
#93770,933859,1049088
#93770,932196,1049088
#93770,930696,1049088
#93770,933896,1049088
#93770,933485,1049088
93770,932826,1049088,2462.53
#98458,1047268,1049088
#98458,1047679,1049088
#98458,1045980,1049088
#98458,1053836,1049088
#98458,1045022,1049088
98458,1.04796e+06,1049088,6173.32
#103380,1042975,2097664
#103380,803180,2097664
#103380,799088,2097664
#103380,798720,2097664
#103380,799277,2097664
103380,848648,2097664,194354
#108549,866396,2097664
#108549,844741,2097664
#108549,842950,2097664
#108549,842351,2097664
#108549,844760,2097664
108549,848240,2097664,18257.2
#113976,901328,2097664
#113976,892384,2097664
#113976,892837,2097664
#113976,890117,2097664
#113976,891655,2097664
113976,893664,2097664,7882.97
#119674,951692,2097664
#119674,942590,2097664
#119674,943867,2097664
#119674,940781,2097664
#119674,940237,2097664
119674,943833,2097664,8273.14
#125657,1003033,2097664
#125657,997373,2097664
#125657,999560,2097664
#125657,994931,2097664
#125657,995851,2097664
125657,998150,2097664,5802.27
#131939,1058041,2097664
#131939,1055786,2097664
#131939,1050853,2097664
#131939,1050309,2097664
#131939,1050413,2097664
131939,1.05308e+06,2097664,6430.23
#138535,1124648,2097664
#138535,1118756,2097664
#138535,1116875,2097664
#138535,1116236,2097664
#138535,1114514,2097664
138535,1.11821e+06,2097664,6990.58
#145461,1195196,2097664
#145461,1191003,2097664
#145461,1189548,2097664
#145461,1186443,2097664
#145461,1187009,2097664
145461,1.18984e+06,2097664,6304.2
#152734,1235785,2097664
#152734,1236273,2097664
#152734,1230447,2097664
#152734,1231368,2097664
#152734,1228407,2097664
152734,1.23246e+06,2097664,6149.21
#160370,1366982,2097664
#160370,1360939,2097664
#160370,1355261,2097664
#160370,1354988,2097664
#160370,1352683,2097664
160370,1.35817e+06,2097664,10354.3
#168388,1475023,2097664
#168388,1472269,2097664
#168388,1475409,2097664
#168388,1429973,2097664
#168388,1428320,2097664
168388,1.4562e+06,2097664,44241.6
#176807,1594479,2097664
#176807,1595335,2097664
#176807,1539934,2097664
#176807,1554706,2097664
#176807,1542168,2097664
176807,1.56532e+06,2097664,49349.9
#185647,1978495,2097664
#185647,1751614,2097664
#185647,1723821,2097664
#185647,1779904,2097664
#185647,1782389,2097664
185647,1.80324e+06,2097664,180369
#194929,1999548,2097664
#194929,1979469,2097664
#194929,1942523,2097664
#194929,1940458,2097664
#194929,1935423,2097664
194929,1.95948e+06,2097664,50857.6
#204675,2439445,4194816
#204675,1616523,4194816
#204675,1612880,4194816
#204675,1669147,4194816
#204675,1654936,4194816
204675,1.79859e+06,4194816,642323
#214908,2114637,4194816
#214908,1762119,4194816
#214908,1749487,4194816
#214908,1760848,4194816
#214908,1745692,4194816
214908,1.82656e+06,4194816,288359
#225653,2105756,4194816
#225653,1839115,4194816
#225653,1863640,4194816
#225653,1852694,4194816
#225653,1860628,4194816
225653,1.90437e+06,4194816,202103
#236935,2098389,4194816
#236935,1986799,4194816
#236935,1974335,4194816
#236935,1967134,4194816
#236935,1968005,4194816
236935,1.99893e+06,4194816,100445
#248781,2163273,4194816
#248781,2098227,4194816
#248781,2085618,4194816
#248781,2085670,4194816
#248781,2078052,4194816
248781,2.10217e+06,4194816,62462.9
#261220,2285657,4194816
#261220,2225137,4194816
#261220,2224494,4194816
#261220,2214557,4194816
#261220,2226863,4194816
261220,2.23534e+06,4194816,51047.7
#274281,2414806,4194816
#274281,2366790,4194816
#274281,2361746,4194816
#274281,2351319,4194816
#274281,2358376,4194816
274281,2.37061e+06,4194816,45327.8
#287995,2562416,4194816
#287995,2647731,4194816
#287995,2487240,4194816
#287995,2518812,4194816
#287995,2509545,4194816
287995,2.54515e+06,4194816,113617
#302394,2737901,4194816
#302394,2718166,4194816
#302394,2701315,4194816
#302394,2691912,4194816
#302394,2687114,4194816
302394,2.70728e+06,4194816,37251.3
#317513,2915449,4194816
#317513,2903035,4194816
#317513,2885458,4194816
#317513,2876540,4194816
#317513,2867380,4194816
317513,2.88957e+06,4194816,34987
#333388,3145916,4194816
#333388,3110239,4194816
#333388,3105921,4194816
#333388,3091846,4194816
#333388,3089913,4194816
333388,3.10877e+06,4194816,40319.8
#350057,3392331,4194816
#350057,3388759,4194816
#350057,3345835,4194816
#350057,3360729,4194816
#350057,3367909,4194816
350057,3.37111e+06,4194816,34855.8
#367559,3708277,4194816
#367559,3686469,4194816
#367559,3654100,4194816
#367559,3648182,4194816
#367559,3656344,4194816
367559,3.67067e+06,4194816,46038.3
#385936,4154721,4194816
#385936,4119211,4194816
#385936,4190957,4194816
#385936,4126057,4194816
#385936,4144675,4194816
385936,4.14712e+06,4194816,50659.6
#405232,6936724,8389120
#405232,6189182,8389120
#405232,5733911,8389120
#405232,5880180,8389120
#405232,5848907,8389120
405232,6.11778e+06,8389120,872637
#425493,6736793,8389120
#425493,6147527,8389120
#425493,6111382,8389120
#425493,6274651,8389120
#425493,6272648,8389120
425493,6.3086e+06,8389120,447780
#446767,6848291,8389120
#446767,6473395,8389120
#446767,6435749,8389120
#446767,6312627,8389120
#446767,6553567,8389120
446767,6.52473e+06,8389120,358958
#469105,7031253,8389120
#469105,6817966,8389120
#469105,6700371,8389120
#469105,6833338,8389120
#469105,6775610,8389120
469105,6.83171e+06,8389120,219829
#492560,7377018,8389120
#492560,7152682,8389120
#492560,7126771,8389120
#492560,7233488,8389120
#492560,7315794,8389120
492560,7.24115e+06,8389120,189736
#517188,7678923,8389120
#517188,7592408,8389120
#517188,7475256,8389120
#517188,7658343,8389120
#517188,7623957,8389120
517188,7.60578e+06,8389120,143272
#543047,8020238,8389120
#543047,7914458,8389120
#543047,7950802,8389120
#543047,8184126,8389120
#543047,8084278,8389120
543047,8.03078e+06,8389120,192698
#570199,8438028,8389120
#570199,8376904,8389120
#570199,8692071,8389120
#570199,8615054,8389120
#570199,8677776,8389120
570199,8.55997e+06,8389120,257288
#598708,9064397,8389120
#598708,8908535,8389120
#598708,9023486,8389120
#598708,9776095,8389120
#598708,9380680,8389120
598708,9.23064e+06,8389120,628862
#628643,9383847,8389120
#628643,9454169,8389120
#628643,9538829,8389120
#628643,9288123,8389120
#628643,9392222,8389120
628643,9.41144e+06,8389120,165871
#660075,10113260,8389120
#660075,10074835,8389120
#660075,10197784,8389120
#660075,10037062,8389120
#660075,9948258,8389120
660075,1.00742e+07,8389120,165020
#693078,11103453,8389120
#693078,10672617,8389120
#693078,10915791,8389120
#693078,10888916,8389120
#693078,10722372,8389120
693078,1.08606e+07,8389120,306294
#727731,11670500,8389120
#727731,11560375,8389120
#727731,11721334,8389120
#727731,11215453,8389120
#727731,11564235,8389120
727731,1.15464e+07,8389120,353318
#764117,12457923,8389120
#764117,16063159,8389120
#764117,15385973,8389120
#764117,12646133,8389120
#764117,12389783,8389120
764117,1.37886e+07,8389120,3.19473e+06
#802322,13742579,8389120
#802322,13796880,8389120
#802322,13833115,8389120
#802322,14502727,8389120
#802322,13850943,8389120
802322,1.39452e+07,8389120,562379
#842438,20650605,16777728
#842438,20591911,16777728
#842438,20424153,16777728
#842438,20536549,16777728
#842438,20634847,16777728
842438,2.05676e+07,16777728,163815
#884559,21829868,16777728
#884559,21896431,16777728
#884559,21682742,16777728
#884559,21640682,16777728
#884559,23221199,16777728
884559,2.20542e+07,16777728,1.18189e+06
#928786,23351943,16777728
#928786,23372617,16777728
#928786,23011704,16777728
#928786,22917958,16777728
#928786,22842363,16777728
928786,2.30993e+07,16777728,442814
#975225,24583678,16777728
#975225,24268572,16777728
#975225,24876910,16777728
#975225,23937468,16777728
#975225,24155791,16777728
975225,2.43645e+07,16777728,660740
#1023986,25986296,16777728
#1023986,25801486,16777728
#1023986,25657854,16777728
#1023986,25649025,16777728
#1023986,25612759,16777728
1023986,2.57415e+07,16777728,276617
#1075185,27652366,16777728
#1075185,27056996,16777728
#1075185,27152599,16777728
#1075185,27135024,16777728
#1075185,27072475,16777728
1075185,2.72139e+07,16777728,444389
#1128944,29168198,16777728
#1128944,28730985,16777728
#1128944,28927072,16777728
#1128944,28779074,16777728
#1128944,28918995,16777728
1128944,2.89049e+07,16777728,304755
#1185391,30814741,16777728
#1185391,30563074,16777728
#1185391,30623274,16777728
#1185391,30560378,16777728
#1185391,30501804,16777728
1185391,3.06127e+07,16777728,216205
#1244660,32702915,16777728
#1244660,32318221,16777728
#1244660,32368056,16777728
#1244660,32411399,16777728
#1244660,32522921,16777728
1244660,3.24647e+07,16777728,273895
#1306893,76463083,16777728
#1306893,45318556,16777728
#1306893,35146112,16777728
#1306893,35112876,16777728
#1306893,34935944,16777728
1306893,4.53953e+07,16777728,3.20672e+07
#1372237,36835642,16777728
#1372237,36617678,16777728
#1372237,36435656,16777728
#1372237,36566258,16777728
#1372237,36420400,16777728
1372237,3.65751e+07,16777728,300865
#1440848,39218783,16777728
#1440848,39216779,16777728
#1440848,38981972,16777728
#1440848,39297265,16777728
#1440848,39160297,16777728
1440848,3.9175e+07,16777728,211825
#1512890,42194365,16777728
#1512890,42097561,16777728
#1512890,42301308,16777728
#1512890,41971350,16777728
#1512890,42006608,16777728
1512890,4.21142e+07,16777728,242808
#1588534,45925675,16777728
#1588534,45528578,16777728
#1588534,46121146,16777728
#1588534,45479935,16777728
#1588534,45818522,16777728
1588534,4.57748e+07,16777728,483488
#1667960,46304585,33554944
#1667960,46201194,33554944
#1667960,46506688,33554944
#1667960,46028063,33554944
#1667960,46261301,33554944
1667960,4.62604e+07,33554944,309964
#1751358,49311249,33554944
#1751358,48439867,33554944
#1751358,48675657,33554944
#1751358,48549561,33554944
#1751358,49020247,33554944
1751358,4.87993e+07,33554944,643589
#1838925,51958326,33554944
#1838925,51390420,33554944
#1838925,51994434,33554944
#1838925,51440214,33554944
#1838925,52075632,33554944
1838925,5.17718e+07,33554944,587926
#1930871,54397627,33554944
#1930871,54422578,33554944
#1930871,54143872,33554944
#1930871,54449484,33554944
#1930871,54665069,33554944
1930871,5.44157e+07,33554944,331772
#2027414,57401806,33554944
#2027414,57556462,33554944
#2027414,57597898,33554944
#2027414,57878171,33554944
#2027414,57475957,33554944
2027414,5.75821e+07,33554944,325376
#2128784,60735370,33554944
#2128784,60508598,33554944
#2128784,60660719,33554944
#2128784,60909546,33554944
#2128784,60811026,33554944
2128784,6.07251e+07,33554944,272069
#2235223,64028686,33554944
#2235223,64110366,33554944
#2235223,64545834,33554944
#2235223,70304545,33554944
#2235223,64150784,33554944
2235223,6.5428e+07,33554944,4.88953e+06
#2346984,67807062,33554944
#2346984,68185005,33554944
#2346984,68354844,33554944
#2346984,68632102,33554944
#2346984,68176637,33554944
2346984,6.82311e+07,33554944,537412
#2464333,72552261,33554944
#2464333,72051150,33554944
#2464333,72148744,33554944
#2464333,72204320,33554944
#2464333,72257420,33554944
2464333,7.22428e+07,33554944,338274
#2587549,76349830,33554944
#2587549,76550862,33554944
#2587549,76566928,33554944
#2587549,76672655,33554944
#2587549,76360631,33554944
2587549,7.65002e+07,33554944,251158
#2716926,143607415,33554944
#2716926,98689284,33554944
#2716926,123270487,33554944
#2716926,143462151,33554944
#2716926,107911737,33554944
2716926,1.23388e+08,33554944,3.64566e+07
#2852772,87016736,33554944
#2852772,86986498,33554944
#2852772,86990920,33554944
#2852772,92897566,33554944
#2852772,87607721,33554944
2852772,8.82999e+07,33554944,4.62191e+06
#2995410,93445889,33554944
#2995410,93678586,33554944
#2995410,94199183,33554944
#2995410,94590907,33554944
#2995410,94406444,33554944
2995410,9.40642e+07,33554944,868920
#3145180,101243340,33554944
#3145180,102022015,33554944
#3145180,101517595,33554944
#3145180,101827672,33554944
#3145180,101369422,33554944
3145180,1.01596e+08,33554944,577591
#3302439,95979964,67109376
#3302439,96053412,67109376
#3302439,96279104,67109376
#3302439,96308906,67109376
#3302439,96324154,67109376
3302439,9.61891e+07,67109376,286835
#3467560,100986098,67109376
#3467560,101342563,67109376
#3467560,101332331,67109376
#3467560,101583501,67109376
#3467560,107228057,67109376
3467560,1.02495e+08,67109376,4.74884e+06
#3640938,106680840,67109376
#3640938,107017889,67109376
#3640938,107158670,67109376
#3640938,107024082,67109376
#3640938,106953447,67109376
3640938,1.06967e+08,67109376,315793
#3822984,113043147,67109376
#3822984,112814743,67109376
#3822984,112936564,67109376
#3822984,113362142,67109376
#3822984,113487500,67109376
3822984,1.13129e+08,67109376,510715
#4014133,118877789,67109376
#4014133,119255966,67109376
#4014133,119370408,67109376
#4014133,119474202,67109376
#4014133,119435164,67109376
4014133,1.19283e+08,67109376,431072
#4214839,126342095,67109376
#4214839,126225447,67109376
#4214839,126481819,67109376
#4214839,127011433,67109376
#4214839,126217219,67109376
4214839,1.26456e+08,67109376,588093
#4425580,133489131,67109376
#4425580,133944692,67109376
#4425580,133340640,67109376
#4425580,133967204,67109376
#4425580,133614051,67109376
4425580,1.33671e+08,67109376,496469
#4646859,141802881,67109376
#4646859,141833022,67109376
#4646859,140954495,67109376
#4646859,141510933,67109376
#4646859,147066204,67109376
4646859,1.42634e+08,67109376,4.47739e+06
#4879201,149614490,67109376
#4879201,149289439,67109376
#4879201,153097875,67109376
#4879201,149863187,67109376
#4879201,149574672,67109376
4879201,1.50288e+08,67109376,2.83343e+06
#5123161,158930218,67109376
#5123161,158932479,67109376
#5123161,157947102,67109376
#5123161,158452329,67109376
#5123161,158504097,67109376
5123161,1.58553e+08,67109376,729896
#5379319,168001320,67109376
#5379319,168277691,67109376
#5379319,167961498,67109376
#5379319,168227492,67109376
#5379319,167826445,67109376
5379319,1.68059e+08,67109376,338385
#5648284,179101407,67109376
#5648284,183559980,67109376
#5648284,181599758,67109376
#5648284,179490770,67109376
#5648284,179603960,67109376
5648284,1.80671e+08,67109376,3.37093e+06
#5930698,191587146,67109376
#5930698,191882634,67109376
#5930698,192900886,67109376
#5930698,192668628,67109376
#5930698,194253673,67109376
5930698,1.92659e+08,67109376,1.86616e+06
#6227232,208014737,67109376
#6227232,212315258,67109376
#6227232,208703455,67109376
#6227232,207965950,67109376
#6227232,207643138,67109376
6227232,2.08929e+08,67109376,3.45652e+06
#6538593,196019220,134218240
#6538593,236841709,134218240
#6538593,287333074,134218240
#6538593,320886970,134218240
#6538593,207745282,134218240
6538593,2.49765e+08,134218240,9.50409e+07
#6865522,205917430,134218240
#6865522,206090830,134218240
#6865522,206320651,134218240
#6865522,205993688,134218240
#6865522,206743011,134218240
6865522,2.06213e+08,134218240,595238
#7208798,217067754,134218240
#7208798,217638542,134218240
#7208798,217466891,134218240
#7208798,217643213,134218240
#7208798,220077891,134218240
7208798,2.17979e+08,134218240,2.1404e+06
#7569237,228491062,134218240
#7569237,229998077,134218240
#7569237,229221414,134218240
#7569237,229820507,134218240
#7569237,229353616,134218240
7569237,2.29377e+08,134218240,1.0553e+06
#7947698,241520966,134218240
#7947698,241695780,134218240
#7947698,242137231,134218240
#7947698,241876660,134218240
#7947698,242613358,134218240
7947698,2.41969e+08,134218240,762842
#8345082,255559124,134218240
#8345082,255096365,134218240
#8345082,255671418,134218240
#8345082,255030521,134218240
#8345082,255744168,134218240
8345082,2.5542e+08,134218240,596043
#8762336,270490304,134218240
#8762336,270557998,134218240
#8762336,271286919,134218240
#8762336,271221180,134218240
#8762336,269856892,134218240
8762336,2.70683e+08,134218240,1.05435e+06
#9200452,285443344,134218240
#9200452,284803411,134218240
#9200452,285445472,134218240
#9200452,285522629,134218240
#9200452,285793151,134218240
9200452,2.85402e+08,134218240,650820
#9660474,301953597,134218240
#9660474,302531000,134218240
#9660474,302760839,134218240
#9660474,301782583,134218240
#9660474,301804304,134218240
9660474,3.02166e+08,134218240,804987
