#1,352,256
#1,127,256
#1,65,256
#1,66,256
#1,72,256
1,136.4,256,220.496
#2,82,256
#2,70,256
#2,78,256
#2,77,256
#2,76,256
2,76.6,256,7.75629
#3,68,256
#3,85,256
#3,86,256
#3,85,256
#3,88,256
3,82.4,256,14.5657
#4,67,256
#4,90,256
#4,93,256
#4,90,256
#4,91,256
4,86.2,256,19.3246
#5,75,256
#5,90,256
#5,92,256
#5,89,256
#5,93,256
5,87.8,256,13.1088
#6,84,256
#6,106,256
#6,99,256
#6,102,256
#6,101,256
6,98.4,256,15.105
#7,95,256
#7,104,256
#7,104,256
#7,105,256
#7,105,256
7,102.6,256,7.65245
#8,90,256
#8,115,256
#8,112,256
#8,111,256
#8,108,256
8,107.2,256,17.7719
#9,104,256
#9,125,256
#9,120,256
#9,115,256
#9,114,256
9,115.6,256,14.0057
#10,108,256
#10,136,256
#10,128,256
#10,127,256
#10,128,256
10,125.4,256,18.5731
#11,140,256
#11,136,256
#11,125,256
#11,126,256
#11,126,256
11,130.6,256,12.3677
#12,171,256
#12,221,256
#12,144,256
#12,141,256
#12,138,256
12,163,256,62.5971
#13,151,384
#13,187,384
#13,179,384
#13,178,384
#13,176,384
13,174.2,384,24.377
#14,145,384
#14,209,384
#14,164,384
#14,170,384
#14,168,384
14,171.2,384,41.7497
#15,134,384
#15,159,384
#15,150,384
#15,152,384
#15,155,384
15,150,384,17.1114
#16,142,384
#16,170,384
#16,158,384
#16,160,384
#16,161,384
16,158.2,384,18.1725
#17,194,384
#17,195,384
#17,180,384
#17,154,384
#17,156,384
17,175.8,384,35.6067
#18,150,384
#18,206,384
#18,204,384
#18,200,384
#18,162,384
18,184.4,384,47.1525
#19,213,384
#19,243,384
#19,223,384
#19,205,384
#19,184,384
19,213.6,384,39.02
#20,209,384
#20,245,384
#20,234,384
#20,198,384
#20,186,384
20,214.4,384,44.0472
#21,170,384
#21,212,384
#21,191,384
#21,168,384
#21,169,384
21,182,384,34.5254
#22,180,384
#22,205,384
#22,193,384
#22,192,384
#22,184,384
22,190.8,384,17.2232
#23,248,384
#23,262,384
#23,260,384
#23,221,384
#23,202,384
23,238.6,384,46.8461
#24,262,384
#24,282,384
#24,254,384
#24,232,384
#24,205,384
24,247,384,52.8242
#25,251,640
#25,289,640
#25,270,640
#25,260,640
#25,224,640
25,258.8,640,42.9958
#26,241,640
#26,261,640
#26,249,640
#26,210,640
#26,212,640
26,234.6,640,40.6074
#27,290,640
#27,338,640
#27,302,640
#27,277,640
#27,222,640
27,285.8,640,75.6455
#28,216,640
#28,268,640
#28,260,640
#28,256,640
#28,232,640
28,246.4,640,38.7319
#29,222,640
#29,246,640
#29,240,640
#29,236,640
#29,237,640
29,236.2,640,15.819
#30,278,640
#30,302,640
#30,267,640
#30,240,640
#30,240,640
30,265.4,640,47.2542
#31,236,640
#31,287,640
#31,284,640
#31,274,640
#31,251,640
31,266.4,640,39.5292
#32,272,640
#32,299,640
#32,277,640
#32,273,640
#32,277,640
32,279.6,640,19.8232
#33,302,640
#33,324,640
#33,276,640
#33,255,640
#33,256,640
33,282.6,640,53.6895
#34,422,640
#34,374,640
#34,321,640
#34,290,640
#34,289,640
34,339.2,640,103.301
#35,321,640
#35,339,640
#35,272,640
#35,270,640
#35,269,640
35,294.2,640,59.5906
#36,356,640
#36,379,640
#36,384,640
#36,301,640
#36,302,640
36,344.4,640,72.56
#37,364,1152
#37,352,1152
#37,340,1152
#37,279,1152
#37,281,1152
37,323.2,1152,72.1709
#38,308,1152
#38,325,1152
#38,314,1152
#38,286,1152
#38,290,1152
38,304.6,1152,29.3285
#39,324,1152
#39,336,1152
#39,322,1152
#39,318,1152
#39,320,1152
39,324,1152,12.6491
#40,336,1152
#40,345,1152
#40,343,1152
#40,323,1152
#40,325,1152
40,334.4,1152,18.0488
#42,356,1152
#42,341,1152
#42,336,1152
#42,333,1152
#42,339,1152
42,341,1152,15.9499
#44,401,1152
#44,418,1152
#44,419,1152
#44,364,1152
#44,356,1152
44,391.6,1152,53.4056
#46,425,1152
#46,428,1152
#46,425,1152
#46,389,1152
#46,389,1152
46,411.2,1152,36.3186
#48,443,1152
#48,482,1152
#48,394,1152
#48,375,1152
#48,372,1152
48,413.2,1152,85.542
#50,359,1152
#50,382,1152
#50,368,1152
#50,364,1152
#50,364,1152
50,367.4,1152,15.6767
#52,511,1152
#52,515,1152
#52,441,1152
#52,438,1152
#52,427,1152
52,466.4,1152,76.7083
#54,504,1152
#54,489,1152
#54,411,1152
#54,409,1152
#54,412,1152
54,445,1152,84.6546
#56,742,1152
#56,728,1152
#56,541,1152
#56,478,1152
#56,463,1152
56,590.4,1152,242.027
#58,684,1152
#58,645,1152
#58,516,1152
#58,438,1152
#58,439,1152
58,544.4,1152,205.612
#60,598,1152
#60,602,1152
#60,558,1152
#60,474,1152
#60,478,1152
60,542,1152,112.114
#63,554,1536
#63,622,1536
#63,590,1536
#63,555,1536
#63,498,1536
63,563.8,1536,82.8338
#66,592,1536
#66,621,1536
#66,595,1536
#66,549,1536
#66,510,1536
66,573.4,1536,78.451
#69,542,1536
#69,541,1536
#69,514,1536
#69,524,1536
#69,501,1536
69,524.4,1536,31.5113
#72,595,1536
#72,626,1536
#72,524,1536
#72,520,1536
#72,522,1536
72,557.4,1536,88.9368
#75,606,1536
#75,587,1536
#75,563,1536
#75,538,1536
#75,539,1536
75,566.6,1536,53.3756
#78,564,1536
#78,559,1536
#78,560,1536
#78,557,1536
#78,557,1536
78,559.4,1536,5.15364
#81,629,1536
#81,650,1536
#81,576,1536
#81,575,1536
#81,577,1536
81,601.4,1536,63.6314
#85,637,1536
#85,662,1536
#85,631,1536
#85,579,1536
#85,578,1536
85,617.4,1536,66.8443
#89,937,1536
#89,901,1536
#89,765,1536
#89,712,1536
#89,685,1536
89,800,1536,202.315
#93,1188,1536
#93,1036,1536
#93,751,1536
#93,689,1536
#93,668,1536
93,866.4,1536,416.02
#97,813,2048
#97,799,2048
#97,751,2048
#97,698,2048
#97,706,2048
97,753.4,2048,93.6085
#101,766,2048
#101,790,2048
#101,786,2048
#101,755,2048
#101,731,2048
101,765.6,2048,43.0925
#106,906,2048
#106,872,2048
#106,789,2048
#106,794,2048
#106,794,2048
106,831,2048,97.1926
#111,965,2048
#111,903,2048
#111,844,2048
#111,809,2048
#111,811,2048
111,866.4,2048,119.757
#116,1052,2048
#116,1028,2048
#116,873,2048
#116,868,2048
#116,866,2048
116,937.4,2048,168.293
#121,1028,2048
#121,1023,2048
#121,900,2048
#121,871,2048
#121,869,2048
121,938.2,2048,144.274
#127,1060,2048
#127,1012,2048
#127,944,2048
#127,915,2048
#127,914,2048
127,969,2048,115.572
#133,1124,2048
#133,1084,2048
#133,1008,2048
#133,1002,2048
#133,1001,2048
133,1043.8,2048,101.622
#139,1754,2048
#139,1549,2048
#139,1245,2048
#139,1123,2048
#139,1069,2048
139,1348,2048,524.833
#145,1155,2816
#145,1103,2816
#145,1072,2816
#145,1120,2816
#145,1067,2816
145,1103.4,2816,64.8025
#152,1198,2816
#152,1254,2816
#152,1207,2816
#152,1163,2816
#152,1166,2816
152,1197.6,2816,66.1223
#159,1385,2816
#159,1371,2816
#159,1266,2816
#159,1242,2816
#159,1237,2816
159,1300.2,2816,128.856
#166,1375,2816
#166,1405,2816
#166,1308,2816
#166,1189,2816
#166,1189,2816
166,1293.2,2816,181.383
#174,1456,2816
#174,1421,2816
#174,1360,2816
#174,1305,2816
#174,1318,2816
174,1372,2816,116.64
#182,1426,2816
#182,1437,2816
#182,1386,2816
#182,1321,2816
#182,1316,2816
182,1377.2,2816,101.74
#191,1509,2816
#191,1567,2816
#191,1457,2816
#191,1438,2816
#191,1476,2816
191,1489.4,2816,90.6739
#200,2035,2816
#200,1971,2816
#200,1654,2816
#200,1545,2816
#200,1467,2816
200,1734.4,2816,456.227
#210,2094,2816
#210,1992,2816
#210,1752,2816
#210,1749,2816
#210,1659,2816
210,1849.2,2816,329.828
#220,2056,3840
#220,2181,3840
#220,1828,3840
#220,1641,3840
#220,1646,3840
220,1870.4,3840,434.232
#231,1844,3840
#231,1850,3840
#231,1605,3840
#231,1557,3840
#231,1554,3840
231,1682,3840,271.891
#242,2121,3840
#242,2122,3840
#242,1930,3840
#242,1929,3840
#242,1856,3840
242,1991.6,3840,218.814
#254,2262,3840
#254,2282,3840
#254,2026,3840
#254,1918,3840
#254,1870,3840
254,2071.6,3840,342.736
#266,2079,3840
#266,2100,3840
#266,1935,3840
#266,1858,3840
#266,1857,3840
266,1965.8,3840,210.201
#279,2408,3840
#279,2431,3840
#279,2176,3840
#279,2077,3840
#279,2073,3840
279,2233,3840,313.706
#292,2915,3840
#292,2834,3840
#292,2262,3840
#292,2136,3840
#292,2045,3840
292,2438.4,3840,727.172
#306,3125,3840
#306,2787,3840
#306,2386,3840
#306,2410,3840
#306,2388,3840
306,2619.2,3840,590.316
#321,2727,5376
#321,2578,5376
#321,2393,5376
#321,2354,5376
#321,2346,5376
321,2479.6,5376,299.35
#337,2828,5376
#337,2841,5376
#337,2484,5376
#337,2403,5376
#337,2401,5376
337,2591.4,5376,401.558
#353,2854,5376
#353,2858,5376
#353,2602,5376
#353,2551,5376
#353,2523,5376
353,2677.6,5376,295.71
#370,2983,5376
#370,2917,5376
#370,2760,5376
#370,2730,5376
#370,2599,5376
370,2797.8,5376,274.306
#388,3250,5376
#388,3337,5376
#388,2759,5376
#388,2680,5376
#388,2614,5376
388,2928,5376,606.383
#407,3752,5376
#407,3682,5376
#407,3091,5376
#407,3099,5376
#407,3011,5376
407,3327,5376,641.365
#427,3366,5376
#427,3402,5376
#427,3190,5376
#427,2903,5376
#427,3022,5376
427,3176.6,5376,385.347
#448,4737,5376
#448,4352,5376
#448,3772,5376
#448,3527,5376
#448,3454,5376
448,3968.4,5376,994.348
#470,3887,7552
#470,3744,7552
#470,3511,7552
#470,3442,7552
#470,3266,7552
470,3570,7552,440.95
#493,3857,7552
#493,3883,7552
#493,3810,7552
#493,3727,7552
#493,3708,7552
493,3797,7552,138.524
#517,4082,7552
#517,3992,7552
#517,3955,7552
#517,3901,7552
#517,3864,7552
517,3958.8,7552,151.322
#542,4636,7552
#542,4546,7552
#542,4200,7552
#542,4110,7552
#542,4002,7552
542,4298.8,7552,496.636
#569,4974,7552
#569,4724,7552
#569,4454,7552
#569,4384,7552
#569,4237,7552
569,4554.6,7552,525.119
#597,5313,7552
#597,5002,7552
#597,4532,7552
#597,4230,7552
#597,4417,7552
597,4698.8,7552,798.087
#626,6263,7552
#626,5444,7552
#626,4914,7552
#626,4715,7552
#626,4447,7552
626,5156.6,7552,1285.03
#657,6652,7552
#657,5629,7552
#657,5019,7552
#657,4881,7552
#657,4766,7552
657,5389.4,7552,1395.95
#689,4951,10624
#689,5002,10624
#689,4633,10624
#689,4565,10624
#689,4449,10624
689,4720,10624,436.275
#723,5612,10624
#723,5611,10624
#723,5366,10624
#723,5175,10624
#723,5103,10624
723,5373.4,10624,425.128
#759,5997,10624
#759,5903,10624
#759,5552,10624
#759,5344,10624
#759,5371,10624
759,5633.4,10624,539.719
#796,6877,10624
#796,6684,10624
#796,6227,10624
#796,5953,10624
#796,5706,10624
796,6289.4,10624,875.624
#835,6411,10624
#835,6257,10624
#835,5500,10624
#835,5464,10624
#835,5425,10624
835,5811.4,10624,860.252
#876,7594,10624
#876,6995,10624
#876,6524,10624
#876,6364,10624
#876,6210,10624
876,6737.4,10624,1005.28
#919,8385,10624
#919,7455,10624
#919,6704,10624
#919,6621,10624
#919,6482,10624
919,7129.4,10624,1425.79
#964,6843,14976
#964,6865,14976
#964,6738,14976
#964,6697,14976
#964,6702,14976
964,6769,14976,142.34
#1012,6941,14976
#1012,6962,14976
#1012,6783,14976
#1012,6659,14976
#1012,6659,14976
1012,6800.8,14976,262.561
#1062,7757,14976
#1062,7677,14976
#1062,7300,14976
#1062,7109,14976
#1062,6973,14976
1062,7363.2,14976,616.063
#1115,8083,14976
#1115,8039,14976
#1115,7504,14976
#1115,7317,14976
#1115,7287,14976
1115,7646,14976,694.38
#1170,9197,14976
#1170,8751,14976
#1170,8226,14976
#1170,8174,14976
#1170,7893,14976
1170,8448.2,14976,931.749
#1228,10421,14976
#1228,9358,14976
#1228,8718,14976
#1228,8529,14976
#1228,8362,14976
1228,9077.6,14976,1503.52
#1289,11432,14976
#1289,10414,14976
#1289,9553,14976
#1289,9274,14976
#1289,8950,14976
1289,9924.6,14976,1793.99
#1353,11033,14976
#1353,10117,14976
#1353,9297,14976
#1353,9089,14976
#1353,8891,14976
1353,9685.4,14976,1584.91
#1420,10643,21248
#1420,10286,21248
#1420,10041,21248
#1420,9492,21248
#1420,9381,21248
1420,9968.6,21248,952.143
#1491,9890,21248
#1491,10021,21248
#1491,9816,21248
#1491,9704,21248
#1491,9662,21248
1491,9818.6,21248,258.808
#1565,11125,21248
#1565,10949,21248
#1565,10626,21248
#1565,10100,21248
#1565,10043,21248
1565,10568.6,21248,873.348
#1643,12037,21248
#1643,11828,21248
#1643,11315,21248
#1643,10889,21248
#1643,10697,21248
1643,11353.2,21248,1035.59
#1725,12764,21248
#1725,12310,21248
#1725,11795,21248
#1725,17422,21248
#1725,11344,21248
1725,13127,21248,4399.96
#1811,13685,21248
#1811,12982,21248
#1811,12292,21248
#1811,12163,21248
#1811,11838,21248
1811,12592,21248,1323.42
#1901,17806,21248
#1901,16068,21248
#1901,14948,21248
#1901,14276,21248
#1901,13957,21248
1901,15411,21248,2797.77
#1996,13721,30208
#1996,13800,30208
#1996,13308,30208
#1996,13174,30208
#1996,13202,30208
1996,13441,30208,531.699
#2095,14865,30208
#2095,14620,30208
#2095,14370,30208
#2095,13829,30208
#2095,13841,30208
2095,14305,30208,828.938
#2199,15489,30208
#2199,14818,30208
#2199,14254,30208
#2199,13834,30208
#2199,13507,30208
2199,14380.4,30208,1413.6
#2308,16160,30208
#2308,15821,30208
#2308,15290,30208
#2308,14665,30208
#2308,14564,30208
2308,15300,30208,1250.94
#2423,16693,30208
#2423,16318,30208
#2423,15940,30208
#2423,15307,30208
#2423,15326,30208
2423,15916.8,30208,1089.91
#2544,19602,30208
#2544,18493,30208
#2544,17685,30208
#2544,17050,30208
#2544,16360,30208
2544,17838,30208,2257.35
#2671,21381,30208
#2671,20155,30208
#2671,18986,30208
#2671,18155,30208
#2671,17543,30208
2671,19244,30208,2762.98
#2804,17754,43008
#2804,17559,43008
#2804,17178,43008
#2804,17067,43008
#2804,17060,43008
2804,17323.6,43008,563.692
#2944,18572,43008
#2944,18629,43008
#2944,18121,43008
#2944,17908,43008
#2944,17890,43008
2944,18224,43008,636.962
#3091,20275,43008
#3091,20146,43008
#3091,19668,43008
#3091,18837,43008
#3091,18751,43008
3091,19535.4,43008,1277.64
#3245,21674,43008
#3245,21374,43008
#3245,20896,43008
#3245,20119,43008
#3245,20100,43008
3245,20832.6,43008,1280.94
#3407,23527,43008
#3407,22513,43008
#3407,21479,43008
#3407,20832,43008
#3407,20359,43008
3407,21742,43008,2296.19
#3577,26339,43008
#3577,24708,43008
#3577,23340,43008
#3577,22557,43008
#3577,21991,43008
3577,23787,43008,3136.78
#3755,28563,43008
#3755,27070,43008
#3755,25714,43008
#3755,24411,43008
#3755,23931,43008
3755,25937.8,43008,3415.49
#3942,33306,43008
#3942,30672,43008
#3942,28729,43008
#3942,27110,43008
#3942,26470,43008
3942,29257.4,43008,4984.17
#4139,26018,61312
#4139,25959,61312
#4139,25410,61312
#4139,25094,61312
#4139,25078,61312
4139,25511.8,61312,814.532
#4345,26730,61312
#4345,27018,61312
#4345,26354,61312
#4345,26114,61312
#4345,25968,61312
4345,26436.8,61312,776.963
#4562,29103,61312
#4562,28646,61312
#4562,27977,61312
#4562,26988,61312
#4562,26812,61312
4562,27905.2,61312,1794.44
#4790,31551,61312
#4790,30613,61312
#4790,29421,61312
#4790,28740,61312
#4790,28202,61312
4790,29705.4,61312,2449.99
#5029,32445,61312
#5029,31355,61312
#5029,30020,61312
#5029,29512,61312
#5029,28899,61312
5029,30446.2,61312,2572.05
#5280,35536,61312
#5280,33480,61312
#5280,32093,61312
#5280,31129,61312
#5280,30549,61312
5280,32557.4,61312,3579.15
#5544,40674,61312
#5544,38656,61312
#5544,36094,61312
#5544,34244,61312
#5544,33546,61312
5544,36642.8,61312,5362.77
#5821,34667,87424
#5821,34424,87424
#5821,33935,87424
#5821,33260,87424
#5821,46009,87424
5821,36459,87424,9598.3
#6112,34316,87424
#6112,34274,87424
#6112,33691,87424
#6112,33228,87424
#6112,33136,87424
6112,33729,87424,998.274
#6417,37643,87424
#6417,37359,87424
#6417,36551,87424
#6417,35588,87424
#6417,35471,87424
6417,36522.4,87424,1774.26
#6737,42800,87424
#6737,38260,87424
#6737,37224,87424
#6737,36492,87424
#6737,36327,87424
6737,38220.6,87424,4778.24
#7073,42630,87424
#7073,41429,87424
#7073,40002,87424
#7073,39369,87424
#7073,38624,87424
7073,40410.8,87424,2885.37
#7426,45186,87424
#7426,44261,87424
#7426,42196,87424
#7426,40994,87424
#7426,40042,87424
7426,42535.8,87424,3869.01
#7797,51790,87424
#7797,50435,87424
#7797,47966,87424
#7797,46314,87424
#7797,45400,87424
7797,48381,87424,4830.84
#8186,43586,124800
#8186,43290,124800
#8186,42704,124800
#8186,42115,124800
#8186,41884,124800
8186,42715.8,124800,1308.42
#8595,46144,124800
#8595,46247,124800
#8595,45266,124800
#8595,44820,124800
#8595,44718,124800
8595,45439,124800,1290.84
#9024,47319,124800
#9024,47746,124800
#9024,46669,124800
#9024,46039,124800
#9024,45996,124800
9024,46753.8,124800,1384.57
#9475,51287,124800
#9475,50998,124800
#9475,49553,124800
#9475,48666,124800
#9475,48236,124800
9475,49748,124800,2437.36
#9948,56118,124800
#9948,55774,124800
#9948,54257,124800
#9948,53032,124800
#9948,52180,124800
9948,54272.2,124800,3043.42
#10445,61070,124800
#10445,60071,124800
#10445,57401,124800
#10445,56123,124800
#10445,55392,124800
10445,58011.4,124800,4417.86
#10967,66655,124800
#10967,65545,124800
#10967,62097,124800
#10967,60891,124800
#10967,59820,124800
10967,63001.6,124800,5307.48
#11515,87099,124800
#11515,72472,124800
#11515,69570,124800
#11515,67358,124800
#11515,66639,124800
11515,72627.6,124800,15031.3
#12090,61399,178176
#12090,61716,178176
#12090,60660,178176
#12090,60446,178176
#12090,60393,178176
12090,60922.8,178176,1070.71
#12694,64579,178176
#12694,77133,178176
#12694,61420,178176
#12694,60534,178176
#12694,60415,178176
12694,64816.2,178176,12680.8
#13328,65747,178176
#13328,65648,178176
#13328,64318,178176
#13328,63021,178176
#13328,62757,178176
13328,64298.2,178176,2518.4
#13994,69134,178176
#13994,69026,178176
#13994,67513,178176
#13994,66454,178176
#13994,65709,178176
13994,67567.2,178176,2724.41
#14693,75505,178176
#14693,72019,178176
#14693,70177,178176
#14693,69217,178176
#14693,68401,178176
14693,71063.8,178176,5053.65
#15427,82569,178176
#15427,82422,178176
#15427,79889,178176
#15427,78391,178176
#15427,77271,178176
15427,80108.4,178176,4238.47
#16198,90379,178176
#16198,90010,178176
#16198,87580,178176
#16198,86017,178176
#16198,85011,178176
16198,87799.4,178176,4246.54
#17007,79243,254336
#17007,79587,254336
#17007,78627,254336
#17007,78128,254336
#17007,78129,254336
17007,78742.8,254336,1176.78
#17857,84888,254336
#17857,84990,254336
#17857,83857,254336
#17857,83114,254336
#17857,82980,254336
17857,83965.8,254336,1699.09
#18749,90105,254336
#18749,90226,254336
#18749,89084,254336
#18749,88788,254336
#18749,88197,254336
18749,89280,254336,1556.64
#19686,96963,254336
#19686,96682,254336
#19686,95409,254336
#19686,94375,254336
#19686,94014,254336
19686,95488.6,254336,2369.63
#20670,105003,254336
#20670,105104,254336
#20670,102808,254336
#20670,101194,254336
#20670,100722,254336
20670,102966,254336,3679.23
#21703,115682,254336
#21703,114994,254336
#21703,112727,254336
#21703,111648,254336
#21703,110661,254336
21703,113142,254336,3840.95
#22788,133353,254336
#22788,133106,254336
#22788,130835,254336
#22788,129251,254336
#22788,129007,254336
22788,131110,254336,3684.47
#23927,118087,363136
#23927,117621,363136
#23927,116118,363136
#23927,115256,363136
#23927,115207,363136
23927,116458,363136,2388.58
#25123,123416,363136
#25123,123490,363136
#25123,122657,363136
#25123,121882,363136
#25123,121775,363136
25123,122644,363136,1455.38
#26379,132652,363136
#26379,132675,363136
#26379,131228,363136
#26379,130421,363136
#26379,129976,363136
26379,131390,363136,2228.63
#27697,141318,363136
#27697,141477,363136
#27697,140155,363136
#27697,138993,363136
#27697,138543,363136
27697,140097,363136,2371.89
#29081,154146,363136
#29081,154587,363136
#29081,157218,363136
#29081,150884,363136
#29081,150513,363136
29081,153470,363136,4994.67
#30535,170318,363136
#30535,170069,363136
#30535,168395,363136
#30535,167205,363136
#30535,166368,363136
30535,168471,363136,3097.89
#32061,192082,363136
#32061,201205,363136
#32061,185503,363136
#32061,184711,363136
#32061,184162,363136
32061,189533,363136,12994.6
#33664,209091,363136
#33664,208697,363136
#33664,222416,363136
#33664,211553,363136
#33664,211740,363136
33664,212699,363136,10027.4
#35347,186787,518656
#35347,186713,518656
#35347,200485,518656
#35347,189524,518656
#35347,189179,518656
35347,190538,518656,10218.4
#37114,199261,518656
#37114,199453,518656
#37114,213962,518656
#37114,201948,518656
#37114,201737,518656
37114,203272,518656,10920
#38969,214624,518656
#38969,214838,518656
#38969,212370,518656
#38969,211410,518656
#38969,211419,518656
38969,212932,518656,3022.21
#40917,229953,518656
#40917,229689,518656
#40917,227497,518656
#40917,226227,518656
#40917,243320,518656
40917,231337,518656,12299
#42962,250293,518656
#42962,266057,518656
#42962,254144,518656
#42962,255619,518656
#42962,252613,518656
42962,255745,518656,10897.7
#45110,277950,518656
#45110,275171,518656
#45110,291340,518656
#45110,278797,518656
#45110,279076,518656
45110,280467,518656,11218.9
#47365,312945,518656
#47365,328730,518656
#47365,321211,518656
#47365,321928,518656
#47365,319897,518656
47365,320942,518656,10069.4
#49733,255544,740736
#49733,255594,740736
#49733,253556,740736
#49733,268947,740736
#49733,258725,740736
49733,258473,740736,10984.1
#52219,271351,740736
#52219,287466,740736
#52219,275189,740736
#52219,274730,740736
#52219,274775,740736
52219,276702,740736,11113.5
#54829,289885,740736
#54829,290491,740736
#54829,307053,740736
#54829,293859,740736
#54829,294380,740736
54829,295134,740736,12437.6
#57570,314944,740736
#57570,314094,740736
#57570,312376,740736
#57570,325189,740736
#57570,318891,740736
57570,317099,740736,9149.43
#60448,339697,740736
#60448,355611,740736
#60448,347948,740736
#60448,344479,740736
#60448,343777,740736
60448,346302,740736,10684.3
#63470,375304,740736
#63470,390873,740736
#63470,381902,740736
#63470,380978,740736
#63470,380910,740736
63470,381993,740736,10032.3
#66643,426944,740736
#66643,426612,740736
#66643,425486,740736
#66643,446992,740736
#66643,434714,740736
66643,432150,740736,16224.4
#69975,395444,1058048
#69975,395187,1058048
#69975,406821,1058048
#69975,402551,1058048
#69975,402178,1058048
69975,400436,1058048,8977.66
#73473,417521,1058048
#73473,417134,1058048
#73473,435715,1058048
#73473,424914,1058048
#73473,424624,1058048
73473,423982,1058048,13493.2
#77146,461884,1058048
#77146,457666,1058048
#77146,454005,1058048
#77146,461287,1058048
#77146,452631,1058048
77146,457495,1058048,7457.1
#81003,528001,1058048
#81003,517123,1058048
#81003,495171,1058048
#81003,487231,1058048
#81003,487134,1058048
81003,502932,1058048,33300.7
#85053,517935,1058048
#85053,532730,1058048
#85053,528441,1058048
#85053,527617,1058048
#85053,527381,1058048
85053,526821,1058048,9693.25
#89305,565983,1058048
#89305,565421,1058048
#89305,598741,1058048
#89305,577634,1058048
#89305,576376,1058048
89305,576831,1058048,24145.7
#93770,632243,1058048
#93770,648110,1058048
#93770,643293,1058048
#93770,642232,1058048
#93770,641682,1058048
93770,641512,1058048,10321.5
#98458,755294,1058048
#98458,731718,1058048
#98458,727890,1058048
#98458,728734,1058048
#98458,728839,1058048
98458,734495,1058048,20959.3
#103380,519243,1511296
#103380,529451,1511296
#103380,530895,1511296
#103380,526190,1511296
#103380,529828,1511296
103380,527121,1511296,8481.96
#108549,547336,1511296
#108549,582927,1511296
#108549,562488,1511296
#108549,557924,1511296
#108549,557168,1511296
108549,561569,1511296,23532.8
#113976,586192,1511296
#113976,659458,1511296
#113976,602300,1511296
#113976,596927,1511296
#113976,597041,1511296
113976,608384,1511296,52138.1
#119674,641358,1511296
#119674,636462,1511296
#119674,666699,1511296
#119674,650010,1511296
#119674,650280,1511296
119674,648962,1511296,20620.5
#125657,694913,1511296
#125657,735567,1511296
#125657,720067,1511296
#125657,708572,1511296
#125657,708449,1511296
125657,713514,1511296,27208.1
#131939,778621,1511296
#131939,795491,1511296
#131939,793551,1511296
#131939,793368,1511296
#131939,792732,1511296
131939,790753,1511296,12270.9
#138535,919489,1511296
#138535,905082,1511296
#138535,895696,1511296
#138535,897073,1511296
#138535,898329,1511296
138535,903134,1511296,17582.5
#145461,798206,2158848
#145461,813202,2158848
#145461,800499,2158848
#145461,808813,2158848
#145461,823046,2158848
145461,808753,2158848,17965.6
#152734,883137,2158848
#152734,861175,2158848
#152734,857029,2158848
#152734,848320,2158848
#152734,857721,2158848
152734,861476,2158848,23259.3
#160370,903113,2158848
#160370,918931,2158848
#160370,924725,2158848
#160370,892450,2158848
#160370,891817,2158848
160370,906207,2158848,26992.1
#168388,977816,2158848
#168388,995423,2158848
#168388,986165,2158848
#168388,980653,2158848
#168388,985588,2158848
168388,985129,2158848,12025.5
#176807,1086833,2158848
#176807,1082696,2158848
#176807,1114014,2158848
#176807,1069237,2158848
#176807,1076009,2158848
176807,1.08576e+06,2158848,30684.5
#185647,1165351,2158848
#185647,1204261,2158848
#185647,1180993,2158848
#185647,1175861,2158848
#185647,1166878,2158848
185647,1.17867e+06,2158848,28066.1
#194929,1505875,2158848
#194929,1362283,2158848
#194929,1371833,2158848
#194929,1327896,2158848
#194929,1347592,2158848
194929,1.3831e+06,2158848,126308
#204675,1116408,3083904
#204675,1122838,3083904
#204675,1101262,3083904
#204675,1097368,3083904
#204675,1100301,3083904
204675,1.10764e+06,3083904,20157.6
#214908,1212937,3083904
#214908,1182372,3083904
#214908,1170476,3083904
#214908,1171064,3083904
#214908,1163519,3083904
214908,1.18007e+06,3083904,35015.7
#225653,1847060,3083904
#225653,1832611,3083904
#225653,1363715,3083904
#225653,1286085,3083904
#225653,1258315,3083904
225653,1.51756e+06,3083904,530874
#236935,1393017,3083904
#236935,1371344,3083904
#236935,1343479,3083904
#236935,1343405,3083904
#236935,1366960,3083904
236935,1.36364e+06,3083904,37409.1
#248781,1534250,3083904
#248781,1497119,3083904
#248781,1466648,3083904
#248781,1466337,3083904
#248781,1457170,3083904
248781,1.4843e+06,3083904,56777.7
#261220,1627365,3083904
#261220,1640014,3083904
#261220,1644326,3083904
#261220,1577055,3083904
#261220,1606546,3083904
261220,1.61906e+06,3083904,49537.3
#274281,1887274,3083904
#274281,1870102,3083904
#274281,1839165,3083904
#274281,1814833,3083904
#274281,1823733,3083904
274281,1.84702e+06,3083904,55086.5
#287995,2441382,3083904
#287995,2503530,3083904
#287995,2111645,3083904
#287995,2087052,3083904
#287995,2069701,3083904
287995,2.24266e+06,3083904,378246
#302394,1933281,4405376
#302394,1797330,4405376
#302394,1778606,4405376
#302394,1758144,4405376
#302394,1759057,4405376
302394,1.80528e+06,4405376,131202
#317513,2365288,4405376
#317513,2300359,4405376
#317513,1923495,4405376
#317513,1906667,4405376
#317513,1895696,4405376
317513,2.0783e+06,4405376,418033
#333388,2093575,4405376
#333388,2053566,4405376
#333388,2031951,4405376
#333388,2008143,4405376
#333388,2012253,4405376
333388,2.0399e+06,4405376,62634.3
#350057,2253882,4405376
#350057,2224873,4405376
#350057,2183604,4405376
#350057,2157086,4405376
#350057,2156995,4405376
350057,2.19529e+06,4405376,76789.5
#367559,2443322,4405376
#367559,2435462,4405376
#367559,2391454,4405376
#367559,2387502,4405376
#367559,2417161,4405376
367559,2.41498e+06,4405376,45042.7
#385936,2688928,4405376
#385936,2678875,4405376
#385936,2642996,4405376
#385936,2636907,4405376
#385936,2662502,4405376
385936,2.66204e+06,4405376,40009.4
#405232,3045973,4405376
#405232,3053437,4405376
#405232,3001143,4405376
#405232,3020710,4405376
#405232,3117545,4405376
405232,3.04776e+06,4405376,79045.4
#425493,4177853,6293248
#425493,3653467,6293248
#425493,3617389,6293248
#425493,3657587,6293248
#425493,3860877,6293248
425493,3.79343e+06,6293248,420822
#446767,4066896,6293248
#446767,3776636,6293248
#446767,4021036,6293248
#446767,4684814,6293248
#446767,4571251,6293248
446767,4.22413e+06,6293248,692210
#469105,4150188,6293248
#469105,3981673,6293248
#469105,4210653,6293248
#469105,4193277,6293248
#469105,4168157,6293248
469105,4.14079e+06,6293248,164417
#492560,6606450,6293248
#492560,5341381,6293248
#492560,5490623,6293248
#492560,4994584,6293248
#492560,5084271,6293248
492560,5.50346e+06,6293248,1.15851e+06
#517188,4730673,6293248
#517188,4642367,6293248
#517188,4578276,6293248
#517188,4573067,6293248
#517188,4736642,6293248
517188,4.6522e+06,6293248,141738
#543047,5875085,6293248
#543047,5442549,6293248
#543047,5045707,6293248
#543047,4984324,6293248
#543047,5089061,6293248
543047,5.28735e+06,6293248,668762
#570199,5639314,6293248
#570199,5551289,6293248
#570199,5606304,6293248
#570199,5593039,6293248
#570199,5559603,6293248
570199,5.58991e+06,6293248,64058.8
#598708,9594853,8990208
#598708,9854621,8990208
#598708,10255261,8990208
#598708,10765027,8990208
#598708,11031092,8990208
598708,1.03002e+07,8990208,1.07642e+06
#628643,9929863,8990208
#628643,10573005,8990208
#628643,11573547,8990208
#628643,11462283,8990208
#628643,11806869,8990208
628643,1.10691e+07,8990208,1.41346e+06
#660075,10345953,8990208
#660075,11282460,8990208
#660075,11857243,8990208
#660075,11995406,8990208
#660075,12291700,8990208
660075,1.15546e+07,8990208,1.37524e+06
#693078,10803323,8990208
#693078,12169024,8990208
#693078,13500551,8990208
#693078,13376662,8990208
#693078,13455824,8990208
693078,1.26611e+07,8990208,2.10557e+06
#727731,12705728,8990208
#727731,13991554,8990208
#727731,16632829,8990208
#727731,14478616,8990208
#727731,14767105,8990208
727731,1.45152e+07,8990208,2.5452e+06
#764117,13516547,8990208
#764117,14201236,8990208
#764117,15170165,8990208
#764117,15609829,8990208
#764117,15880111,8990208
764117,1.48756e+07,8990208,1.77464e+06
#802322,13833053,8990208
#802322,15288152,8990208
#802322,15731811,8990208
#802322,16257591,8990208
#802322,16178463,8990208
802322,1.54578e+07,8990208,1.76696e+06
#842438,15276315,8990208
#842438,16482785,8990208
#842438,17379665,8990208
#842438,17796541,8990208
#842438,17657094,8990208
842438,1.69185e+07,8990208,1.87953e+06
#884559,17637932,12843008
#884559,19681534,12843008
#884559,21005448,12843008
#884559,21596869,12843008
#884559,22013696,12843008
884559,2.03871e+07,12843008,3.16827e+06
#928786,18709585,12843008
#928786,21686903,12843008
#928786,22926595,12843008
#928786,23183947,12843008
#928786,23931205,12843008
928786,2.20876e+07,12843008,3.67438e+06
#975225,21346418,12843008
#975225,24005050,12843008
#975225,24120123,12843008
#975225,25138918,12843008
#975225,25183348,12843008
975225,2.39588e+07,12843008,2.79212e+06
#1023986,21907453,12843008
#1023986,24074673,12843008
#1023986,25191468,12843008
#1023986,26083953,12843008
#1023986,25778086,12843008
1023986,2.46071e+07,12843008,3.02858e+06
#1075185,23814845,12843008
#1075185,26023362,12843008
#1075185,27165786,12843008
#1075185,27723920,12843008
#1075185,27655645,12843008
1075185,2.64767e+07,12843008,2.92729e+06
#1128944,25740271,12843008
#1128944,27944080,12843008
#1128944,29756411,12843008
#1128944,34794433,12843008
#1128944,32430097,12843008
1128944,3.01331e+07,12843008,6.40218e+06
#1185391,31882837,12843008
#1185391,32146713,12843008
#1185391,33063355,12843008
#1185391,33748970,12843008
#1185391,34112797,12843008
1185391,3.29909e+07,12843008,1.73874e+06
#1244660,35878550,18347008
#1244660,40589494,18347008
#1244660,41110726,18347008
#1244660,40747868,18347008
#1244660,41389983,18347008
1244660,3.99433e+07,18347008,4.10296e+06
#1306893,38518305,18347008
#1306893,42854092,18347008
#1306893,43387829,18347008
#1306893,43453762,18347008
#1306893,43869482,18347008
1306893,4.24167e+07,18347008,3.9515e+06
#1372237,41943931,18347008
#1372237,46146537,18347008
#1372237,45760299,18347008
#1372237,46130792,18347008
#1372237,45660167,18347008
1372237,4.51283e+07,18347008,3.20803e+06
#1440848,44892241,18347008
#1440848,48625393,18347008
#1440848,48757634,18347008
#1440848,48785452,18347008
#1440848,48764883,18347008
1440848,4.79651e+07,18347008,3.07496e+06
#1512890,49630879,18347008
#1512890,52551815,18347008
#1512890,51990361,18347008
#1512890,52854471,18347008
#1512890,54865579,18347008
1512890,5.23786e+07,18347008,3.3636e+06
#1588534,53074723,18347008
#1588534,55775197,18347008
#1588534,55883866,18347008
#1588534,55781516,18347008
#1588534,56187405,18347008
1588534,5.53405e+07,18347008,2.28555e+06
#1667960,59057231,18347008
#1667960,60710265,18347008
#1667960,61163081,18347008
#1667960,60730928,18347008
#1667960,60811409,18347008
1667960,6.04946e+07,18347008,1.47394e+06
#1751358,52593396,26209920
#1751358,56804269,26209920
#1751358,56791649,26209920
#1751358,56742365,26209920
#1751358,56813950,26209920
1751358,5.59491e+07,26209920,3.35609e+06
#1838925,56651619,26209920
#1838925,60273909,26209920
#1838925,61359285,26209920
#1838925,61365505,26209920
#1838925,60273562,26209920
1838925,5.99848e+07,26209920,3.47248e+06
#1930871,61214449,26209920
#1930871,63394887,26209920
#1930871,63331831,26209920
#1930871,63249228,26209920
#1930871,69630383,26209920
1930871,6.41642e+07,26209920,5.70628e+06
#2027414,66006001,26209920
#2027414,67137307,26209920
#2027414,67144576,26209920
#2027414,67173024,26209920
#2027414,67227481,26209920
2027414,6.69377e+07,26209920,933833
#2128784,76839726,26209920
#2128784,73758944,26209920
#2128784,71883451,26209920
#2128784,71950157,26209920
#2128784,72284471,26209920
2128784,7.33433e+07,26209920,3.75136e+06
#2235223,76063247,26209920
#2235223,77083526,26209920
#2235223,76813745,26209920
#2235223,77272739,26209920
#2235223,77154616,26209920
2235223,7.68776e+07,26209920,868344
#2346984,82953394,26209920
#2346984,83529209,26209920
#2346984,83704292,26209920
#2346984,83539325,26209920
#2346984,83384488,26209920
2346984,8.34221e+07,26209920,510644
#2464333,85830663,37442560
#2464333,92157048,37442560
#2464333,92009296,37442560
#2464333,92316143,37442560
#2464333,92147881,37442560
2464333,9.08922e+07,37442560,5.06527e+06
#2587549,93195492,37442560
#2587549,97201714,37442560
#2587549,98035606,37442560
#2587549,97304027,37442560
#2587549,97988636,37442560
2587549,9.67451e+07,37442560,3.61468e+06
#2716926,99148843,37442560
#2716926,103431915,37442560
#2716926,103071243,37442560
#2716926,103944953,37442560
#2716926,102927443,37442560
2716926,1.02505e+08,37442560,3.42876e+06
#2852772,106603397,37442560
#2852772,109355233,37442560
#2852772,108689640,37442560
#2852772,108988143,37442560
#2852772,109046410,37442560
2852772,1.08537e+08,37442560,1.97882e+06
#2995410,115233596,37442560
#2995410,118090743,37442560
#2995410,117692539,37442560
#2995410,115970653,37442560
#2995410,116063813,37442560
2995410,1.1661e+08,37442560,2.18469e+06
#3145180,122753038,37442560
#3145180,123434672,37442560
#3145180,123459932,37442560
#3145180,123493192,37442560
#3145180,123380567,37442560
3145180,1.23304e+08,37442560,556133
#3302439,131692665,37442560
#3302439,134114759,37442560
#3302439,144235171,37442560
#3302439,133677985,37442560
#3302439,132344685,37442560
3302439,1.35213e+08,37442560,9.19052e+06
#3467560,143111771,37442560
#3467560,144602622,37442560
#3467560,144027643,37442560
#3467560,144601535,37442560
#3467560,143788384,37442560
3467560,1.44026e+08,37442560,1.11571e+06
#3640938,128913046,53489280
#3640938,133087042,53489280
#3640938,132424280,53489280
#3640938,132545385,53489280
#3640938,132489034,53489280
3640938,1.31892e+08,53489280,3.01582e+06
#3822984,137759321,53489280
#3822984,139071004,53489280
#3822984,141410700,53489280
#3822984,140284382,53489280
#3822984,140894951,53489280
3822984,1.39884e+08,53489280,2.63642e+06
#4014133,146922442,53489280
#4014133,149133796,53489280
#4014133,148871635,53489280
#4014133,148552943,53489280
#4014133,148678785,53489280
4014133,1.48432e+08,53489280,1.55951e+06
#4214839,156650814,53489280
#4214839,158713370,53489280
#4214839,157658053,53489280
#4214839,157603333,53489280
#4214839,157906509,53489280
4214839,1.57706e+08,53489280,1.32099e+06
#4425580,170060004,53489280
#4425580,170984269,53489280
#4425580,173766780,53489280
#4425580,171002061,53489280
#4425580,171453477,53489280
4425580,1.71453e+08,53489280,2.48468e+06
#4646859,182284750,53489280
#4646859,183979334,53489280
#4646859,185255010,53489280
#4646859,182038008,53489280
#4646859,182567599,53489280
4646859,1.83225e+08,53489280,2.4356e+06
#4879201,197807020,53489280
#4879201,199001778,53489280
#4879201,197149681,53489280
#4879201,198378217,53489280
#4879201,197938099,53489280
4879201,1.98055e+08,53489280,1.23146e+06
#5123161,214394028,76413056
#5123161,205816887,76413056
#5123161,215469899,76413056
#5123161,227411680,76413056
#5123161,218392842,76413056
5123161,2.16297e+08,76413056,1.39159e+07
#5379319,216524882,76413056
#5379319,220881928,76413056
#5379319,215219374,76413056
#5379319,216234381,76413056
#5379319,216593214,76413056
5379319,2.17091e+08,76413056,3.91675e+06
#5648284,227278239,76413056
#5648284,229587156,76413056
#5648284,228433316,76413056
#5648284,227393872,76413056
#5648284,227760669,76413056
5648284,2.28091e+08,76413056,1.69973e+06
#5930698,242033041,76413056
#5930698,258161726,76413056
#5930698,273442074,76413056
#5930698,260151330,76413056
#5930698,248023820,76413056
5930698,2.56362e+08,76413056,2.1618e+07
#6227232,260233832,76413056
#6227232,261199332,76413056
#6227232,259366266,76413056
#6227232,265753224,76413056
#6227232,280333779,76413056
6227232,2.65377e+08,76413056,1.55918e+07
#6538593,302562613,76413056
#6538593,301377842,76413056
#6538593,307193141,76413056
#6538593,276377979,76413056
#6538593,275808216,76413056
6538593,2.92664e+08,76413056,2.73402e+07
#6865522,307106066,76413056
#6865522,300363155,76413056
#6865522,300356331,76413056
#6865522,298574081,76413056
#6865522,298079019,76413056
6865522,3.00896e+08,76413056,6.47869e+06
#7208798,292809341,109161344
#7208798,293586083,109161344
#7208798,293746403,109161344
#7208798,315423675,109161344
#7208798,303414088,109161344
7208798,2.99796e+08,109161344,1.74651e+07
#7569237,439435112,109161344
#7569237,301805108,109161344
#7569237,349314857,109161344
#7569237,303758589,109161344
#7569237,306772944,109161344
7569237,3.40217e+08,109161344,1.05262e+08
#7947698,328083537,109161344
#7947698,342794282,109161344
#7947698,337817729,109161344
#7947698,330614956,109161344
#7947698,349192024,109161344
7947698,3.37701e+08,109161344,1.55102e+07
#8345082,342397336,109161344
#8345082,343955563,109161344
#8345082,341452298,109161344
#8345082,340361330,109161344
#8345082,340276137,109161344
8345082,3.41689e+08,109161344,2.75012e+06
#8762336,365449205,109161344
#8762336,365636138,109161344
#8762336,363110303,109161344
#8762336,363344761,109161344
#8762336,362656642,109161344
8762336,3.64039e+08,109161344,2.49718e+06
#9200452,387816438,109161344
#9200452,388988807,109161344
#9200452,387961431,109161344
#9200452,388601007,109161344
#9200452,388220720,109161344
9200452,3.88318e+08,109161344,857085
#9660474,416498180,109161344
#9660474,410919745,109161344
#9660474,417089932,109161344
#9660474,416665497,109161344
#9660474,458898423,109161344
9660474,4.24014e+08,109161344,3.51774e+07
