#1,493,32
#1,652,32
#1,475,32
#1,453,32
#1,446,32
1,503.8,32,151.87
#2,720,32
#2,751,32
#2,720,32
#2,735,32
#2,745,32
2,734.2,32,25.3425
#3,944,64
#3,989,64
#3,967,64
#3,961,64
#3,988,64
3,969.8,64,34.0682
#4,1199,64
#4,1249,64
#4,1217,64
#4,1249,64
#4,1231,64
4,1229,64,38.45
#5,1454,64
#5,1480,64
#5,1475,64
#5,1525,64
#5,1480,64
5,1482.8,64,46.3621
#6,1798,64
#6,1903,64
#6,1834,64
#6,1836,64
#6,1842,64
6,1842.6,64,67.854
#7,2026,128
#7,2092,128
#7,2023,128
#7,2078,128
#7,2023,128
7,2048.4,128,60.4596
#8,2284,128
#8,2278,128
#8,2282,128
#8,2251,128
#8,2262,128
8,2271.4,128,25.6
#9,3051,128
#9,2930,128
#9,2808,128
#9,2854,128
#9,2888,128
9,2906.2,128,165.488
#10,3374,128
#10,3364,128
#10,3557,128
#10,3638,128
#10,3493,128
10,3485.2,128,210.938
#11,3481,128
#11,3284,128
#11,3049,128
#11,3061,128
#11,3072,128
11,3189.4,128,339.366
#12,4295,128
#12,3678,128
#12,3480,128
#12,3447,128
#12,3447,128
12,3669.4,128,648.842
#13,3579,128
#13,3692,128
#13,3525,128
#13,3556,128
#13,3549,128
13,3580.2,128,116.985
#14,3781,128
#14,3848,128
#14,3824,128
#14,3822,128
#14,4784,128
14,4011.8,128,773.4
#15,4192,256
#15,4211,256
#15,4809,256
#15,5113,256
#15,5438,256
15,4752.6,256,984.051
#16,4324,256
#16,4469,256
#16,4349,256
#16,4410,256
#16,4372,256
16,4384.8,256,101.457
#17,4567,256
#17,4605,256
#17,4621,256
#17,4565,256
#17,4625,256
17,4596.6,256,51.7471
#18,4809,256
#18,4888,256
#18,4841,256
#18,4849,256
#18,4825,256
18,4842.4,256,53.2406
#19,4990,256
#19,4983,256
#19,4946,256
#19,4979,256
#19,4983,256
19,4976.2,256,31.02
#20,6161,256
#20,6283,256
#20,6346,256
#20,6547,256
#20,6509,256
20,6369.2,256,286.318
#21,6703,256
#21,6985,256
#21,6805,256
#21,7297,256
#21,6471,256
21,6852.2,256,555.183
#22,6377,256
#22,6860,256
#22,5894,256
#22,5758,256
#22,5759,256
22,6129.6,256,860.525
#23,6149,256
#23,6268,256
#23,6162,256
#23,6185,256
#23,6143,256
23,6181.4,256,91.2719
#24,6574,256
#24,6621,256
#24,6575,256
#24,6537,256
#24,6546,256
24,6570.6,256,58.687
#25,6436,512
#25,6421,512
#25,6488,512
#25,6368,512
#25,6404,512
25,6423.4,512,78.9086
#26,6827,512
#26,6900,512
#26,6716,512
#26,6739,512
#26,6788,512
26,6794,512,131.057
#27,6989,512
#27,7006,512
#27,6951,512
#27,6933,512
#27,6919,512
27,6959.6,512,66.0133
#28,8293,512
#28,7793,512
#28,37418,512
#28,7220,512
#28,7234,512
28,13591.6,512,23839.7
#29,7394,512
#29,7445,512
#29,7393,512
#29,7430,512
#29,7476,512
29,7427.6,512,63.1012
#30,7637,512
#30,7699,512
#30,7646,512
#30,7637,512
#30,7742,512
30,7672.2,512,83.6889
#31,7967,512
#31,7975,512
#31,8093,512
#31,9599,512
#31,10080,512
31,8742.8,512,1818.75
#32,8111,512
#32,8259,512
#32,8137,512
#32,8164,512
#32,8209,512
32,8176,512,105.33
#33,8441,512
#33,8462,512
#33,8481,512
#33,8520,512
#33,8445,512
33,8469.8,512,57.625
#34,8782,512
#34,9314,512
#34,8819,512
#34,8799,512
#34,9227,512
34,8988.2,512,464.857
#35,9007,512
#35,9130,512
#35,9179,512
#35,9003,512
#35,9061,512
35,9076,512,138.101
#36,9505,512
#36,9643,512
#36,9933,512
#36,10331,512
#36,9616,512
36,9805.6,512,596.673
#37,9640,512
#37,9754,512
#37,9626,512
#37,9739,512
#37,9672,512
37,9686.2,512,103.324
#38,9647,512
#38,9695,512
#38,9697,512
#38,9740,512
#38,9673,512
38,9690.4,512,61.3919
#39,9827,512
#39,10008,512
#39,9936,512
#39,9895,512
#39,9919,512
39,9917,512,117.405
#40,10133,512
#40,10240,512
#40,10138,512
#40,10167,512
#40,10142,512
40,10164,512,79.5286
#42,10315,512
#42,10350,512
#42,10304,512
#42,10300,512
#42,10357,512
42,10325.2,512,47.4536
#44,11009,512
#44,12256,512
#44,12223,512
#44,11072,512
#44,11093,512
44,11530.6,512,1159.14
#46,12019,512
#46,13684,512
#46,14911,512
#46,12459,512
#46,11851,512
46,12984.8,512,2314.11
#48,13238,512
#48,12034,512
#48,11813,512
#48,13625,512
#48,12084,512
48,12558.8,512,1457.44
#50,12318,1024
#50,12499,1024
#50,12434,1024
#50,12400,1024
#50,12429,1024
50,12416,1024,117.446
#52,12762,1024
#52,12731,1024
#52,12816,1024
#52,12856,1024
#52,12751,1024
52,12783.2,1024,92.0296
#54,13342,1024
#54,13352,1024
#54,13345,1024
#54,13294,1024
#54,13366,1024
54,13339.8,1024,48.7015
#56,13819,1024
#56,16417,1024
#56,13971,1024
#56,13761,1024
#56,13748,1024
56,14343.2,1024,2079.84
#58,14171,1024
#58,15274,1024
#58,14262,1024
#58,15382,1024
#58,15197,1024
58,14857.2,1024,1054.41
#60,14623,1024
#60,14785,1024
#60,14634,1024
#60,14695,1024
#60,14691,1024
60,14685.6,1024,115.167
#63,15333,1024
#63,15469,1024
#63,15451,1024
#63,15525,1024
#63,15453,1024
63,15446.2,1024,125.261
#66,16237,1024
#66,16383,1024
#66,16299,1024
#66,16722,1024
#66,16940,1024
66,16516.2,1024,540.245
#69,19258,1024
#69,20640,1024
#69,19419,1024
#69,18457,1024
#69,18332,1024
69,19221.2,1024,1656.06
#72,17233,1024
#72,17385,1024
#72,17299,1024
#72,17288,1024
#72,17309,1024
72,17302.8,1024,97.5738
#75,17942,1024
#75,17949,1024
#75,17990,1024
#75,17926,1024
#75,18009,1024
75,17963.2,1024,62.2948
#78,18993,1024
#78,19086,1024
#78,18968,1024
#78,19073,1024
#78,19059,1024
78,19035.8,1024,93.2558
#81,20116,1024
#81,22864,1024
#81,21527,1024
#81,23821,1024
#81,20298,1024
81,21725.2,1024,2878.19
#85,20282,1024
#85,20318,1024
#85,20195,1024
#85,20270,1024
#85,21997,1024
85,20612.4,1024,1386.91
#89,21369,1024
#89,22821,1024
#89,21492,1024
#89,21544,1024
#89,21498,1024
89,21744.8,1024,1082.43
#93,22328,1024
#93,22368,1024
#93,23299,1024
#93,22616,1024
#93,24642,1024
93,23050.6,1024,1736.95
#97,22903,2048
#97,23086,2048
#97,23023,2048
#97,23048,2048
#97,23070,2048
97,23026,2048,130.101
#101,24040,2048
#101,24092,2048
#101,29661,2048
#101,41436,2048
#101,23433,2048
101,28532.4,2048,13672.7
#106,24344,2048
#106,24518,2048
#106,24547,2048
#106,24385,2048
#106,24333,2048
106,24425.4,2048,179.237
#111,25405,2048
#111,33152,2048
#111,25526,2048
#111,26849,2048
#111,26138,2048
111,27414,2048,5829.08
#116,26718,2048
#116,26750,2048
#116,26718,2048
#116,26762,2048
#116,26735,2048
116,26736.6,2048,34.862
#121,27726,2048
#121,27871,2048
#121,27857,2048
#121,27769,2048
#121,27796,2048
121,27803.8,2048,108.336
#127,29094,2048
#127,29247,2048
#127,29150,2048
#127,29258,2048
#127,30557,2048
127,29461.2,2048,1102.59
#133,36429,2048
#133,31131,2048
#133,30786,2048
#133,30817,2048
#133,30836,2048
133,31999.8,2048,4436.16
#139,37774,2048
#139,40794,2048
#139,38836,2048
#139,32144,2048
#139,40367,2048
139,37983,2048,6225.78
#145,42103,2048
#145,40399,2048
#145,34216,2048
#145,41871,2048
#145,43433,2048
145,40404.4,2048,6481.04
#152,34975,2048
#152,35049,2048
#152,34957,2048
#152,34856,2048
#152,34871,2048
152,34941.6,2048,141.984
#159,35644,2048
#159,37506,2048
#159,35724,2048
#159,37876,2048
#159,45315,2048
159,38413,2048,7135.64
#166,37397,2048
#166,37574,2048
#166,37355,2048
#166,38670,2048
#166,39762,2048
166,38151.6,2048,1876.11
#174,50039,2048
#174,41500,2048
#174,39639,2048
#174,49639,2048
#174,46261,2048
174,45415.6,2048,8420.39
#182,45856,2048
#182,50558,2048
#182,53548,2048
#182,42593,2048
#182,44090,2048
182,47329,2048,8206.97
#191,49047,2048
#191,54318,2048
#191,46527,2048
#191,54987,2048
#191,48469,2048
191,50669.6,2048,6728.29
#200,44241,4096
#200,44431,4096
#200,44541,4096
#200,46475,4096
#200,56515,4096
200,47240.6,4096,9414.03
#210,48253,4096
#210,46955,4096
#210,45624,4096
#210,45549,4096
#210,45526,4096
210,46381.4,4096,2159.66
#220,53528,4096
#220,46548,4096
#220,46530,4096
#220,46422,4096
#220,46342,4096
220,47874,4096,5655.98
#231,60436,4096
#231,66966,4096
#231,47376,4096
#231,47439,4096
#231,47414,4096
231,53926.2,4096,16487.9
#242,50434,4096
#242,49900,4096
#242,49787,4096
#242,49880,4096
#242,49791,4096
242,49958.4,4096,484.275
#254,60715,4096
#254,52381,4096
#254,52276,4096
#254,52422,4096
#254,68772,4096
254,57313.2,4096,13160.6
#266,57149,4096
#266,53629,4096
#266,54952,4096
#266,55620,4096
#266,53661,4096
266,55002.2,4096,2634.76
#279,65356,4096
#279,63080,4096
#279,56407,4096
#279,56273,4096
#279,56157,4096
279,59454.6,4096,7912.25
#292,57309,4096
#292,57433,4096
#292,61822,4096
#292,57345,4096
#292,68938,4096
292,60569.4,4096,9053.9
#306,60600,4096
#306,60782,4096
#306,60678,4096
#306,62658,4096
#306,61590,4096
306,61261.6,4096,1566.17
#321,63901,4096
#321,70311,4096
#321,79957,4096
#321,64330,4096
#321,63964,4096
321,68492.6,4096,12446.9
#337,65077,4096
#337,70198,4096
#337,65265,4096
#337,73337,4096
#337,78707,4096
337,70516.8,4096,10288.1
#353,68826,4096
#353,70337,4096
#353,70887,4096
#353,69232,4096
#353,75093,4096
353,70875,4096,4470.25
#370,86472,4096
#370,78851,4096
#370,78676,4096
#370,74316,4096
#370,71534,4096
370,77969.8,4096,10132.4
#388,80186,8192
#388,87269,8192
#388,83861,8192
#388,86436,8192
#388,77040,8192
388,82958.4,8192,7704.72
#407,82219,8192
#407,77956,8192
#407,77806,8192
#407,78921,8192
#407,79918,8192
407,79364,8192,3232.83
#427,82451,8192
#427,103904,8192
#427,97801,8192
#427,81524,8192
#427,81270,8192
427,89390,8192,19128.2
#448,85572,8192
#448,85567,8192
#448,87109,8192
#448,101152,8192
#448,102626,8192
448,92405.2,8192,15555.7
#470,98022,8192
#470,105321,8192
#470,93083,8192
#470,105107,8192
#470,105899,8192
470,101486,8192,10194.2
#493,95039,8192
#493,110650,8192
#493,109312,8192
#493,100754,8192
#493,107694,8192
493,104690,8192,11816.7
#517,110374,8192
#517,112526,8192
#517,110022,8192
#517,111893,8192
#517,108601,8192
517,110683,8192,2789.68
#542,103583,8192
#542,112403,8192
#542,103718,8192
#542,113255,8192
#542,104054,8192
542,107403,8192,8882.94
#569,108677,8192
#569,108807,8192
#569,112368,8192
#569,123165,8192
#569,109406,8192
569,112485,8192,11012.2
#597,123032,8192
#597,116826,8192
#597,133101,8192
#597,120175,8192
#597,125547,8192
597,123736,8192,11023.9
#626,120924,8192
#626,120626,8192
#626,120623,8192
#626,123817,8192
#626,120782,8192
626,121354,8192,2472.7
#657,131609,8192
#657,126902,8192
#657,126794,8192
#657,130090,8192
#657,131717,8192
657,129422,8192,4359.17
#689,132907,8192
#689,136374,8192
#689,153718,8192
#689,134835,8192
#689,132889,8192
689,138145,8192,15790.5
#723,140330,8192
#723,140621,8192
#723,140469,8192
#723,143663,8192
#723,145638,8192
723,142144,8192,4283.1
#759,154810,8192
#759,162449,8192
#759,174542,8192
#759,156409,8192
#759,171532,8192
759,163948,8192,15807.3
#796,158947,16384
#796,167802,16384
#796,174539,16384
#796,162356,16384
#796,177278,16384
796,168184,16384,13929
#835,166895,16384
#835,209752,16384
#835,167522,16384
#835,229164,16384
#835,235588,16384
835,201784,16384,58971.1
#876,179078,16384
#876,225176,16384
#876,206304,16384
#876,246485,16384
#876,249501,16384
876,221309,16384,52552.3
#919,188149,16384
#919,230561,16384
#919,196692,16384
#919,256045,16384
#919,259022,16384
919,226094,16384,58689.5
#964,202654,16384
#964,203206,16384
#964,220191,16384
#964,201878,16384
#964,202660,16384
964,206118,16384,14098.6
#1012,208012,16384
#1012,228621,16384
#1012,219264,16384
#1012,229663,16384
#1012,225509,16384
1012,222214,16384,15944.7
#1062,224746,16384
#1062,229361,16384
#1062,229098,16384
#1062,227161,16384
#1062,232167,16384
1062,228507,16384,4934.05
#1115,228470,16384
#1115,266738,16384
#1115,242531,16384
#1115,259312,16384
#1115,234697,16384
1115,246350,16384,29034.5
#1170,240430,16384
#1170,241167,16384
#1170,265463,16384
#1170,250362,16384
#1170,240968,16384
1170,247678,16384,19255.4
#1228,253271,16384
#1228,253339,16384
#1228,277669,16384
#1228,257452,16384
#1228,259930,16384
1228,260332,16384,18061.8
#1289,266286,16384
#1289,266969,16384
#1289,289786,16384
#1289,271005,16384
#1289,287815,16384
1289,276372,16384,20587.9
#1353,280613,16384
#1353,291765,16384
#1353,299179,16384
#1353,302016,16384
#1353,300419,16384
1353,294798,16384,15831.7
#1420,302696,16384
#1420,296927,16384
#1420,303443,16384
#1420,311350,16384
#1420,300409,16384
1420,302965,16384,9533.09
#1491,316439,16384
#1491,324321,16384
#1491,331329,16384
#1491,323985,16384
#1491,349926,16384
1491,329200,16384,22767.4
#1565,320790,32768
#1565,321718,32768
#1565,325256,32768
#1565,340415,32768
#1565,331707,32768
1565,327977,32768,14610.9
#1643,336581,32768
#1643,337951,32768
#1643,349315,32768
#1643,357113,32768
#1643,359935,32768
1643,348179,32768,19150.7
#1725,353442,32768
#1725,376277,32768
#1725,370375,32768
#1725,381874,32768
#1725,370800,32768
1725,370554,32768,19053.8
#1811,371447,32768
#1811,372980,32768
#1811,391239,32768
#1811,388583,32768
#1811,421410,32768
1811,389132,32768,36002.8
#1901,389891,32768
#1901,390351,32768
#1901,408162,32768
#1901,418060,32768
#1901,443227,32768
1901,409938,32768,39626.4
#1996,408934,32768
#1996,433916,32768
#1996,444605,32768
#1996,449533,32768
#1996,447242,32768
1996,436846,32768,29891.9
#2095,430576,32768
#2095,431755,32768
#2095,477190,32768
#2095,434917,32768
#2095,446178,32768
2095,444123,32768,34858.4
#2199,452683,32768
#2199,457975,32768
#2199,459919,32768
#2199,464841,32768
#2199,460592,32768
2199,459202,32768,7911.88
#2308,475697,32768
#2308,481233,32768
#2308,485353,32768
#2308,546143,32768
#2308,601899,32768
2308,518065,32768,98135.5
#2423,499190,32768
#2423,548856,32768
#2423,635764,32768
#2423,565288,32768
#2423,642130,32768
2423,578246,32768,108337
#2544,545731,32768
#2544,625190,32768
#2544,659809,32768
#2544,564244,32768
#2544,565168,32768
2544,592028,32768,86398.2
#2671,554165,32768
#2671,557489,32768
#2671,580403,32768
#2671,581617,32768
#2671,584614,32768
2671,571658,32768,26081.1
#2804,585464,32768
#2804,587152,32768
#2804,609155,32768
#2804,623176,32768
#2804,606501,32768
2804,602290,32768,28472.6
#2944,616546,32768
#2944,627018,32768
#2944,646310,32768
#2944,644482,32768
#2944,643907,32768
2944,635653,32768,23652.4
#3091,633487,65536
#3091,641646,65536
#3091,655471,65536
#3091,678242,65536
#3091,669991,65536
3091,655767,65536,33506.3
#3245,665464,65536
#3245,677276,65536
#3245,693589,65536
#3245,709497,65536
#3245,693097,65536
3245,687785,65536,30225.6
#3407,699680,65536
#3407,703885,65536
#3407,747604,65536
#3407,753689,65536
#3407,700872,65536
3407,721146,65536,48405.3
#3577,734842,65536
#3577,739702,65536
#3577,755883,65536
#3577,893757,65536
#3577,865528,65536
3577,797942,65536,135324
#3755,771690,65536
#3755,801591,65536
#3755,817654,65536
#3755,807178,65536
#3755,804978,65536
3755,800618,65536,30855.1
#3942,789421,65536
#3942,820073,65536
#3942,824340,65536
#3942,866386,65536
#3942,883105,65536
3942,836665,65536,67523.1
#4139,911695,65536
#4139,842289,65536
#4139,862512,65536
#4139,881558,65536
#4139,878559,65536
4139,875323,65536,45848.8
#4345,898597,65536
#4345,894528,65536
#4345,900010,65536
#4345,958474,65536
#4345,957598,65536
4345,921841,65536,59217.7
#4562,997119,65536
#4562,940052,65536
#4562,945601,65536
#4562,973179,65536
#4562,1040055,65536
4562,979201,65536,73332.8
#4790,996267,65536
#4790,1000463,65536
#4790,1001647,65536
#4790,971489,65536
#4790,969081,65536
4790,987789,65536,28847.6
#5029,1055472,65536
#5029,1041780,65536
#5029,1011226,65536
#5029,1033219,65536
#5029,1022750,65536
5029,1.03289e+06,65536,30479.3
#5280,1216354,65536
#5280,1183254,65536
#5280,1157810,65536
#5280,1193873,65536
#5280,1236850,65536
5280,1.19763e+06,65536,54370.7
#5544,1377022,65536
#5544,1342950,65536
#5544,1266197,65536
#5544,1312952,65536
#5544,1257356,65536
5544,1.3113e+06,65536,90633.6
#5821,1390198,65536
#5821,1365345,65536
#5821,1369250,65536
#5821,1373733,65536
#5821,1369847,65536
5821,1.37367e+06,65536,17358.2
#6112,1475647,65536
#6112,1479358,65536
#6112,1457166,65536
#6112,1469231,65536
#6112,1465046,65536
6112,1.46929e+06,65536,15666.1
#6417,1387992,131072
#6417,1395634,131072
#6417,1416307,131072
#6417,1359818,131072
#6417,1359936,131072
6417,1.38394e+06,131072,43440.6
#6737,1283413,131072
#6737,1363173,131072
#6737,1358153,131072
#6737,1480394,131072
#6737,1475408,131072
6737,1.39211e+06,131072,151098
#7073,1426165,131072
#7073,1481933,131072
#7073,1498400,131072
#7073,1480703,131072
#7073,1492965,131072
7073,1.47603e+06,131072,51617.1
#7426,1490689,131072
#7426,1532778,131072
#7426,1538864,131072
#7426,1541608,131072
#7426,1567046,131072
7426,1.5342e+06,131072,49402.2
#7797,1560816,131072
#7797,1613435,131072
#7797,1669141,131072
#7797,1702280,131072
#7797,1731296,131072
7797,1.65539e+06,131072,122814
#8186,1656779,131072
#8186,1661904,131072
#8186,1701218,131072
#8186,1741878,131072
#8186,1813400,131072
8186,1.71504e+06,131072,115944
#8595,1735517,131072
#8595,1774042,131072
#8595,1800462,131072
#8595,1824606,131072
#8595,1823912,131072
8595,1.79171e+06,131072,67323.2
#9024,1816662,131072
#9024,1863329,131072
#9024,1885831,131072
#9024,1910968,131072
#9024,1917632,131072
9024,1.87888e+06,131072,73171.5
#9475,1881896,131072
#9475,2041908,131072
#9475,2014088,131072
#9475,2024693,131072
#9475,2009642,131072
9475,1.99445e+06,131072,114723
#9948,2015777,131072
#9948,2096424,131072
#9948,2156389,131072
#9948,2180533,131072
#9948,2214840,131072
9948,2.13279e+06,131072,140237
#10445,2293903,131072
#10445,2308067,131072
#10445,2490016,131072
#10445,2350355,131072
#10445,2288179,131072
10445,2.3461e+06,131072,150348
#10967,2232629,131072
#10967,2308821,131072
#10967,2425768,131072
#10967,2470971,131072
#10967,2426956,131072
10967,2.37303e+06,131072,176900
#11515,2352291,131072
#11515,2524153,131072
#11515,2544798,131072
#11515,2551488,131072
#11515,2717057,131072
11515,2.53796e+06,131072,231463
#12090,2548050,131072
#12090,2669920,131072
#12090,2730919,131072
#12090,2698591,131072
#12090,2824962,131072
12090,2.69449e+06,131072,179811
#12694,2548324,262144
#12694,2706336,262144
#12694,2787522,262144
#12694,2885316,262144
#12694,2872538,262144
12694,2.76001e+06,262144,247892
#13328,2620673,262144
#13328,2853593,262144
#13328,2911300,262144
#13328,2900368,262144
#13328,2898508,262144
13328,2.83689e+06,262144,219803
#13994,2758833,262144
#13994,2855078,262144
#13994,3025738,262144
#13994,3126589,262144
#13994,3047254,262144
13994,2.9627e+06,262144,270003
#14693,2864729,262144
#14693,3069429,262144
#14693,3186818,262144
#14693,3256733,262144
#14693,3195421,262144
14693,3.11463e+06,262144,277741
#15427,3032218,262144
#15427,3231030,262144
#15427,3341701,262144
#15427,3285924,262144
#15427,3396304,262144
15427,3.25744e+06,262144,250786
#16198,3166668,262144
#16198,3369368,262144
#16198,3527701,262144
#16198,3552629,262144
#16198,3505058,262144
16198,3.42428e+06,262144,287157
#17007,3347578,262144
#17007,3394794,262144
#17007,3510283,262144
#17007,3489497,262144
#17007,3457611,262144
17007,3.43995e+06,262144,120947
#17857,3521279,262144
#17857,3556813,262144
#17857,3720582,262144
#17857,3673909,262144
#17857,3694799,262144
17857,3.63348e+06,262144,158614
#18749,3706826,262144
#18749,3942084,262144
#18749,4099730,262144
#18749,4091709,262144
#18749,4013902,262144
18749,3.97085e+06,262144,287898
#19686,3955611,262144
#19686,4095991,262144
#19686,4300432,262144
#19686,4263139,262144
#19686,4245606,262144
19686,4.17216e+06,262144,257403
#20670,4106589,262144
#20670,4266469,262144
#20670,4326011,262144
#20670,4296949,262144
#20670,4355097,262144
20670,4.27022e+06,262144,173943
#21703,4321870,262144
#21703,4564477,262144
#21703,4733693,262144
#21703,4708339,262144
#21703,4683705,262144
21703,4.60242e+06,262144,303587
#22788,4561327,262144
#22788,4751552,262144
#22788,4808862,262144
#22788,4778197,262144
#22788,4737239,262144
22788,4.72744e+06,262144,173151
#23927,4832069,262144
#23927,4974260,262144
#23927,5061084,262144
#23927,5006444,262144
#23927,4991633,262144
23927,4.9731e+06,262144,152545
#25123,4955044,524288
#25123,5103832,524288
#25123,5149219,524288
#25123,5177607,524288
#25123,5194047,524288
25123,5.11595e+06,524288,172151
#26379,5208250,524288
#26379,5386066,524288
#26379,5517188,524288
#26379,5517995,524288
#26379,5395498,524288
26379,5.405e+06,524288,227180
#27697,5469138,524288
#27697,5665603,524288
#27697,5794279,524288
#27697,5781303,524288
#27697,5759710,524288
27697,5.69401e+06,524288,242264
#29081,5739619,524288
#29081,5982508,524288
#29081,5996896,524288
#29081,5964414,524288
#29081,6053471,524288
29081,5.94738e+06,524288,216141
#30535,6037438,524288
#30535,6287480,524288
#30535,6316118,524288
#30535,6304495,524288
#30535,6366328,524288
30535,6.26237e+06,524288,230990
#32061,6507922,524288
#32061,6553959,524288
#32061,6644138,524288
#32061,6665819,524288
#32061,7071082,524288
32061,6.68858e+06,524288,399561
#33664,6669657,524288
#33664,7104898,524288
#33664,7145752,524288
#33664,7096986,524288
#33664,7306959,524288
33664,7.06485e+06,524288,423298
#35347,7005136,524288
#35347,7476521,524288
#35347,7523594,524288
#35347,7445420,524288
#35347,7286240,524288
35347,7.34738e+06,524288,377581
#37114,7371405,524288
#37114,7868495,524288
#37114,7818667,524288
#37114,7903931,524288
#37114,7830337,524288
37114,7.75857e+06,524288,391788
#38969,7760652,524288
#38969,8235212,524288
#38969,8292595,524288
#38969,8187108,524288
#38969,8239799,524288
38969,8.14307e+06,524288,388214
#40917,8183455,524288
#40917,8723092,524288
#40917,8670410,524288
#40917,8663414,524288
#40917,8618520,524288
40917,8.57178e+06,524288,393955
#42962,8623014,524288
#42962,9109881,524288
#42962,9067205,524288
#42962,9082227,524288
#42962,9076464,524288
42962,8.99176e+06,524288,369840
#45110,9079980,524288
#45110,9620145,524288
#45110,9633474,524288
#45110,9634263,524288
#45110,9620310,524288
45110,9.51763e+06,524288,437825
#47365,9601731,524288
#47365,10167515,524288
#47365,10115170,524288
#47365,10134118,524288
#47365,10171561,524288
47365,1.0038e+07,524288,438303
#49733,9869233,1048576
#49733,10369146,1048576
#49733,10375836,1048576
#49733,10713962,1048576
#49733,10560761,1048576
49733,1.03778e+07,1048576,569350
#52219,10366677,1048576
#52219,11019703,1048576
#52219,10827235,1048576
#52219,10892220,1048576
#52219,10927215,1048576
52219,1.08066e+07,1048576,457165
#54829,10902447,1048576
#54829,11387247,1048576
#54829,11466692,1048576
#54829,11441818,1048576
#54829,11432136,1048576
54829,1.13261e+07,1048576,426728
#57570,11754949,1048576
#57570,12035802,1048576
#57570,12403549,1048576
#57570,12742672,1048576
#57570,12170074,1048576
57570,1.22214e+07,1048576,669065
#60448,12037728,1048576
#60448,12707902,1048576
#60448,12593054,1048576
#60448,12591731,1048576
#60448,12675273,1048576
60448,1.25211e+07,1048576,491918
#63470,12646535,1048576
#63470,13439122,1048576
#63470,13514401,1048576
#63470,13157433,1048576
#63470,13253179,1048576
63470,1.32021e+07,1048576,611207
#66643,13261938,1048576
#66643,13884680,1048576
#66643,13939079,1048576
#66643,13867577,1048576
#66643,13904214,1048576
66643,1.37715e+07,1048576,511773
#69975,14837858,1048576
#69975,15692141,1048576
#69975,15549490,1048576
#69975,16935698,1048576
#69975,14810265,1048576
69975,1.55651e+07,1048576,1.54753e+06
#73473,14687920,1048576
#73473,15630186,1048576
#73473,15382177,1048576
#73473,15320129,1048576
#73473,15324290,1048576
73473,1.52689e+07,1048576,623916
#77146,15578509,1048576
#77146,16060584,1048576
#77146,16038764,1048576
#77146,15887461,1048576
#77146,16050871,1048576
77146,1.59232e+07,1048576,367280
#81003,16230567,1048576
#81003,16676857,1048576
#81003,17661812,1048576
#81003,16950323,1048576
#81003,16807434,1048576
81003,1.68654e+07,1048576,930980
#85053,17121366,1048576
#85053,17735476,1048576
#85053,17628669,1048576
#85053,17414613,1048576
#85053,17474976,1048576
85053,1.7475e+07,1048576,419681
#89305,18083812,1048576
#89305,18530632,1048576
#89305,18394024,1048576
#89305,18530718,1048576
#89305,18490583,1048576
89305,1.8406e+07,1048576,337272
#93770,19122931,1048576
#93770,19644476,1048576
#93770,19598279,1048576
#93770,19601511,1048576
#93770,23826969,1048576
93770,2.03588e+07,1048576,3.48915e+06
#98458,21080530,2097152
#98458,20665025,2097152
#98458,20405174,2097152
#98458,20328951,2097152
#98458,20398082,2097152
98458,2.05756e+07,2097152,554505
#103380,20576851,2097152
#103380,21435149,2097152
#103380,21504216,2097152
#103380,21282895,2097152
#103380,21230200,2097152
103380,2.12059e+07,2097152,659557
#108549,21637324,2097152
#108549,22472995,2097152
#108549,22422715,2097152
#108549,22392749,2097152
#108549,22393084,2097152
108549,2.22638e+07,2097152,629178
#113976,42423114,2097152
#113976,35118994,2097152
#113976,28791204,2097152
#113976,26804810,2097152
#113976,24765376,2097152
113976,3.15807e+07,2097152,1.28722e+07
#119674,24335254,2097152
#119674,25233462,2097152
#119674,24832060,2097152
#119674,24849316,2097152
#119674,24683575,2097152
119674,2.47867e+07,2097152,579664
#125657,25425526,2097152
#125657,26638304,2097152
#125657,26414806,2097152
#125657,26418305,2097152
#125657,26382622,2097152
125657,2.62559e+07,2097152,850148
#131939,26400778,2097152
#131939,27669860,2097152
#131939,27331546,2097152
#131939,28390184,2097152
#131939,28051714,2097152
131939,2.75688e+07,2097152,1.36782e+06
#138535,28403468,2097152
#138535,29058113,2097152
#138535,28790429,2097152
#138535,28805184,2097152
#138535,28851407,2097152
138535,2.87817e+07,2097152,424217
#145461,29926161,2097152
#145461,30159125,2097152
#145461,30571622,2097152
#145461,31752511,2097152
#145461,30427059,2097152
145461,3.05673e+07,2097152,1.26557e+06
#152734,31173427,2097152
#152734,31982907,2097152
#152734,31775229,2097152
#152734,31788670,2097152
#152734,31813693,2097152
152734,3.17068e+07,2097152,553919
#160370,32581047,2097152
#160370,33647851,2097152
#160370,33220835,2097152
#160370,33148218,2097152
#160370,33132574,2097152
160370,3.31461e+07,2097152,679301
#168388,34235676,2097152
#168388,35451758,2097152
#168388,35520374,2097152
#168388,36725562,2097152
#168388,36112419,2097152
168388,3.56092e+07,2097152,1.65378e+06
#176807,36567766,2097152
#176807,37079054,2097152
#176807,37285124,2097152
#176807,36931299,2097152
#176807,37170477,2097152
176807,3.70067e+07,2097152,496328
#185647,38318365,2097152
#185647,39289719,2097152
#185647,39321518,2097152
#185647,39323225,2097152
#185647,39594937,2097152
185647,3.91696e+07,2097152,879373
#194929,40809997,2097152
#194929,41476489,2097152
#194929,41386012,2097152
#194929,41434667,2097152
#194929,41524422,2097152
194929,4.13263e+07,2097152,524356
#204675,41800212,4194304
#204675,46320442,4194304
#204675,45094234,4194304
#204675,48095635,4194304
#204675,47572451,4194304
204675,4.57766e+07,4194304,4.48786e+06
#214908,43333318,4194304
#214908,46967286,4194304
#214908,47139040,4194304
#214908,46991239,4194304
#214908,47002863,4194304
214908,4.62867e+07,4194304,2.95586e+06
#225653,45851662,4194304
#225653,48855497,4194304
#225653,51435978,4194304
#225653,48752128,4194304
#225653,50344187,4194304
225653,4.90479e+07,4194304,3.7655e+06
#236935,50671251,4194304
#236935,52700211,4194304
#236935,51550383,4194304
#236935,51784110,4194304
#236935,56178945,4194304
236935,5.2577e+07,4194304,3.82661e+06
#248781,69307283,4194304
#248781,55555930,4194304
#248781,54039037,4194304
#248781,56289047,4194304
#248781,53460422,4194304
248781,5.77303e+07,4194304,1.17538e+07
#261220,53779059,4194304
#261220,55754147,4194304
#261220,66446592,4194304
#261220,58266086,4194304
#261220,56946351,4194304
261220,5.82384e+07,4194304,8.72247e+06
#274281,54078531,4194304
#274281,57977306,4194304
#274281,56914517,4194304
#274281,57443861,4194304
#274281,59330303,4194304
274281,5.71489e+07,4194304,3.4657e+06
#287995,58697556,4194304
#287995,60809473,4194304
#287995,63346316,4194304
#287995,63565327,4194304
#287995,64522555,4194304
287995,6.21882e+07,4194304,4.26825e+06
#302394,61695256,4194304
#302394,64931961,4194304
#302394,63686081,4194304
#302394,62903633,4194304
#302394,64108555,4194304
302394,6.34651e+07,4194304,2.20221e+06
#317513,63845293,4194304
#317513,67377318,4194304
#317513,65757604,4194304
#317513,65625882,4194304
#317513,65649911,4194304
317513,6.56512e+07,4194304,2.23656e+06
#333388,67618076,4194304
#333388,70289990,4194304
#333388,70964436,4194304
#333388,71218581,4194304
#333388,69470761,4194304
333388,6.99124e+07,4194304,2.59452e+06
#350057,69648160,4194304
#350057,83106849,4194304
#350057,81860086,4194304
#350057,82242244,4194304
#350057,74848993,4194304
350057,7.83413e+07,4194304,1.05101e+07
#367559,77030345,4194304
#367559,79400977,4194304
#367559,77225238,4194304
#367559,78176517,4194304
#367559,78603327,4194304
367559,7.80873e+07,4194304,1.75734e+06
#385936,82511620,4194304
#385936,82587605,4194304
#385936,83425487,4194304
#385936,88222129,4194304
#385936,85814309,4194304
385936,8.45122e+07,4194304,4.41329e+06
#405232,90140268,8388608
#405232,99115241,8388608
#405232,98734265,8388608
#405232,97689854,8388608
#405232,99077724,8388608
405232,9.69515e+07,8388608,6.88877e+06
#425493,95904818,8388608
#425493,101392457,8388608
#425493,99102895,8388608
#425493,100198825,8388608
#425493,98022508,8388608
425493,9.89243e+07,8388608,3.7607e+06
#446767,102832685,8388608
#446767,107571694,8388608
#446767,104631920,8388608
#446767,103932845,8388608
#446767,104476269,8388608
446767,1.04689e+08,8388608,3.14657e+06
#469105,103939805,8388608
#469105,111352298,8388608
#469105,111431315,8388608
#469105,111188899,8388608
#469105,107042571,8388608
469105,1.08991e+08,8388608,6.04467e+06
#492560,111875776,8388608
#492560,112434550,8388608
#492560,118538186,8388608
#492560,120060281,8388608
#492560,118516103,8388608
492560,1.16285e+08,8388608,6.84542e+06
#517188,114267293,8388608
#517188,121355983,8388608
#517188,123578230,8388608
#517188,125403795,8388608
#517188,125584038,8388608
517188,1.22038e+08,8388608,8.34862e+06
#543047,121124710,8388608
#543047,129252943,8388608
#543047,126630870,8388608
#543047,134696211,8388608
#543047,132971247,8388608
543047,1.28935e+08,8388608,9.62886e+06
#570199,160599555,8388608
#570199,217803669,8388608
#570199,181859740,8388608
#570199,156314975,8388608
#570199,146355589,8388608
570199,1.72587e+08,8388608,5.08102e+07
#598708,141502414,8388608
#598708,146784588,8388608
#598708,143371673,8388608
#598708,146875539,8388608
#598708,142681517,8388608
598708,1.44243e+08,8388608,4.39073e+06
#628643,147023577,8388608
#628643,172074592,8388608
#628643,163576580,8388608
#628643,163166119,8388608
#628643,192244382,8388608
628643,1.67617e+08,8388608,2.94836e+07
#660075,158370140,8388608
#660075,158736421,8388608
#660075,158657012,8388608
#660075,157030269,8388608
#660075,164682145,8388608
660075,1.59495e+08,8388608,5.33099e+06
#693078,164564541,8388608
#693078,174369337,8388608
#693078,166380894,8388608
#693078,167658445,8388608
#693078,166174956,8388608
693078,1.6783e+08,8388608,6.82904e+06
#727731,168066543,8388608
#727731,180238420,8388608
#727731,180582120,8388608
#727731,172092318,8388608
#727731,172001717,8388608
727731,1.74596e+08,8388608,9.93189e+06
#764117,180274917,8388608
#764117,182873147,8388608
#764117,190006912,8388608
#764117,181711377,8388608
#764117,182986267,8388608
764117,1.83571e+08,8388608,6.72739e+06
#802322,239575895,16777216
#802322,249547086,16777216
#802322,226196768,16777216
#802322,231798169,16777216
#802322,227051485,16777216
802322,2.34834e+08,16777216,1.75122e+07
#842438,232641095,16777216
#842438,265559095,16777216
#842438,237462015,16777216
#842438,242610407,16777216
#842438,239667785,16777216
842438,2.43588e+08,16777216,2.29158e+07
#884559,263509729,16777216
#884559,260477672,16777216
#884559,270271930,16777216
#884559,252943232,16777216
#884559,257051314,16777216
884559,2.60851e+08,16777216,1.17621e+07
#928786,272558279,16777216
#928786,266997426,16777216
#928786,289946298,16777216
#928786,285322656,16777216
#928786,293277357,16777216
928786,2.8162e+08,16777216,2.02951e+07
#975225,274145067,16777216
#975225,315916592,16777216
#975225,290686428,16777216
#975225,332568999,16777216
#975225,288199622,16777216
975225,3.00303e+08,16777216,4.20294e+07
#1023986,295227162,16777216
#1023986,288458057,16777216
#1023986,296660061,16777216
#1023986,311944201,16777216
#1023986,293723011,16777216
1023986,2.97202e+08,16777216,1.57502e+07
#1075185,323741344,16777216
#1075185,312091597,16777216
#1075185,333040071,16777216
#1075185,321643849,16777216
#1075185,327150515,16777216
1075185,3.23533e+08,16777216,1.37982e+07
#1128944,338188167,16777216
#1128944,341113476,16777216
#1128944,353317816,16777216
#1128944,328872345,16777216
#1128944,336473202,16777216
1128944,3.39593e+08,16777216,1.59329e+07
#1185391,360058139,16777216
#1185391,377471460,16777216
#1185391,358385997,16777216
#1185391,366139588,16777216
#1185391,383990494,16777216
1185391,3.69209e+08,16777216,1.99411e+07
#1244660,372555448,16777216
#1244660,379373646,16777216
#1244660,379428790,16777216
#1244660,360775884,16777216
#1244660,377333527,16777216
1244660,3.73893e+08,16777216,1.4039e+07
#1306893,396978540,16777216
#1306893,388804302,16777216
#1306893,393224408,16777216
#1306893,405544680,16777216
#1306893,407933549,16777216
1306893,3.98497e+08,16777216,1.44989e+07
#1372237,411426889,16777216
#1372237,433208931,16777216
#1372237,427243434,16777216
#1372237,422937409,16777216
#1372237,430685651,16777216
1372237,4.251e+08,16777216,1.53148e+07
#1440848,438628316,16777216
#1440848,452954179,16777216
#1440848,463148011,16777216
#1440848,459496821,16777216
#1440848,471369159,16777216
1440848,4.57119e+08,16777216,2.19877e+07
#1512890,471423383,16777216
#1512890,474510272,16777216
#1512890,469125326,16777216
#1512890,464176774,16777216
#1512890,480142424,16777216
1512890,4.71876e+08,16777216,1.06704e+07
#1588534,530379257,33554432
#1588534,513083094,33554432
#1588534,509807803,33554432
#1588534,512743576,33554432
#1588534,514560855,33554432
1588534,5.16115e+08,33554432,1.45938e+07
#1667960,544807411,33554432
#1667960,539061298,33554432
#1667960,536958541,33554432
#1667960,534304397,33554432
#1667960,542492554,33554432
1667960,5.39525e+08,33554432,7.52418e+06
#1751358,580502469,33554432
#1751358,576885580,33554432
#1751358,593203176,33554432
#1751358,577564278,33554432
#1751358,581356381,33554432
1751358,5.81902e+08,33554432,1.17967e+07
#1838925,606908124,33554432
#1838925,591839870,33554432
#1838925,612032579,33554432
#1838925,602275240,33554432
#1838925,609142490,33554432
1838925,6.0444e+08,33554432,1.41224e+07
#1930871,639540179,33554432
#1930871,632589952,33554432
#1930871,632500913,33554432
#1930871,640013778,33554432
#1930871,646507912,33554432
1930871,6.38231e+08,33554432,1.05092e+07
#2027414,670747890,33554432
#2027414,668305243,33554432
#2027414,672302570,33554432
#2027414,673273416,33554432
#2027414,665505975,33554432
2027414,6.70027e+08,33554432,5.63143e+06
#2128784,710085110,33554432
#2128784,712721168,33554432
#2128784,716241771,33554432
#2128784,717580486,33554432
#2128784,714917533,33554432
2128784,7.14309e+08,33554432,5.30441e+06
#2235223,746273393,33554432
#2235223,748393606,33554432
#2235223,743406270,33554432
#2235223,752686008,33554432
#2235223,749473054,33554432
2235223,7.48046e+08,33554432,6.21972e+06
#2346984,794738056,33554432
#2346984,791719405,33554432
#2346984,795829490,33554432
#2346984,787504082,33554432
#2346984,784561452,33554432
2346984,7.9087e+08,33554432,8.55135e+06
#2464333,840190598,33554432
#2464333,836572735,33554432
#2464333,835946476,33554432
#2464333,877756274,33554432
#2464333,833266170,33554432
2464333,8.44746e+08,33554432,3.33041e+07
#2587549,885675238,33554432
#2587549,881515961,33554432
#2587549,883824092,33554432
#2587549,881474901,33554432
#2587549,878000045,33554432
2587549,8.82098e+08,33554432,5.16111e+06
#2716926,937119878,33554432
#2716926,935556153,33554432
#2716926,928394584,33554432
#2716926,947173838,33554432
#2716926,935983392,33554432
2716926,9.36846e+08,33554432,1.20191e+07
#2852772,982331521,33554432
#2852772,991132445,33554432
#2852772,997089629,33554432
#2852772,994555208,33554432
#2852772,982884280,33554432
2852772,9.89599e+08,33554432,1.20309e+07
#2995410,1061030553,33554432
#2995410,1054906773,33554432
#2995410,1053858549,33554432
#2995410,1057879567,33554432
#2995410,1044693698,33554432
2995410,1.05447e+09,33554432,1.09839e+07
#3145180,1115721602,33554432
#3145180,1123751158,33554432
#3145180,1135915957,33554432
#3145180,1143526259,33554432
#3145180,1123373998,33554432
3145180,1.12846e+09,33554432,1.98573e+07
#3302439,1141858504,67108864
#3302439,1137628880,67108864
#3302439,1141281333,67108864
#3302439,1130306427,67108864
#3302439,1136377168,67108864
3302439,1.13749e+09,67108864,8.30997e+06
#3467560,1184811886,67108864
#3467560,1219798706,67108864
#3467560,1205162908,67108864
#3467560,1203015714,67108864
#3467560,1203210216,67108864
3467560,1.2032e+09,67108864,2.22266e+07
#3640938,1277482302,67108864
#3640938,1276703064,67108864
#3640938,1271435251,67108864
#3640938,1267983374,67108864
#3640938,1255661877,67108864
3640938,1.26985e+09,67108864,1.58118e+07
#3822984,1339529294,67108864
#3822984,1339311768,67108864
#3822984,1327352517,67108864
#3822984,1329743456,67108864
#3822984,1333961983,67108864
3822984,1.33398e+09,67108864,9.84254e+06
#4014133,1411875171,67108864
#4014133,1412939136,67108864
#4014133,1411865755,67108864
#4014133,1408100830,67108864
#4014133,1405565757,67108864
4014133,1.41007e+09,67108864,5.57718e+06
#4214839,1489258417,67108864
#4214839,1470782881,67108864
#4214839,1477150222,67108864
#4214839,1481939091,67108864
#4214839,1482355340,67108864
4214839,1.4803e+09,67108864,1.22527e+07
#4425580,1547935502,67108864
#4425580,1535058517,67108864
#4425580,1549974895,67108864
#4425580,1573906716,67108864
#4425580,1579099277,67108864
4425580,1.55719e+09,67108864,3.33103e+07
#4646859,1724050897,67108864
#4646859,1684429137,67108864
#4646859,1669778428,67108864
#4646859,1662780141,67108864
#4646859,1661642511,67108864
4646859,1.68054e+09,67108864,4.64471e+07
#4879201,1759079641,67108864
#4879201,1757692269,67108864
#4879201,1761909523,67108864
#4879201,1765607126,67108864
#4879201,1753125811,67108864
4879201,1.75948e+09,67108864,8.35111e+06
#5123161,1846998068,67108864
#5123161,1853109151,67108864
#5123161,1864266681,67108864
#5123161,1858800638,67108864
#5123161,1868208279,67108864
5123161,1.85828e+09,67108864,1.51974e+07
#5379319,1978273992,67108864
#5379319,1962231182,67108864
#5379319,1981144472,67108864
#5379319,1970994732,67108864
#5379319,1960636071,67108864
5379319,1.97066e+09,67108864,-nan
#5648284,2077378722,67108864
#5648284,2089285267,67108864
#5648284,2080447062,67108864
#5648284,2080915354,67108864
#5648284,2055876732,67108864
5648284,2.07678e+09,67108864,-nan
#5930698,2201866567,67108864
#5930698,2204383953,67108864
#5930698,2204874616,67108864
#5930698,2203887137,67108864
#5930698,2215537392,67108864
5930698,2.20611e+09,67108864,-nan
#6227232,2370353612,67108864
#6227232,2372128811,67108864
#6227232,2363788305,67108864
#6227232,2373706264,67108864
#6227232,2371446563,67108864
6227232,2.37028e+09,67108864,-nan
#6538593,2325907686,134217728
#6538593,2322097809,134217728
#6538593,2322237231,134217728
#6538593,2334941599,134217728
#6538593,2333346415,134217728
6538593,2.32771e+09,134217728,-nan
#6865522,2457618463,134217728
#6865522,2470234553,134217728
#6865522,2468329643,134217728
#6865522,2450546028,134217728
#6865522,2454130558,134217728
6865522,2.46017e+09,134217728,-nan
#7208798,2607605190,134217728
#7208798,2609095099,134217728
#7208798,2598184330,134217728
#7208798,2619595867,134217728
#7208798,2592861742,134217728
7208798,2.60547e+09,134217728,-nan
#7569237,2735534783,134217728
#7569237,2734443523,134217728
#7569237,2732685475,134217728
#7569237,2731472849,134217728
#7569237,2739100437,134217728
7569237,2.73465e+09,134217728,-nan
#7947698,2887658153,134217728
#7947698,2893644047,134217728
#7947698,2884107684,134217728
#7947698,2888182280,134217728
#7947698,2884805340,134217728
7947698,2.88768e+09,134217728,-nan
#8345082,3044730598,134217728
#8345082,3050598443,134217728
#8345082,3043481190,134217728
#8345082,3038732213,134217728
#8345082,3047741590,134217728
8345082,3.04506e+09,134217728,-nan
#8762336,3235171265,134217728
#8762336,3224830026,134217728
#8762336,3205154512,134217728
#8762336,3246677378,134217728
#8762336,3235979624,134217728
8762336,3.22956e+09,134217728,-nan
#9200452,3399688723,134217728
#9200452,3404755587,134217728
#9200452,3399744943,134217728
#9200452,3409569270,134217728
#9200452,3424939542,134217728
9200452,3.40774e+09,134217728,-nan
#9660474,3596598927,134217728
#9660474,3604826787,134217728
#9660474,3594271933,134217728
#9660474,3591733514,134217728
#9660474,3588348936,134217728
9660474,3.59516e+09,134217728,-nan
