#1,236,296
#1,53,296
#1,24,296
#1,24,296
#1,24,296
#1,24,296
1,64.1667,296,155.145
#2,48,296
#2,25,296
#2,28,296
#2,26,296
#2,26,296
#2,25,296
2,29.6667,296,16.5193
#3,56,296
#3,46,296
#3,27,296
#3,29,296
#3,27,296
#3,26,296
3,35.1667,296,23.1924
#4,67,296
#4,54,296
#4,30,296
#4,30,296
#4,31,296
#4,29,296
4,40.1667,296,29.7415
#5,78,296
#5,56,296
#5,33,296
#5,33,296
#5,33,296
#5,34,296
5,44.5,296,34.2685
#6,73,296
#6,51,296
#6,39,296
#6,38,296
#6,38,296
#6,37,296
6,46,296,25.9743
#7,76,296
#7,58,296
#7,82,296
#7,45,296
#7,43,296
#7,45,296
7,58.1667,296,31.2285
#8,106,296
#8,57,296
#8,49,296
#8,49,296
#8,48,296
#8,49,296
8,59.6667,296,41.8834
#9,87,296
#9,86,296
#9,56,296
#9,56,296
#9,56,296
#9,57,296
9,66.3333,296,28.5346
#10,106,296
#10,85,296
#10,63,296
#10,63,296
#10,63,296
#10,64,296
10,74,296,32.7414
#11,110,296
#11,101,296
#11,71,296
#11,69,296
#11,70,296
#11,69,296
11,81.6667,296,34.1305
#12,111,296
#12,91,296
#12,79,296
#12,78,296
#12,79,296
#12,77,296
12,85.8333,296,24.3972
#13,135,424
#13,114,424
#13,93,424
#13,73,424
#13,67,424
#13,68,424
13,91.6667,424,50.9597
#14,167,424
#14,141,424
#14,72,424
#14,72,424
#14,73,424
#14,73,424
14,99.6667,424,78.2957
#15,179,424
#15,150,424
#15,96,424
#15,92,424
#15,93,424
#15,80,424
15,115,424,72.6636
#16,207,424
#16,152,424
#16,109,424
#16,96,424
#16,86,424
#16,84,424
16,122.333,424,88.3528
#17,230,424
#17,163,424
#17,117,424
#17,117,424
#17,105,424
#17,104,424
17,139.333,424,90.2047
#18,269,424
#18,195,424
#18,129,424
#18,113,424
#18,114,424
#18,102,424
18,153.667,424,119.765
#19,282,424
#19,196,424
#19,121,424
#19,105,424
#19,104,424
#19,106,424
19,152.333,424,132.729
#20,244,424
#20,181,424
#20,147,424
#20,132,424
#20,124,424
#20,111,424
20,156.5,424,89.7162
#21,377,424
#21,256,424
#21,153,424
#21,134,424
#21,125,424
#21,127,424
21,195.333,424,185.927
#22,313,424
#22,210,424
#22,151,424
#22,143,424
#22,140,424
#22,129,424
22,181,424,129.084
#23,344,424
#23,206,424
#23,145,424
#23,146,424
#23,145,424
#23,135,424
23,186.833,424,148.15
#24,352,424
#24,209,424
#24,151,424
#24,153,424
#24,152,424
#24,144,424
24,193.5,424,148.282
#25,397,680
#25,190,680
#25,122,680
#25,123,680
#25,125,680
#25,123,680
25,180,680,200.127
#26,382,680
#26,268,680
#26,199,680
#26,155,680
#26,152,680
#26,138,680
26,215.667,680,172.142
#27,411,680
#27,223,680
#27,140,680
#27,138,680
#27,140,680
#27,139,680
27,198.5,680,199.669
#28,498,680
#28,254,680
#28,166,680
#28,144,680
#28,145,680
#28,144,680
28,225.167,680,256.09
#29,422,680
#29,294,680
#29,171,680
#29,170,680
#29,166,680
#29,169,680
29,232,680,192.932
#30,410,680
#30,297,680
#30,192,680
#30,180,680
#30,183,680
#30,162,680
30,237.333,680,177.658
#31,462,680
#31,301,680
#31,189,680
#31,165,680
#31,162,680
#31,165,680
31,240.667,680,220.511
#32,474,680
#32,488,680
#32,252,680
#32,188,680
#32,177,680
#32,178,680
32,292.833,680,271.014
#33,575,680
#33,391,680
#33,234,680
#33,214,680
#33,210,680
#33,312,680
33,322.667,680,259.254
#34,599,680
#34,468,680
#34,355,680
#34,366,680
#34,433,680
#34,184,680
34,400.833,680,251.856
#35,523,680
#35,378,680
#35,253,680
#35,237,680
#35,215,680
#35,199,680
35,300.833,680,230.091
#36,574,680
#36,282,680
#36,224,680
#36,216,680
#36,217,680
#36,216,680
36,288.167,680,259.919
#37,566,936
#37,414,936
#37,256,936
#37,233,936
#37,205,936
#37,182,936
37,309.333,936,273.987
#38,593,936
#38,392,936
#38,256,936
#38,209,936
#38,209,936
#38,199,936
38,309.667,936,285.717
#39,588,936
#39,465,936
#39,272,936
#39,245,936
#39,216,936
#39,202,936
39,331.333,936,288.383
#40,610,936
#40,468,936
#40,293,936
#40,258,936
#40,262,936
#40,240,936
40,355.167,936,274.373
#42,715,936
#42,557,936
#42,336,936
#42,284,936
#42,280,936
#42,243,936
42,402.5,936,346.831
#44,670,936
#44,489,936
#44,322,936
#44,274,936
#44,261,936
#44,252,936
44,378,936,306.705
#46,878,936
#46,638,936
#46,407,936
#46,325,936
#46,325,936
#46,322,936
46,482.5,936,417.671
#48,758,936
#48,559,936
#48,368,936
#48,303,936
#48,303,936
#48,303,936
48,432.333,936,342.951
#50,731,1192
#50,491,1192
#50,331,1192
#50,324,1192
#50,325,1192
#50,278,1192
50,413.333,1192,313.923
#52,827,1192
#52,498,1192
#52,330,1192
#52,309,1192
#52,305,1192
#52,304,1192
52,428.833,1192,381.547
#54,927,1192
#54,610,1192
#54,344,1192
#54,299,1192
#54,296,1192
#54,296,1192
54,462,1192,471.688
#56,906,1192
#56,677,1192
#56,427,1192
#56,353,1192
#56,326,1192
#56,315,1192
56,500.667,1192,437.875
#58,965,1192
#58,774,1192
#58,462,1192
#58,551,1192
#58,611,1192
#58,569,1192
58,655.333,1192,334.323
#60,1186,1192
#60,959,1192
#60,745,1192
#60,570,1192
#60,605,1192
#60,647,1192
60,785.333,1192,439.959
#63,1133,1320
#63,914,1320
#63,742,1320
#63,642,1320
#63,729,1320
#63,657,1320
63,802.833,1320,344.146
#66,1242,1320
#66,933,1320
#66,490,1320
#66,440,1320
#66,376,1320
#66,367,1320
66,641.333,1320,660.791
#69,1263,1320
#69,917,1320
#69,613,1320
#69,508,1320
#69,473,1320
#69,471,1320
69,707.5,1320,584.308
#72,1141,1320
#72,883,1320
#72,593,1320
#72,497,1320
#72,478,1320
#72,458,1320
72,675,1320,506.442
#75,1130,1576
#75,784,1576
#75,476,1576
#75,386,1576
#75,363,1576
#75,364,1576
75,583.833,1576,569.342
#78,1216,1576
#78,864,1576
#78,540,1576
#78,495,1576
#78,501,1576
#78,490,1576
78,684.333,1576,543.449
#81,1266,1576
#81,851,1576
#81,510,1576
#81,481,1576
#81,457,1576
#81,439,1576
81,667.333,1576,604.42
#85,1394,1576
#85,963,1576
#85,566,1576
#85,461,1576
#85,439,1576
#85,442,1576
85,710.833,1576,711.741
#89,1416,1576
#89,1068,1576
#89,677,1576
#89,535,1576
#89,483,1576
#89,479,1576
89,776.333,1576,700.858
#93,1550,1576
#93,1121,1576
#93,749,1576
#93,676,1576
#93,614,1576
#93,568,1576
93,879.667,1576,699.456
#97,1682,1576
#97,1318,1576
#97,857,1576
#97,776,1576
#97,693,1576
#97,690,1576
97,1002.67,1576,742.599
#101,1788,1832
#101,1340,1832
#101,874,1832
#101,648,1832
#101,619,1832
#101,582,1832
101,975.167,1832,891.631
#106,1778,1832
#106,1312,1832
#106,795,1832
#106,703,1832
#106,619,1832
#106,598,1832
106,967.5,1832,869.21
#111,1755,1832
#111,1244,1832
#111,811,1832
#111,765,1832
#111,696,1832
#111,694,1832
111,994.167,1832,777.327
#116,2001,1832
#116,1600,1832
#116,1176,1832
#116,981,1832
#116,885,1832
#116,851,1832
116,1249,1832,839.348
#121,2008,1832
#121,1301,1832
#121,941,1832
#121,910,1832
#121,891,1832
#121,829,1832
121,1146.67,1832,828.775
#127,2238,2088
#127,1595,2088
#127,1188,2088
#127,944,2088
#127,774,2088
#127,749,2088
127,1248,2088,1055.21
#133,2250,2088
#133,1567,2088
#133,1049,2088
#133,907,2088
#133,858,2088
#133,862,2088
133,1248.83,2088,1020.7
#139,2715,2088
#139,2293,2088
#139,1726,2088
#139,1076,2088
#139,852,2088
#139,864,2088
139,1587.67,2088,1440.88
#145,2994,2088
#145,2426,2088
#145,1822,2088
#145,1915,2088
#145,1764,2088
#145,1824,2088
145,2124.17,2088,895.391
#152,2422,2472
#152,1812,2472
#152,1307,2472
#152,1096,2472
#152,962,2472
#152,959,2472
152,1426.33,2472,1063.78
#159,2565,2472
#159,2111,2472
#159,1499,2472
#159,1210,2472
#159,1109,2472
#159,1041,2472
159,1589.17,2472,1127.68
#166,3482,2472
#166,2566,2472
#166,2365,2472
#166,2199,2472
#166,1960,2472
#166,1935,2472
166,2417.83,2472,1048.12
#174,2876,2472
#174,2255,2472
#174,1512,2472
#174,1297,2472
#174,1076,2472
#174,1064,2472
174,1680,2472,1336.72
#182,3209,2472
#182,2620,2472
#182,1925,2472
#182,1716,2472
#182,1582,2472
#182,1457,2472
182,2084.83,2472,1253.99
#191,3369,2856
#191,2673,2856
#191,2029,2856
#191,1678,2856
#191,1564,2856
#191,1464,2856
191,2129.5,2856,1368.3
#200,3236,2856
#200,2722,2856
#200,1816,2856
#200,1743,2856
#200,2437,2856
#200,2384,2856
200,2389.67,2856,1025.11
#210,3545,2856
#210,2795,2856
#210,1934,2856
#210,1673,2856
#210,1559,2856
#210,1516,2856
210,2170.33,2856,1502.22
#220,4163,2856
#220,3357,2856
#220,2574,2856
#220,2136,2856
#220,1865,2856
#220,1757,2856
220,2642,2856,1726.71
#231,4712,3368
#231,4220,3368
#231,3167,3368
#231,2930,3368
#231,2833,3368
#231,2069,3368
231,3321.83,3368,1774.88
#242,4139,3368
#242,3107,3368
#242,2337,3368
#242,1975,3368
#242,1834,3368
#242,1686,3368
242,2513,3368,1724.74
#254,4155,3368
#254,3584,3368
#254,2841,3368
#254,2461,3368
#254,2221,3368
#254,2169,3368
254,2905.17,3368,1468.41
#266,4551,3368
#266,3861,3368
#266,2823,3368
#266,2584,3368
#266,2372,3368
#266,2168,3368
266,3059.83,3368,1715.89
#279,5724,3880
#279,5068,3880
#279,3966,3880
#279,4114,3880
#279,3822,3880
#279,3821,3880
279,4419.17,3880,1446.02
#292,4968,3880
#292,4143,3880
#292,3440,3880
#292,2716,3880
#292,2362,3880
#292,2201,3880
292,3305,3880,1990.15
#306,5705,3880
#306,5593,3880
#306,4118,3880
#306,3086,3880
#306,2787,3880
#306,2605,3880
306,3982.33,3880,2544.21
#321,5532,4520
#321,4435,4520
#321,3501,4520
#321,3054,4520
#321,2917,4520
#321,2766,4520
321,3700.83,4520,1972.95
#337,6983,4520
#337,6192,4520
#337,5219,4520
#337,4522,4520
#337,19973,4520
#337,2791,4520
337,7613.33,4520,11364.4
#353,6170,4520
#353,5207,4520
#353,4367,4520
#353,3822,4520
#353,3358,4520
#353,3231,4520
353,4359.17,4520,2091.51
#370,8255,4520
#370,6920,4520
#370,6116,4520
#370,3737,4520
#370,3549,4520
#370,3333,4520
370,5318.33,4520,3776.98
#388,6511,5288
#388,5689,5288
#388,4599,5288
#388,4271,5288
#388,4192,5288
#388,3586,5288
388,4808,5288,1980.09
#407,7039,5288
#407,6228,5288
#407,5051,5288
#407,4542,5288
#407,4219,5288
#407,4084,5288
407,5193.83,5288,2175.85
#427,9970,5288
#427,9245,5288
#427,6907,5288
#427,5151,5288
#427,4818,5288
#427,4647,5288
427,6789.67,5288,4267.76
#448,8944,5288
#448,8044,5288
#448,6933,5288
#448,6371,5288
#448,5981,5288
#448,5788,5288
448,7010.17,5288,2276.82
#470,7977,6184
#470,7193,6184
#470,5988,6184
#470,5648,6184
#470,5179,6184
#470,4886,6184
470,6145.17,6184,2197.64
#493,10661,6184
#493,8103,6184
#493,6827,6184
#493,6041,6184
#493,5738,6184
#493,5184,6184
493,7092.33,6184,3688.58
#517,9599,6184
#517,8711,6184
#517,9416,6184
#517,9085,6184
#517,9058,6184
#517,8622,6184
517,9081.83,6184,696.98
#542,9020,7208
#542,8451,7208
#542,7445,7208
#542,6054,7208
#542,5740,7208
#542,5484,7208
542,7032.33,7208,2727.43
#569,10256,7208
#569,8840,7208
#569,7621,7208
#569,8592,7208
#569,8593,7208
#569,7982,7208
569,8647.33,7208,1658.71
#597,11525,7208
#597,9597,7208
#597,8609,7208
#597,7736,7208
#597,6946,7208
#597,29151,7208
597,12260.7,7208,15383.4
#626,11676,7208
#626,10311,7208
#626,8789,7208
#626,8349,7208
#626,7933,7208
#626,7413,7208
626,9078.5,7208,2940.31
#657,13346,8360
#657,10674,8360
#657,9304,8360
#657,8412,8360
#657,7907,8360
#657,7552,8360
657,9532.5,8360,3976.44
#689,12695,8360
#689,11707,8360
#689,10457,8360
#689,9620,8360
#689,9263,8360
#689,8515,8360
689,10376.2,8360,2878.6
#723,14241,8360
#723,14470,8360
#723,13861,8360
#723,11276,8360
#723,10578,8360
#723,10273,8360
723,12449.8,8360,3549.74
#759,13179,9768
#759,12692,9768
#759,12126,9768
#759,12172,9768
#759,9414,9768
#759,8820,9768
759,11400.5,9768,3322.42
#796,14239,9768
#796,13369,9768
#796,11906,9768
#796,10939,9768
#796,10556,9768
#796,9627,9768
796,11772.7,9768,3207.08
#835,15045,9768
#835,14380,9768
#835,13277,9768
#835,12384,9768
#835,11526,9768
#835,11186,9768
835,12966.3,9768,2828.32
#876,16472,9768
#876,15525,9768
#876,14461,9768
#876,13558,9768
#876,12551,9768
#876,12030,9768
876,14099.5,9768,3137.45
#919,15858,11432
#919,15389,11432
#919,13914,11432
#919,12905,11432
#919,12148,11432
#919,11790,11432
919,13667.3,11432,3080.9
#964,16389,11432
#964,19068,11432
#964,18794,11432
#964,17735,11432
#964,13272,11432
#964,12233,11432
964,16248.5,11432,5268.93
#1012,21009,11432
#1012,17423,11432
#1012,15562,11432
#1012,14404,11432
#1012,13971,11432
#1012,13770,11432
1012,16023.2,11432,5095.13
#1062,17865,13352
#1062,17472,13352
#1062,15814,13352
#1062,15511,13352
#1062,14920,13352
#1062,16584,13352
1062,16361,13352,2104.64
#1115,23266,13352
#1115,23734,13352
#1115,22043,13352
#1115,21601,13352
#1115,20178,13352
#1115,15606,13352
1115,21071.3,13352,5403.64
#1170,20429,13352
#1170,19681,13352
#1170,18545,13352
#1170,20327,13352
#1170,23502,13352
#1170,22615,13352
1170,20849.8,13352,3393.98
#1228,26276,15528
#1228,24697,15528
#1228,23950,15528
#1228,23523,15528
#1228,23356,15528
#1228,22997,15528
1228,24133.2,15528,2192.47
#1289,21210,15528
#1289,25220,15528
#1289,25318,15528
#1289,23041,15528
#1289,23122,15528
#1289,22258,15528
1289,23361.5,15528,2976.43
#1353,29677,15528
#1353,23047,15528
#1353,21474,15528
#1353,20290,15528
#1353,19525,15528
#1353,19201,15528
1353,22202.3,15528,7162.3
#1420,28443,15528
#1420,31044,15528
#1420,31052,15528
#1420,30713,15528
#1420,26057,15528
#1420,22317,15528
1420,28271,15528,6417.08
#1491,30957,18088
#1491,29372,18088
#1491,24907,18088
#1491,28700,18088
#1491,28403,18088
#1491,28330,18088
1491,28444.8,18088,3630.15
#1565,34347,18088
#1565,34266,18088
#1565,31628,18088
#1565,31417,18088
#1565,31921,18088
#1565,31757,18088
1565,32556,18088,2494.25
#1643,36570,18088
#1643,32177,18088
#1643,35510,18088
#1643,32910,18088
#1643,33084,18088
#1643,34112,18088
1643,34060.5,18088,3079.62
#1725,34548,21032
#1725,28352,21032
#1725,26977,21032
#1725,30524,21032
#1725,34282,21032
#1725,49460,21032
1725,34023.8,21032,14892.8
#1811,37324,21032
#1811,38519,21032
#1811,38261,21032
#1811,34115,21032
#1811,30677,21032
#1811,36281,21032
1811,35862.8,21032,5481.12
#1901,41639,21032
#1901,39999,21032
#1901,34314,21032
#1901,39804,21032
#1901,39615,21032
#1901,38979,21032
1901,39058.3,21032,4540.6
#1996,49869,24488
#1996,39149,24488
#1996,36018,24488
#1996,38823,24488
#1996,37500,24488
#1996,39115,24488
1996,40079,24488,9031.75
#2095,33667,24488
#2095,50338,24488
#2095,31383,24488
#2095,32077,24488
#2095,40397,24488
#2095,38632,24488
2095,37749,24488,13054.6
#2199,46999,24488
#2199,45939,24488
#2199,40681,24488
#2199,43993,24488
#2199,44678,24488
#2199,38228,24488
2199,43419.7,24488,6084.1
#2308,36476,28584
#2308,36096,28584
#2308,35012,28584
#2308,34192,28584
#2308,44188,28584
#2308,42227,28584
2308,38031.8,28584,7551.14
#2423,50160,28584
#2423,50686,28584
#2423,40886,28584
#2423,37387,28584
#2423,36913,28584
#2423,36290,28584
2423,42053.7,28584,12193.4
#2544,57504,28584
#2544,57338,28584
#2544,54053,28584
#2544,51120,28584
#2544,55417,28584
#2544,48391,28584
2544,53970.5,28584,6591.97
#2671,48539,28584
#2671,53886,28584
#2671,59414,28584
#2671,60785,28584
#2671,58187,28584
#2671,52504,28584
2671,55552.5,28584,8582.56
#2804,59966,33320
#2804,59482,33320
#2804,57193,33320
#2804,48124,33320
#2804,47691,33320
#2804,51943,33320
2804,54066.5,33320,10144.8
#2944,51558,33320
#2944,54713,33320
#2944,62087,33320
#2944,54032,33320
#2944,49662,33320
#2944,67838,33320
2944,56648.3,33320,12651.7
#3091,57309,33320
#3091,57210,33320
#3091,73135,33320
#3091,63037,33320
#3091,66541,33320
#3091,54546,33320
3091,61963,33320,12811.1
#3245,56774,38824
#3245,56753,38824
#3245,60340,38824
#3245,55310,38824
#3245,55052,38824
#3245,54361,38824
3245,56431.7,38824,3911.08
#3407,60976,38824
#3407,63923,38824
#3407,62894,38824
#3407,71707,38824
#3407,69942,38824
#3407,59382,38824
3407,64804,38824,9037.93
#3577,65650,38824
#3577,71644,38824
#3577,78815,38824
#3577,62600,38824
#3577,62274,38824
#3577,71377,38824
3577,68726.7,38824,11717.5
#3755,64613,45224
#3755,67940,45224
#3755,64668,45224
#3755,66691,45224
#3755,77270,45224
#3755,65504,45224
3755,67781,45224,8800.24
#3942,84933,45224
#3942,90461,45224
#3942,85034,45224
#3942,89379,45224
#3942,88360,45224
#3942,77950,45224
3942,86019.5,45224,8317.04
#4139,79524,45224
#4139,99661,45224
#4139,83369,45224
#4139,86841,45224
#4139,100332,45224
#4139,100740,45224
4139,91744.5,45224,17528.4
#4345,82263,52776
#4345,99543,52776
#4345,85842,52776
#4345,93570,52776
#4345,99749,52776
#4345,100171,52776
4345,93523,52776,14259.2
#4562,84869,52776
#4562,92192,52776
#4562,103036,52776
#4562,89909,52776
#4562,88815,52776
#4562,103909,52776
4562,93788.3,52776,14372
#4790,93701,52776
#4790,118730,52776
#4790,99869,52776
#4790,112690,52776
#4790,93319,52776
#4790,92232,52776
4790,101757,52776,20623.6
#5029,96061,61608
#5029,101281,61608
#5029,94985,61608
#5029,121438,61608
#5029,99319,61608
#5029,92186,61608
5029,100878,61608,19300.9
#5280,105505,61608
#5280,105355,61608
#5280,102608,61608
#5280,116803,61608
#5280,98269,61608
#5280,98150,61608
5280,104448,61608,12538.4
#5544,114535,61608
#5544,113731,61608
#5544,107616,61608
#5544,107573,61608
#5544,107910,61608
#5544,118737,61608
5544,111684,61608,8553.96
#5821,113462,61608
#5821,114695,61608
#5821,125119,61608
#5821,114113,61608
#5821,113492,61608
#5821,125093,61608
5821,117662,61608,10559.5
#6112,114370,71848
#6112,115095,71848
#6112,114329,71848
#6112,113800,71848
#6112,114160,71848
#6112,125319,71848
6112,116179,71848,8211.6
#6417,123541,71848
#6417,123651,71848
#6417,122913,71848
#6417,126321,71848
#6417,122932,71848
#6417,122743,71848
6417,123684,71848,2452.31
#6737,135409,71848
#6737,149176,71848
#6737,149461,71848
#6737,135117,71848
#6737,155836,71848
#6737,161610,71848
6737,147768,71848,19567.6
#7073,135070,83752
#7073,135936,83752
#7073,156264,83752
#7073,140026,83752
#7073,134937,83752
#7073,163499,83752
7073,144289,83752,22698.3
#7426,146303,83752
#7426,161499,83752
#7426,160272,83752
#7426,145803,83752
#7426,159381,83752
#7426,153226,83752
7426,154414,83752,12923.7
#7797,158476,83752
#7797,177070,83752
#7797,152443,83752
#7797,189674,83752
#7797,190982,83752
#7797,173619,83752
7797,173711,83752,28854
#8186,155613,97704
#8186,162033,97704
#8186,178443,97704
#8186,159855,97704
#8186,176658,97704
#8186,179863,97704
8186,168744,97704,19609.7
#8595,165733,97704
#8595,175074,97704
#8595,186771,97704
#8595,183751,97704
#8595,167342,97704
#8595,189133,97704
8595,177967,97704,18377.1
#9024,178969,97704
#9024,204545,97704
#9024,186833,97704
#9024,179352,97704
#9024,199598,97704
#9024,198717,97704
9024,191336,97704,20232.9
#9475,178039,113960
#9475,181682,113960
#9475,177634,113960
#9475,195298,113960
#9475,195503,113960
#9475,182907,113960
9475,185177,113960,14928.2
#9948,194420,113960
#9948,194969,113960
#9948,194504,113960
#9948,194444,113960
#9948,207657,113960
#9948,195055,113960
9948,196842,113960,9686.71
#10445,219890,113960
#10445,220885,113960
#10445,221115,113960
#10445,234805,113960
#10445,220775,113960
#10445,251560,113960
10445,228172,113960,23341
#10967,201976,132904
#10967,203417,132904
#10967,201695,132904
#10967,201405,132904
#10967,203021,132904
#10967,217427,132904
10967,204824,132904,11362.4
#11515,218107,132904
#11515,219849,132904
#11515,219963,132904
#11515,235673,132904
#11515,218343,132904
#11515,223152,132904
11515,222514,132904,12220.1
#12090,244292,132904
#12090,279733,132904
#12090,245743,132904
#12090,274156,132904
#12090,261304,132904
#12090,249785,132904
12090,259169,132904,27588.5
#12694,243017,155048
#12694,270661,155048
#12694,257705,155048
#12694,280949,155048
#12694,283300,155048
#12694,294999,155048
12694,271772,155048,34472.9
#13328,284161,155048
#13328,268325,155048
#13328,289524,155048
#13328,289274,155048
#13328,325568,155048
#13328,288245,155048
13328,290850,155048,34336.4
#13994,296712,155048
#13994,285188,155048
#13994,307257,155048
#13994,318758,155048
#13994,314868,155048
#13994,292140,155048
13994,302487,155048,24227.4
#14693,289543,155048
#14693,293017,155048
#14693,299958,155048
#14693,308146,155048
#14693,295225,155048
#14693,318089,155048
14693,300663,155048,19525.1
#15427,306976,180904
#15427,308166,180904
#15427,315067,180904
#15427,324765,180904
#15427,315499,180904
#15427,341470,180904
15427,318657,180904,23482
#16198,337461,180904
#16198,324448,180904
#16198,334366,180904
#16198,338370,180904
#16198,357018,180904
#16198,351111,180904
16198,340462,180904,21517.3
#17007,355129,180904
#17007,358940,180904
#17007,357925,180904
#17007,381698,180904
#17007,381654,180904
#17007,381974,180904
17007,369553,180904,24550.8
#17857,360455,210984
#17857,368681,210984
#17857,384326,210984
#17857,369488,210984
#17857,381501,210984
#17857,381270,210984
17857,374287,210984,17269.8
#18749,388058,210984
#18749,402636,210984
#18749,372956,210984
#18749,399811,210984
#18749,384144,210984
#18749,383196,210984
18749,388467,210984,20276
#19686,400425,210984
#19686,401743,210984
#19686,401087,210984
#19686,418182,210984
#19686,417846,210984
#19686,418308,210984
19686,409598,210984,17046.2
#20670,413762,246184
#20670,415127,246184
#20670,415026,246184
#20670,433185,246184
#20670,415515,246184
#20670,488193,246184
20670,430135,246184,53636.9
#21703,450683,246184
#21703,484323,246184
#21703,510004,246184
#21703,503626,246184
#21703,508787,246184
#21703,467934,246184
21703,487560,246184,44482.3
#22788,478959,246184
#22788,513590,246184
#22788,584672,246184
#22788,549784,246184
#22788,570725,246184
#22788,586902,246184
22788,547439,246184,78852.7
#23927,518348,287144
#23927,520963,287144
#23927,576161,287144
#23927,540999,287144
#23927,585838,287144
#23927,551522,287144
23927,548972,287144,50929.7
#25123,534661,287144
#25123,573962,287144
#25123,650214,287144
#25123,592503,287144
#25123,611059,287144
#25123,627836,287144
25123,598372,287144,74860.2
#26379,641518,287144
#26379,701050,287144
#26379,629629,287144
#26379,679963,287144
#26379,563927,287144
#26379,618653,287144
26379,639123,287144,88212.6
#27697,575778,335016
#27697,596210,335016
#27697,644602,335016
#27697,608774,335016
#27697,597150,335016
#27697,642862,335016
27697,610896,335016,50334.4
#29081,615197,335016
#29081,622840,335016
#29081,654402,335016
#29081,651789,335016
#29081,654424,335016
#29081,665025,335016
29081,643946,335016,36486.7
#30535,648528,335016
#30535,648496,335016
#30535,724962,335016
#30535,773063,335016
#30535,755347,335016
#30535,780969,335016
30535,721894,335016,109564
#32061,687341,390824
#32061,707811,390824
#32061,795127,390824
#32061,746493,390824
#32061,792316,390824
#32061,784755,390824
32061,752307,390824,84543.6
#33664,736894,390824
#33664,746436,390824
#33664,762513,390824
#33664,855683,390824
#33664,843385,390824
#33664,871641,390824
33664,802759,390824,110533
#35347,782194,390824
#35347,838225,390824
#35347,922130,390824
#35347,896447,390824
#35347,919788,390824
#35347,907947,390824
35347,877788,390824,102279
#37114,845165,390824
#37114,934453,390824
#37114,940740,390824
#37114,934775,390824
#37114,947121,390824
#37114,892273,390824
37114,915754,390824,72359.3
#38969,850801,455976
#38969,882001,455976
#38969,911665,455976
#38969,927008,455976
#38969,932974,455976
#38969,922774,455976
38969,904537,455976,58266.3
#40917,905560,455976
#40917,946066,455976
#40917,992978,455976
#40917,984785,455976
#40917,987861,455976
#40917,953074,455976
40917,961721,455976,61460.9
#42962,1013242,455976
#42962,975013,455976
#42962,1007096,455976
#42962,1013714,455976
#42962,1090118,455976
#42962,1072452,455976
42962,1.02861e+06,455976,79577.7
#45110,1009977,532008
#45110,1028376,532008
#45110,1081078,532008
#45110,1125317,532008
#45110,1139177,532008
#45110,1076000,532008
45110,1.07665e+06,532008,93358.8
#47365,1092268,532008
#47365,1136608,532008
#47365,1159594,532008
#47365,1143595,532008
#47365,1135173,532008
#47365,1188489,532008
47365,1.14262e+06,532008,57850.1
#49733,1164397,532008
#49733,1232920,532008
#49733,1259025,532008
#49733,1227834,532008
#49733,1254895,532008
#49733,1249224,532008
49733,1.23138e+06,532008,63965
#52219,1188948,620712
#52219,1231949,620712
#52219,1231975,620712
#52219,1181839,620712
#52219,1266918,620712
#52219,1249679,620712
52219,1.22522e+06,620712,61239.7
#54829,1223464,620712
#54829,1267560,620712
#54829,1297822,620712
#54829,1281310,620712
#54829,1288365,620712
#54829,1294411,620712
54829,1.27549e+06,620712,50503.8
#57570,1336782,620712
#57570,1393092,620712
#57570,1407727,620712
#57570,1407327,620712
#57570,1393600,620712
#57570,1449741,620712
57570,1.39804e+06,620712,66582.4
#60448,1356699,724136
#60448,1399799,724136
#60448,1417373,724136
#60448,1402707,724136
#60448,1394878,724136
#60448,1434739,724136
60448,1.40103e+06,724136,47685.1
#63470,1453406,724136
#63470,1462508,724136
#63470,1472710,724136
#63470,1548899,724136
#63470,1481423,724136
#63470,1526233,724136
63470,1.49086e+06,724136,69497.7
#66643,1560197,724136
#66643,1589939,724136
#66643,1633343,724136
#66643,1612046,724136
#66643,1646701,724136
#66643,1650115,724136
66643,1.61539e+06,724136,64362.1
#69975,1585959,844840
#69975,1602255,844840
#69975,1680563,844840
#69975,1645466,844840
#69975,1655901,844840
#69975,1697566,844840
69975,1.64462e+06,844840,79410.6
#73473,1677805,844840
#73473,1733667,844840
#73473,1768368,844840
#73473,1747453,844840
#73473,1808942,844840
#73473,1790080,844840
73473,1.75439e+06,844840,84805.3
#77146,1809469,844840
#77146,1878264,844840
#77146,1877035,844840
#77146,1880928,844840
#77146,1904197,844840
#77146,1918986,844840
77146,1.87815e+06,844840,68663.8
#81003,1836651,985640
#81003,1832135,985640
#81003,1848878,985640
#81003,1856631,985640
#81003,1843888,985640
#81003,1889193,985640
81003,1.85123e+06,985640,37478.6
#85053,1950251,985640
#85053,1940153,985640
#85053,1964639,985640
#85053,1978639,985640
#85053,1965893,985640
#85053,1971206,985640
85053,1.9618e+06,985640,25804.5
#89305,2087369,985640
#89305,2062347,985640
#89305,2126689,985640
#89305,2115747,985640
#89305,2122667,985640
#89305,2114210,985640
89305,2.10484e+06,985640,45554.6
#93770,2238710,985640
#93770,2230225,985640
#93770,2279416,985640
#93770,2278479,985640
#93770,2271577,985640
#93770,2280217,985640
93770,2.2631e+06,985640,41176.2
#98458,2258839,1149864
#98458,2254111,1149864
#98458,2252601,1149864
#98458,2276974,1149864
#98458,2377421,1149864
#98458,2302610,1149864
98458,2.28709e+06,1149864,87856.4
#103380,2428532,1149864
#103380,2422066,1149864
#103380,2462272,1149864
#103380,2477277,1149864
#103380,2475092,1149864
#103380,2475469,1149864
103380,2.45678e+06,1149864,45737.7
#108549,2563079,1149864
#108549,2589160,1149864
#108549,2622025,1149864
#108549,2600845,1149864
#108549,2703666,1149864
#108549,2661149,1149864
108549,2.62332e+06,1149864,93769.9
#113976,2730791,1341480
#113976,2710904,1341480
#113976,2827442,1341480
#113976,2846372,1341480
#113976,2848405,1341480
#113976,2857013,1341480
113976,2.80349e+06,1341480,118749
#119674,2845653,1341480
#119674,2962359,1341480
#119674,3012147,1341480
#119674,3020788,1341480
#119674,3019588,1341480
#119674,3019850,1341480
119674,2.98006e+06,1341480,127050
#125657,3036626,1341480
#125657,3144327,1341480
#125657,3216208,1341480
#125657,3188033,1341480
#125657,3172659,1341480
#125657,3129968,1341480
125657,3.14797e+06,1341480,114327
#131939,3003317,1565096
#131939,3076957,1565096
#131939,3254184,1565096
#131939,3268265,1565096
#131939,3242375,1565096
#131939,3229621,1565096
131939,3.17912e+06,1565096,202447
#138535,3223487,1565096
#138535,3326856,1565096
#138535,3476378,1565096
#138535,3429919,1565096
#138535,3492312,1565096
#138535,3450370,1565096
138535,3.39989e+06,1565096,190253
#145461,3440708,1565096
#145461,3499066,1565096
#145461,3517822,1565096
#145461,3542327,1565096
#145461,3557969,1565096
#145461,3555163,1565096
145461,3.51884e+06,1565096,81235.2
#152734,3605793,1825960
#152734,3525013,1825960
#152734,3618360,1825960
#152734,3697563,1825960
#152734,3721173,1825960
#152734,3663355,1825960
152734,3.63854e+06,1825960,129861
#160370,3741330,1825960
#160370,3744043,1825960
#160370,3948287,1825960
#160370,3824236,1825960
#160370,3878972,1825960
#160370,3884524,1825960
160370,3.8369e+06,1825960,151353
#168388,4106124,1825960
#168388,4071385,1825960
#168388,4090066,1825960
#168388,4172555,1825960
#168388,4161366,1825960
#168388,4152952,1825960
168388,4.12574e+06,1825960,76651.8
#176807,4136889,2130216
#176807,4245020,2130216
#176807,4265264,2130216
#176807,4421206,2130216
#176807,4355448,2130216
#176807,4328387,2130216
176807,4.29204e+06,2130216,180786
#185647,4348079,2130216
#185647,4383143,2130216
#185647,4460456,2130216
#185647,4516645,2130216
#185647,4406240,2130216
#185647,4408554,2130216
185647,4.42052e+06,2130216,109016
#194929,4596335,2130216
#194929,4722674,2130216
#194929,4746554,2130216
#194929,4766820,2130216
#194929,4777403,2130216
#194929,4745211,2130216
194929,4.72583e+06,2130216,120897
#204675,4658704,2485288
#204675,4816734,2485288
#204675,4965690,2485288
#204675,5046466,2485288
#204675,4926272,2485288
#204675,4988267,2485288
204675,4.90036e+06,2485288,257430
#214908,4891625,2485288
#214908,5245957,2485288
#214908,5158541,2485288
#214908,5325751,2485288
#214908,5326545,2485288
#214908,5244312,2485288
214908,5.19879e+06,2485288,297442
#225653,5373895,2485288
#225653,5504920,2485288
#225653,5609303,2485288
#225653,5642462,2485288
#225653,5644771,2485288
#225653,5710489,2485288
225653,5.58097e+06,2485288,222251
#236935,5683934,2485288
#236935,5999542,2485288
#236935,6059814,2485288
#236935,6091794,2485288
#236935,6127236,2485288
#236935,6140575,2485288
236935,6.01715e+06,2485288,312076
#248781,5692278,2899496
#248781,6189268,2899496
#248781,6110128,2899496
#248781,6126255,2899496
#248781,6151523,2899496
#248781,6188010,2899496
248781,6.07624e+06,2899496,348341
#261220,6093385,2899496
#261220,6544084,2899496
#261220,6476543,2899496
#261220,6512562,2899496
#261220,6500110,2899496
#261220,6616635,2899496
261220,6.45722e+06,2899496,337254
#274281,6620153,2899496
#274281,7254629,2899496
#274281,7131531,2899496
#274281,7794936,2899496
#274281,7083530,2899496
#274281,7106926,2899496
274281,7.16528e+06,2899496,689367
#287995,7557852,3382696
#287995,7038074,3382696
#287995,7210800,3382696
#287995,7153252,3382696
#287995,7115133,3382696
#287995,7092287,3382696
287995,7.19457e+06,3382696,341767
#302394,7041296,3382696
#302394,7632681,3382696
#302394,7385931,3382696
#302394,7584610,3382696
#302394,7634339,3382696
#302394,7597261,3382696
302394,7.47935e+06,3382696,426719
#317513,7588491,3382696
#317513,8130460,3382696
#317513,8018519,3382696
#317513,8049821,3382696
#317513,8058854,3382696
#317513,8170713,3382696
317513,8.00281e+06,3382696,384486
#333388,7633748,3946408
#333388,8358686,3946408
#333388,8173104,3946408
#333388,8241121,3946408
#333388,8218313,3946408
#333388,8167872,3946408
333388,8.13214e+06,3946408,463303
#350057,8157633,3946408
#350057,8921243,3946408
#350057,8707277,3946408
#350057,8704480,3946408
#350057,8694216,3946408
#350057,8742711,3946408
350057,8.65459e+06,3946408,470936
#367559,8651323,3946408
#367559,9557347,3946408
#367559,9447584,3946408
#367559,9344954,3946408
#367559,9358110,3946408
#367559,9418814,3946408
367559,9.29636e+06,3946408,593422
#385936,9056357,4604072
#385936,9925169,4604072
#385936,9945974,4604072
#385936,10737246,4604072
#385936,9634952,4604072
#385936,9521177,4604072
385936,9.80348e+06,4604072,1.02415e+06
#405232,9563675,4604072
#405232,10550488,4604072
#405232,10344729,4604072
#405232,10120457,4604072
#405232,10164952,4604072
#405232,10232382,4604072
405232,1.01628e+07,4604072,604974
#425493,10203500,4604072
#425493,11290004,4604072
#425493,11055192,4604072
#425493,11241277,4604072
#425493,11131966,4604072
#425493,11124923,4604072
425493,1.10078e+07,4604072,735948
#446767,11010425,5371432
#446767,11939935,5371432
#446767,11932211,5371432
#446767,12050066,5371432
#446767,11626163,5371432
#446767,11828497,5371432
446767,1.17312e+07,5371432,695542
#469105,11507681,5371432
#469105,12456284,5371432
#469105,12567441,5371432
#469105,12577874,5371432
#469105,12282285,5371432
#469105,12739838,5371432
469105,1.23552e+07,5371432,806804
#492560,12239113,5371432
#492560,13255475,5371432
#492560,13346873,5371432
#492560,13264986,5371432
#492560,13353920,5371432
#492560,17096457,5371432
492560,1.37595e+07,5371432,3.08547e+06
#517188,36666275,6266664
#517188,25775699,6266664
#517188,21752695,6266664
#517188,20763973,6266664
#517188,18031637,6266664
#517188,16781312,6266664
517188,2.32953e+07,6266664,1.3263e+07
#543047,13886068,6266664
#543047,15869743,6266664
#543047,15309979,6266664
#543047,15113393,6266664
#543047,15290812,6266664
#543047,15080663,6266664
543047,1.50918e+07,6266664,1.19632e+06
#570199,15310959,6266664
#570199,16307963,6266664
#570199,16295477,6266664
#570199,16357373,6266664
#570199,16518221,6266664
#570199,17440194,6266664
570199,1.63717e+07,6266664,1.23785e+06
#598708,16178454,6266664
#598708,18331619,6266664
#598708,17614322,6266664
#598708,17735474,6266664
#598708,23453240,6266664
#598708,19153697,6266664
598708,1.87445e+07,6266664,4.57458e+06
#628643,19665062,7311144
#628643,26868739,7311144
#628643,25196249,7311144
#628643,23200948,7311144
#628643,23750662,7311144
#628643,22696924,7311144
628643,2.35631e+07,7311144,4.45015e+06
#660075,20874845,7311144
#660075,20827361,7311144
#660075,20498537,7311144
#660075,23797436,7311144
#660075,23514472,7311144
#660075,22503755,7311144
660075,2.20027e+07,7311144,2.66753e+06
#693078,20683889,7311144
#693078,25304604,7311144
#693078,27478011,7311144
#693078,25589146,7311144
#693078,26638356,7311144
#693078,28815908,7311144
693078,2.57517e+07,7311144,5.10325e+06
#727731,23944852,8529704
#727731,30388790,8529704
#727731,30463174,8529704
#727731,30284956,8529704
#727731,29997673,8529704
#727731,30303060,8529704
727731,2.92304e+07,8529704,4.73638e+06
#764117,31693912,8529704
#764117,32106221,8529704
#764117,33029937,8529704
#764117,32404830,8529704
#764117,32434451,8529704
#764117,32976709,8529704
764117,3.2441e+07,8529704,932881
#802322,27264840,8529704
#802322,33716193,8529704
#802322,37153368,8529704
#802322,37386980,8529704
#802322,38554894,8529704
#802322,37053509,8529704
802322,3.51883e+07,8529704,7.67928e+06
#842438,31407042,9951272
#842438,39349260,9951272
#842438,42344800,9951272
#842438,42912783,9951272
#842438,42848756,9951272
#842438,42703912,9951272
842438,4.02611e+07,9951272,8.29708e+06
#884559,33791432,9951272
#884559,43065370,9951272
#884559,45252916,9951272
#884559,47149790,9951272
#884559,48767319,9951272
#884559,47808299,9951272
884559,4.43059e+07,9951272,1.01077e+07
#928786,39898432,9951272
#928786,48549176,9951272
#928786,50053236,9951272
#928786,50377507,9951272
#928786,50601667,9951272
#928786,50263761,9951272
928786,4.82906e+07,9951272,7.62416e+06
#975225,42630110,11609768
#975225,52236194,11609768
#975225,57924624,11609768
#975225,57973254,11609768
#975225,57182508,11609768
#975225,56660608,11609768
975225,5.41012e+07,11609768,1.09764e+07
#1023986,45841117,11609768
#1023986,57784654,11609768
#1023986,60942053,11609768
#1023986,61049139,11609768
#1023986,60091011,11609768
#1023986,60287549,11609768
1023986,5.76659e+07,11609768,1.07942e+07
#1075185,52789898,11609768
#1075185,61731501,11609768
#1075185,67125690,11609768
#1075185,66489286,11609768
#1075185,67118431,11609768
#1075185,65093287,11609768
1075185,6.33913e+07,11609768,1.01809e+07
#1128944,52736521,13544744
#1128944,63608600,13544744
#1128944,68536796,13544744
#1128944,68882266,13544744
#1128944,68335365,13544744
#1128944,67957359,13544744
1128944,6.50095e+07,13544744,1.15407e+07
#1185391,64006255,13544744
#1185391,69638864,13544744
#1185391,70672887,13544744
#1185391,72425640,13544744
#1185391,74288044,13544744
#1185391,74007173,13544744
1185391,7.08398e+07,13544744,6.95725e+06
#1244660,64231620,13544744
#1244660,70454079,13544744
#1244660,77065228,13544744
#1244660,74025508,13544744
#1244660,72366682,13544744
#1244660,69687417,13544744
1244660,7.13051e+07,13544744,7.96165e+06
#1306893,68999329,15802152
#1306893,76692401,15802152
#1306893,79078406,15802152
#1306893,76124386,15802152
#1306893,75514734,15802152
#1306893,75152174,15802152
1306893,7.52602e+07,15802152,6.14555e+06
#1372237,71601703,15802152
#1372237,80584955,15802152
#1372237,82035663,15802152
#1372237,80717261,15802152
#1372237,83033524,15802152
#1372237,80507082,15802152
1372237,7.97467e+07,15802152,7.51028e+06
#1440848,82168735,15802152
#1440848,88890834,15802152
#1440848,91008112,15802152
#1440848,93881880,15802152
#1440848,92577554,15802152
#1440848,89715377,15802152
1440848,8.97071e+07,15802152,7.52127e+06
#1512890,84944284,18435880
#1512890,94839805,18435880
#1512890,93703600,18435880
#1512890,94187443,18435880
#1512890,96762282,18435880
#1512890,93558744,18435880
1512890,9.29994e+07,18435880,7.51228e+06
#1588534,92350294,18435880
#1588534,100253698,18435880
#1588534,100667151,18435880
#1588534,101471877,18435880
#1588534,103239995,18435880
#1588534,101400082,18435880
1588534,9.98972e+07,18435880,7.0042e+06
#1667960,103848091,18435880
#1667960,111964705,18435880
#1667960,113987096,18435880
#1667960,114137401,18435880
#1667960,111726485,18435880
#1667960,112507351,18435880
1667960,1.11362e+08,18435880,6.96949e+06
#1751358,118509529,18435880
#1751358,123846425,18435880
#1751358,125882812,18435880
#1751358,125721340,18435880
#1751358,124681867,18435880
#1751358,124974836,18435880
1751358,1.23936e+08,18435880,5.0377e+06
#1838925,109703662,21508520
#1838925,119153553,21508520
#1838925,118835068,21508520
#1838925,119143103,21508520
#1838925,120913948,21508520
#1838925,117480467,21508520
1838925,1.17538e+08,21508520,7.28679e+06
#1930871,119745790,21508520
#1930871,127441700,21508520
#1930871,127416196,21508520
#1930871,128716481,21508520
#1930871,129096212,21508520
#1930871,131265995,21508520
1930871,1.2728e+08,21508520,7.21384e+06
#2027414,138334396,21508520
#2027414,144433399,21508520
#2027414,146763053,21508520
#2027414,144965000,21508520
#2027414,144751886,21508520
#2027414,147420321,21508520
2027414,1.44445e+08,21508520,5.88388e+06
#2128784,135076812,25093288
#2128784,143263194,25093288
#2128784,144630732,25093288
#2128784,144633463,25093288
#2128784,143736240,25093288
#2128784,145291608,25093288
2128784,1.42772e+08,25093288,7.00739e+06
#2235223,148324124,25093288
#2235223,155453541,25093288
#2235223,156114345,25093288
#2235223,156760876,25093288
#2235223,155632729,25093288
#2235223,155264952,25093288
2235223,1.54592e+08,25093288,5.69128e+06
#2346984,167539060,25093288
#2346984,175266951,25093288
#2346984,172610878,25093288
#2346984,173933186,25093288
#2346984,173545557,25093288
#2346984,172648037,25093288
2346984,1.72591e+08,25093288,4.85792e+06
#2464333,167539674,29275432
#2464333,173213039,29275432
#2464333,172455106,29275432
#2464333,171292086,29275432
#2464333,174083928,29275432
#2464333,174603190,29275432
2464333,1.72198e+08,29275432,4.68748e+06
#2587549,181123073,29275432
#2587549,189524131,29275432
#2587549,186538176,29275432
#2587549,186083541,29275432
#2587549,187649804,29275432
#2587549,189263004,29275432
2587549,1.86697e+08,29275432,5.59494e+06
#2716926,202565146,29275432
#2716926,208322110,29275432
#2716926,209334962,29275432
#2716926,208012467,29275432
#2716926,206181431,29275432
#2716926,211320889,29275432
2716926,2.07623e+08,29275432,5.47148e+06
#2852772,185862958,34154664
#2852772,196255603,34154664
#2852772,195574905,34154664
#2852772,195064615,34154664
#2852772,194612747,34154664
#2852772,196558234,34154664
2852772,1.93988e+08,34154664,7.38612e+06
#2995410,206989729,34154664
#2995410,210695691,34154664
#2995410,211211566,34154664
#2995410,210849214,34154664
#2995410,211680658,34154664
#2995410,215565556,34154664
2995410,2.11165e+08,34154664,4.99238e+06
#3145180,230169590,34154664
#3145180,235172874,34154664
#3145180,235567199,34154664
#3145180,233996101,34154664
#3145180,234620930,34154664
#3145180,235932701,34154664
3145180,2.34243e+08,34154664,3.85311e+06
#3302439,225535714,39847080
#3302439,238191361,39847080
#3302439,235620656,39847080
#3302439,237128751,39847080
#3302439,236509328,39847080
#3302439,236924288,39847080
3302439,2.34985e+08,39847080,8.5889e+06
#3467560,248426475,39847080
#3467560,254694403,39847080
#3467560,254499917,39847080
#3467560,255896117,39847080
#3467560,254682464,39847080
#3467560,252704598,39847080
3467560,2.53484e+08,39847080,4.89475e+06
#3640938,278321792,39847080
#3640938,278382141,39847080
#3640938,280612978,39847080
#3640938,280762289,39847080
#3640938,285147446,39847080
#3640938,279702128,39847080
3640938,2.80488e+08,39847080,4.58592e+06
#3822984,258628933,46488232
#3822984,272193492,46488232
#3822984,269688015,46488232
#3822984,271135732,46488232
#3822984,275541989,46488232
#3822984,270442350,46488232
3822984,2.69605e+08,46488232,1.05031e+07
#4014133,288340740,46488232
#4014133,292564687,46488232
#4014133,291872703,46488232
#4014133,291707853,46488232
#4014133,294397459,46488232
#4014133,291867086,46488232
4014133,2.91792e+08,46488232,3.58849e+06
#4214839,319464504,46488232
#4214839,324078453,46488232
#4214839,320462902,46488232
#4214839,322475361,46488232
#4214839,321532415,46488232
#4214839,320261741,46488232
4214839,3.21379e+08,46488232,3.08387e+06
#4425580,360612423,46488232
#4425580,363594892,46488232
#4425580,362235361,46488232
#4425580,361670703,46488232
#4425580,364612887,46488232
#4425580,361875705,46488232
4425580,3.62434e+08,46488232,2.62642e+06
#4646859,340850249,54236200
#4646859,388070996,54236200
#4646859,352327626,54236200
#4646859,351156742,54236200
#4646859,346477180,54236200
#4646859,347479243,54236200
4646859,3.54394e+08,54236200,3.10141e+07
#4879201,379027649,54236200
#4879201,382960872,54236200
#4879201,382655443,54236200
#4879201,381216352,54236200
#4879201,381547735,54236200
#4879201,381971710,54236200
4879201,3.81563e+08,54236200,2.56423e+06
#5123161,428974000,54236200
#5123161,414498940,54236200
#5123161,427947900,54236200
#5123161,425683596,54236200
#5123161,427317674,54236200
#5123161,428838635,54236200
5123161,4.25543e+08,54236200,1.01179e+07
#5379319,392031696,63275560
#5379319,399535430,63275560
#5379319,400073167,63275560
#5379319,397833767,63275560
#5379319,400109812,63275560
#5379319,398500360,63275560
5379319,3.98014e+08,63275560,5.59788e+06
#5648284,433484956,63275560
#5648284,436302864,63275560
#5648284,435969618,63275560
#5648284,434750682,63275560
#5648284,437312671,63275560
#5648284,440660484,63275560
5648284,4.36414e+08,63275560,4.50155e+06
#5930698,484952108,63275560
#5930698,485055638,63275560
#5930698,485421655,63275560
#5930698,486104683,63275560
#5930698,487068760,63275560
#5930698,485263703,63275560
5930698,4.85644e+08,63275560,1.47448e+06
#6227232,460071037,73821480
#6227232,465127631,73821480
#6227232,469272556,73821480
#6227232,465078834,73821480
#6227232,465698000,73821480
#6227232,467734653,73821480
6227232,4.65497e+08,73821480,5.71866e+06
#6538593,504029960,73821480
#6538593,505504101,73821480
#6538593,510626359,73821480
#6538593,509107037,73821480
#6538593,504584227,73821480
#6538593,507779059,73821480
6538593,5.06938e+08,73821480,4.83523e+06
#6865522,564251599,73821480
#6865522,564112935,73821480
#6865522,564235975,73821480
#6865522,565839941,73821480
#6865522,570440667,73821480
#6865522,561166876,73821480
6865522,5.65008e+08,73821480,5.59342e+06
#7208798,539259711,86125096
#7208798,541409754,86125096
#7208798,549816841,86125096
#7208798,546905461,86125096
#7208798,544403894,86125096
#7208798,542978443,86125096
7208798,5.44129e+08,86125096,6.95528e+06
#7569237,585653190,86125096
#7569237,590086864,86125096
#7569237,588337808,86125096
#7569237,594264086,86125096
#7569237,589491454,86125096
#7569237,596196479,86125096
7569237,5.90672e+08,86125096,7.10849e+06
#7947698,654625184,86125096
#7947698,657930963,86125096
#7947698,653495818,86125096
#7947698,651415976,86125096
#7947698,604594918,86125096
#7947698,675120335,86125096
7947698,6.49531e+08,86125096,4.31265e+07
#8345082,631695255,100479272
#8345082,638940652,100479272
#8345082,635931751,100479272
#8345082,633568073,100479272
#8345082,634135371,100479272
#8345082,634386101,100479272
8345082,6.34776e+08,100479272,4.48647e+06
#8762336,687163305,100479272
#8762336,690245333,100479272
#8762336,683936091,100479272
#8762336,684680323,100479272
#8762336,691409609,100479272
#8762336,686944840,100479272
8762336,6.87397e+08,100479272,5.40563e+06
#9200452,758551188,100479272
#9200452,761879786,100479272
#9200452,758703291,100479272
#9200452,755563842,100479272
#9200452,754747665,100479272
#9200452,759183859,100479272
9200452,7.58105e+08,100479272,4.73984e+06
#9660474,722907136,117225768
#9660474,738535861,117225768
#9660474,739607636,117225768
#9660474,735973441,117225768
#9660474,737141795,117225768
#9660474,737605491,117225768
9660474,7.35295e+08,117225768,1.13069e+07
