#1,338,256
#1,52,256
#1,27,256
#1,25,256
#1,26,256
1,93.6,256,245.232
#2,34,256
#2,36,256
#2,32,256
#2,34,256
#2,31,256
2,33.4,256,3.48712
#3,30,256
#3,33,256
#3,32,256
#3,31,256
#3,30,256
3,31.2,256,2.33238
#4,33,256
#4,38,256
#4,38,256
#4,39,256
#4,39,256
4,37.4,256,4.48999
#5,41,256
#5,42,256
#5,41,256
#5,43,256
#5,40,256
5,41.4,256,2.03961
#6,46,256
#6,44,256
#6,41,256
#6,42,256
#6,44,256
6,43.4,256,3.48712
#7,50,256
#7,47,256
#7,44,256
#7,46,256
#7,45,256
7,46.4,256,4.11825
#8,53,256
#8,52,256
#8,50,256
#8,52,256
#8,49,256
8,51.2,256,2.93939
#9,72,256
#9,74,256
#9,48,256
#9,47,256
#9,49,256
9,58,256,24.5601
#10,97,256
#10,76,256
#10,50,256
#10,50,256
#10,51,256
10,64.8,256,37.8502
#11,69,256
#11,69,256
#11,62,256
#11,62,256
#11,62,256
11,64.8,256,6.85857
#12,86,256
#12,88,256
#12,59,256
#12,59,256
#12,57,256
12,69.8,256,28.1539
#13,100,384
#13,79,384
#13,77,384
#13,75,384
#13,74,384
13,81,384,19.308
#14,88,384
#14,67,384
#14,61,384
#14,61,384
#14,60,384
14,67.4,384,21.1887
#15,67,384
#15,94,384
#15,89,384
#15,91,384
#15,79,384
15,84,384,19.7585
#16,70,384
#16,76,384
#16,71,384
#16,72,384
#16,72,384
16,72.2,384,4.07922
#17,76,384
#17,79,384
#17,74,384
#17,74,384
#17,73,384
17,75.2,384,4.27083
#18,75,384
#18,83,384
#18,80,384
#18,80,384
#18,74,384
18,78.4,384,6.76461
#19,81,384
#19,86,384
#19,82,384
#19,82,384
#19,77,384
19,81.6,384,5.74108
#20,116,384
#20,103,384
#20,94,384
#20,84,384
#20,82,384
20,95.8,384,25.1841
#21,87,384
#21,103,384
#21,95,384
#21,96,384
#21,84,384
21,93,384,13.5647
#22,104,384
#22,106,384
#22,97,384
#22,98,384
#22,88,384
22,98.6,384,12.6238
#23,123,384
#23,121,384
#23,116,384
#23,91,384
#23,91,384
23,108.4,384,28.7778
#24,120,384
#24,109,384
#24,108,384
#24,95,384
#24,95,384
24,105.4,384,18.9568
#25,100,896
#25,126,896
#25,125,896
#25,112,896
#25,100,896
25,112.6,896,22.8245
#26,103,896
#26,108,896
#26,105,896
#26,106,896
#26,106,896
26,105.6,896,3.24962
#27,106,896
#27,110,896
#27,124,896
#27,109,896
#27,109,896
27,111.6,896,12.687
#28,150,896
#28,134,896
#28,129,896
#28,130,896
#28,125,896
28,133.6,896,17.3712
#29,145,896
#29,160,896
#29,142,896
#29,125,896
#29,124,896
29,139.2,896,26.934
#30,116,896
#30,118,896
#30,118,896
#30,117,896
#30,118,896
30,117.4,896,1.6
#31,120,896
#31,123,896
#31,121,896
#31,121,896
#31,122,896
31,121.4,896,2.03961
#32,153,896
#32,151,896
#32,136,896
#32,136,896
#32,136,896
32,142.4,896,15.7277
#33,166,896
#33,169,896
#33,143,896
#33,130,896
#33,126,896
33,146.8,896,35.6741
#34,141,896
#34,145,896
#34,143,896
#34,130,896
#34,130,896
34,137.8,896,12.9861
#35,157,896
#35,160,896
#35,148,896
#35,134,896
#35,134,896
35,146.6,896,22.04
#36,270,896
#36,279,896
#36,272,896
#36,232,896
#36,182,896
36,247,896,72.8176
#37,178,896
#37,166,896
#37,161,896
#37,150,896
#37,152,896
37,161.4,896,20.3017
#38,196,896
#38,197,896
#38,178,896
#38,156,896
#38,155,896
38,176.4,896,36.7173
#39,187,896
#39,187,896
#39,157,896
#39,145,896
#39,145,896
39,164.2,896,38.2497
#40,161,896
#40,168,896
#40,149,896
#40,150,896
#40,150,896
40,155.6,896,15.2105
#42,202,896
#42,206,896
#42,206,896
#42,182,896
#42,182,896
42,195.6,896,22.4
#44,216,896
#44,202,896
#44,191,896
#44,184,896
#44,173,896
44,193.2,896,29.5946
#46,209,896
#46,238,896
#46,219,896
#46,214,896
#46,181,896
46,212.2,896,36.8652
#48,229,896
#48,222,896
#48,189,896
#48,186,896
#48,187,896
48,202.6,896,37.7062
#50,242,1536
#50,242,1536
#50,222,1536
#50,198,1536
#50,198,1536
50,220.4,1536,39.3873
#52,186,1536
#52,217,1536
#52,198,1536
#52,198,1536
#52,185,1536
52,196.8,1536,23.0963
#54,221,1536
#54,211,1536
#54,208,1536
#54,204,1536
#54,203,1536
54,209.4,1536,12.9368
#56,199,1536
#56,201,1536
#56,199,1536
#56,198,1536
#56,198,1536
56,199,1536,2.19089
#58,244,1536
#58,252,1536
#58,234,1536
#58,219,1536
#58,216,1536
58,233,1536,27.828
#60,246,1536
#60,263,1536
#60,242,1536
#60,242,1536
#60,224,1536
60,243.4,1536,24.8387
#63,277,1536
#63,277,1536
#63,250,1536
#63,234,1536
#63,236,1536
63,254.8,1536,37.8925
#66,265,1536
#66,264,1536
#66,253,1536
#66,254,1536
#66,253,1536
66,257.8,1536,10.9836
#69,245,1536
#69,243,1536
#69,238,1536
#69,251,1536
#69,263,1536
69,248,1536,17.1581
#72,350,1536
#72,321,1536
#72,318,1536
#72,292,1536
#72,294,1536
72,315,1536,42.332
#75,382,1536
#75,362,1536
#75,329,1536
#75,298,1536
#75,284,1536
75,331,1536,74.1026
#78,399,1536
#78,388,1536
#78,316,1536
#78,283,1536
#78,280,1536
78,333.2,1536,101.897
#81,442,1536
#81,412,1536
#81,378,1536
#81,337,1536
#81,314,1536
81,376.6,1536,93.8901
#85,380,1536
#85,382,1536
#85,371,1536
#85,330,1536
#85,318,1536
85,356.2,1536,53.6418
#89,466,1536
#89,437,1536
#89,345,1536
#89,319,1536
#89,320,1536
89,377.4,1536,123.797
#93,702,1536
#93,626,1536
#93,470,1536
#93,436,1536
#93,405,1536
93,527.8,1536,231.235
#97,517,1536
#97,518,1536
#97,420,1536
#97,383,1536
#97,370,1536
97,441.6,1536,128.216
#101,411,2432
#101,411,2432
#101,404,2432
#101,406,2432
#101,402,2432
101,406.8,2432,7.31027
#106,360,2432
#106,362,2432
#106,357,2432
#106,359,2432
#106,359,2432
106,359.4,2432,3.24962
#111,441,2432
#111,444,2432
#111,425,2432
#111,426,2432
#111,412,2432
111,429.6,2432,23.3444
#116,452,2432
#116,452,2432
#116,437,2432
#116,413,2432
#116,412,2432
116,433.2,2432,35.5393
#121,452,2432
#121,448,2432
#121,443,2432
#121,431,2432
#121,431,2432
121,441,2432,17.2974
#127,491,2432
#127,491,2432
#127,478,2432
#127,476,2432
#127,475,2432
127,482.2,2432,14.4997
#133,516,2432
#133,518,2432
#133,482,2432
#133,481,2432
#133,481,2432
133,495.6,2432,34.9766
#139,630,2432
#139,621,2432
#139,551,2432
#139,537,2432
#139,537,2432
139,575.2,2432,82.9689
#145,522,2432
#145,526,2432
#145,520,2432
#145,518,2432
#145,519,2432
145,521,2432,5.65685
#152,617,2432
#152,616,2432
#152,573,2432
#152,553,2432
#152,553,2432
152,582.4,2432,57.5722
#159,795,2432
#159,738,2432
#159,691,2432
#159,635,2432
#159,609,2432
159,693.6,2432,135.207
#166,756,2432
#166,725,2432
#166,650,2432
#166,614,2432
#166,614,2432
166,671.8,2432,116.882
#174,716,2432
#174,689,2432
#174,648,2432
#174,638,2432
#174,637,2432
174,665.6,2432,63.1012
#182,886,2432
#182,811,2432
#182,719,2432
#182,687,2432
#182,674,2432
182,755.4,2432,161.931
#191,691,3968
#191,695,3968
#191,692,3968
#191,692,3968
#191,691,3968
191,692.2,3968,2.93939
#200,775,3968
#200,780,3968
#200,715,3968
#200,702,3968
#200,694,3968
200,733.2,3968,73.6413
#210,766,3968
#210,772,3968
#210,769,3968
#210,771,3968
#210,766,3968
210,768.8,3968,4.96387
#220,888,3968
#220,844,3968
#220,834,3968
#220,816,3968
#220,810,3968
220,838.4,3968,55.2753
#231,910,3968
#231,903,3968
#231,857,3968
#231,858,3968
#231,843,3968
231,874.2,3968,53.9837
#242,1064,3968
#242,1054,3968
#242,1000,3968
#242,945,3968
#242,933,3968
242,999.2,3968,107.788
#254,995,3968
#254,987,3968
#254,947,3968
#254,944,3968
#254,933,3968
254,961.2,3968,49.806
#266,1031,3968
#266,1030,3968
#266,984,3968
#266,984,3968
#266,983,3968
266,1002.4,3968,45.8973
#279,1104,3968
#279,1081,3968
#279,995,3968
#279,983,3968
#279,981,3968
279,1028.8,3968,105.47
#292,1274,3968
#292,1262,3968
#292,1192,3968
#292,1143,3968
#292,1094,3968
292,1193,3968,137.474
#306,1397,3968
#306,1334,3968
#306,1149,3968
#306,1124,3968
#306,1125,3968
306,1225.8,3968,232.274
#321,1471,3968
#321,1373,3968
#321,1212,3968
#321,1155,3968
#321,1131,3968
321,1268.4,3968,263.677
#337,1369,6656
#337,1332,6656
#337,1250,6656
#337,1225,6656
#337,1224,6656
337,1280,6656,118.949
#353,1431,6656
#353,1381,6656
#353,1361,6656
#353,1314,6656
#353,1313,6656
353,1360,6656,88.5799
#370,1364,6656
#370,1364,6656
#370,1354,6656
#370,1354,6656
#370,1342,6656
370,1355.6,6656,16.2776
#388,1552,6656
#388,1542,6656
#388,1438,6656
#388,1387,6656
#388,1374,6656
388,1458.6,6656,150.698
#407,1649,6656
#407,1642,6656
#407,1587,6656
#407,1555,6656
#407,1565,6656
407,1599.6,6656,77.8881
#427,1767,6656
#427,1760,6656
#427,1640,6656
#427,1586,6656
#427,1589,6656
427,1668.4,6656,160.033
#448,1934,6656
#448,1877,6656
#448,1660,6656
#448,1655,6656
#448,1654,6656
448,1756,6656,246.813
#470,2035,6656
#470,1991,6656
#470,1796,6656
#470,1799,6656
#470,1777,6656
470,1879.6,6656,220.129
#493,2260,6656
#493,2157,6656
#493,1914,6656
#493,1892,6656
#493,1871,6656
493,2018.8,6656,317.72
#517,2473,6656
#517,2255,6656
#517,1966,6656
#517,1932,6656
#517,1942,6656
517,2113.6,6656,432.086
#542,2521,6656
#542,2447,6656
#542,2244,6656
#542,2121,6656
#542,2090,6656
542,2284.6,6656,344.722
#569,3654,6656
#569,3294,6656
#569,2649,6656
#569,2396,6656
#569,2307,6656
569,2860,6656,1052.39
#597,2157,11392
#597,2157,11392
#597,2133,11392
#597,2111,11392
#597,2103,11392
597,2132.2,11392,45.0138
#626,2485,11392
#626,2480,11392
#626,2447,11392
#626,2393,11392
#626,2402,11392
626,2441.4,11392,76.5099
#657,2487,11392
#657,2477,11392
#657,2451,11392
#657,2457,11392
#657,2457,11392
657,2465.8,11392,27.5507
#689,2886,11392
#689,2875,11392
#689,2735,11392
#689,2648,11392
#689,2630,11392
689,2754.8,11392,217.32
#723,2867,11392
#723,2871,11392
#723,2751,11392
#723,2693,11392
#723,2663,11392
723,2769,11392,172.844
#759,3099,11392
#759,3089,11392
#759,2933,11392
#759,2861,11392
#759,2853,11392
759,2967,11392,214.841
#796,3167,11392
#796,3097,11392
#796,3032,11392
#796,3035,11392
#796,3031,11392
796,3072.4,11392,106.955
#835,3313,11392
#835,3302,11392
#835,3129,11392
#835,3088,11392
#835,3070,11392
835,3180.4,11392,211.163
#876,3927,11392
#876,3849,11392
#876,3679,11392
#876,3494,11392
#876,3464,11392
876,3682.6,11392,369.637
#919,4214,11392
#919,4089,11392
#919,3788,11392
#919,3769,11392
#919,3712,11392
919,3914.4,11392,398.326
#964,4901,11392
#964,4596,11392
#964,4174,11392
#964,4000,11392
#964,3935,11392
964,4321.2,11392,740.633
#1012,5820,11392
#1012,5238,11392
#1012,4584,11392
#1012,4325,11392
#1012,4251,11392
1012,4843.6,11392,1198.81
#1062,4319,19584
#1062,4360,19584
#1062,4238,19584
#1062,4185,19584
#1062,4172,19584
1062,4254.8,19584,147.509
#1115,4474,19584
#1115,4519,19584
#1115,4417,19584
#1115,4352,19584
#1115,4347,19584
1115,4421.8,19584,134.649
#1170,4583,19584
#1170,4592,19584
#1170,4541,19584
#1170,4501,19584
#1170,4495,19584
1170,4542.4,19584,80.3552
#1228,5152,19584
#1228,5121,19584
#1228,5026,19584
#1228,5018,19584
#1228,5024,19584
1228,5068.2,19584,113.366
#1289,5290,19584
#1289,5207,19584
#1289,5153,19584
#1289,5105,19584
#1289,5105,19584
1289,5172,19584,139.966
#1353,5674,19584
#1353,5577,19584
#1353,5234,19584
#1353,5211,19584
#1353,5190,19584
1353,5377.2,19584,411.031
#1420,5885,19584
#1420,5846,19584
#1420,5619,19584
#1420,5518,19584
#1420,5429,19584
1420,5659.4,19584,358.246
#1491,6754,19584
#1491,6542,19584
#1491,6174,19584
#1491,5983,19584
#1491,5892,19584
1491,6269,19584,658.911
#1565,6879,19584
#1565,6557,19584
#1565,6299,19584
#1565,6283,19584
#1565,6121,19584
1565,6427.8,19584,530.627
#1643,7880,19584
#1643,7361,19584
#1643,6922,19584
#1643,6765,19584
#1643,6483,19584
1643,7082.2,19584,979.606
#1725,8748,19584
#1725,8065,19584
#1725,7504,19584
#1725,7327,19584
#1725,7008,19584
1725,7730.4,19584,1227.46
#1811,9690,19584
#1811,8806,19584
#1811,7932,19584
#1811,7544,19584
#1811,7328,19584
1811,8260,19584,1750.86
#1901,7493,33920
#1901,7430,33920
#1901,7351,33920
#1901,7292,33920
#1901,7282,33920
1901,7369.6,33920,162.277
#1996,7709,33920
#1996,7750,33920
#1996,7578,33920
#1996,7540,33920
#1996,7520,33920
1996,7619.4,33920,185.436
#2095,8265,33920
#2095,8341,33920
#2095,8208,33920
#2095,8099,33920
#2095,8088,33920
2095,8200.2,33920,193.731
#2199,8679,33920
#2199,8688,33920
#2199,8386,33920
#2199,8385,33920
#2199,8345,33920
2199,8496.6,33920,306.69
#2308,9357,33920
#2308,9361,33920
#2308,9147,33920
#2308,9031,33920
#2308,21577,33920
2308,11694.6,33920,9885.62
#2423,10426,33920
#2423,10337,33920
#2423,9981,33920
#2423,9789,33920
#2423,9737,33920
2423,10054,33920,561.794
#2544,11424,33920
#2544,11117,33920
#2544,10924,33920
#2544,10452,33920
#2544,10282,33920
2544,10839.8,33920,842.258
#2671,12041,33920
#2671,11473,33920
#2671,11297,33920
#2671,10810,33920
#2671,10689,33920
2671,11262,33920,973.743
#2804,13733,33920
#2804,12862,33920
#2804,12298,33920
#2804,11865,33920
#2804,11509,33920
2804,12453.4,33920,1566.29
#2944,14358,33920
#2944,13606,33920
#2944,12930,33920
#2944,12519,33920
#2944,11980,33920
2944,13078.6,33920,1663.05
#3091,16659,33920
#3091,15307,33920
#3091,14083,33920
#3091,13618,33920
#3091,13070,33920
3091,14547.4,33920,2576.51
#3245,12835,59008
#3245,12907,59008
#3245,12779,59008
#3245,12673,59008
#3245,12672,59008
3245,12773.2,59008,183.383
#3407,13614,59008
#3407,13627,59008
#3407,13397,59008
#3407,13360,59008
#3407,13311,59008
3407,13461.8,59008,264.966
#3577,14466,59008
#3577,14631,59008
#3577,14409,59008
#3577,14281,59008
#3577,14282,59008
3577,14413.8,59008,260.662
#3755,15129,59008
#3755,15228,59008
#3755,14979,59008
#3755,14858,59008
#3755,14913,59008
3755,15021.4,59008,274.968
#3942,16487,59008
#3942,16558,59008
#3942,16143,59008
#3942,15983,59008
#3942,15958,59008
3942,16225.8,59008,502.877
#4139,17398,59008
#4139,17494,59008
#4139,17042,59008
#4139,16774,59008
#4139,16762,59008
4139,17094,59008,611.715
#4345,18852,59008
#4345,18627,59008
#4345,18254,59008
#4345,17792,59008
#4345,17667,59008
4345,18238.4,59008,918.054
#4562,19897,59008
#4562,19581,59008
#4562,19069,59008
#4562,18662,59008
#4562,18555,59008
4562,19152.8,59008,1036.32
#4790,22737,59008
#4790,22216,59008
#4790,21261,59008
#4790,20672,59008
#4790,19973,59008
4790,21371.8,59008,2007
#5029,24541,59008
#5029,23605,59008
#5029,22290,59008
#5029,21797,59008
#5029,21128,59008
5029,22672.2,59008,2475.34
#5280,27860,59008
#5280,26738,59008
#5280,24993,59008
#5280,23929,59008
#5280,23231,59008
5280,25350.2,59008,3448.3
#5544,31595,59008
#5544,29754,59008
#5544,27367,59008
#5544,26194,59008
#5544,25773,59008
5544,28136.6,59008,4429.82
#5821,23822,102912
#5821,23981,102912
#5821,23855,102912
#5821,23791,102912
#5821,23738,102912
5821,23837.4,102912,162.975
#6112,25180,102912
#6112,25381,102912
#6112,25053,102912
#6112,25065,102912
#6112,24926,102912
6112,25121,102912,305.766
#6417,27475,102912
#6417,27605,102912
#6417,27185,102912
#6417,27156,102912
#6417,27205,102912
6417,27325.2,102912,361.619
#6737,28759,102912
#6737,28850,102912
#6737,28552,102912
#6737,28337,102912
#6737,28363,102912
6737,28572.2,102912,411.396
#7073,31596,102912
#7073,31722,102912
#7073,31139,102912
#7073,30842,102912
#7073,30747,102912
7073,31209.2,102912,782.801
#7426,33752,102912
#7426,33770,102912
#7426,33173,102912
#7426,32694,102912
#7426,32463,102912
7426,33170.4,102912,1067.77
#7797,35812,102912
#7797,35596,102912
#7797,34905,102912
#7797,34327,102912
#7797,46543,102912
7797,37436.6,102912,9166.56
#8186,38576,102912
#8186,38190,102912
#8186,37189,102912
#8186,36376,102912
#8186,35834,102912
8186,37233,102912,2080.98
#8595,41691,102912
#8595,40913,102912
#8595,39691,102912
#8595,38758,102912
#8595,37948,102912
8595,39800.2,102912,2733.82
#9024,58597,102912
#9024,44303,102912
#9024,42531,102912
#9024,41291,102912
#9024,40284,102912
9024,45401.2,102912,13465.6
#9475,53061,102912
#9475,51638,102912
#9475,49628,102912
#9475,47412,102912
#9475,46486,102912
9475,49645,102912,4948.29
#9948,41030,179840
#9948,41300,179840
#9948,40978,179840
#9948,40913,179840
#9948,40852,179840
9948,41014.6,179840,309.569
#10445,43381,179840
#10445,43815,179840
#10445,43543,179840
#10445,43338,179840
#10445,43292,179840
10445,43473.8,179840,380.853
#10967,45661,179840
#10967,46045,179840
#10967,45390,179840
#10967,45218,179840
#10967,45215,179840
10967,45505.8,179840,629.684
#11515,49867,179840
#11515,50443,179840
#11515,49882,179840
#11515,49701,179840
#11515,49603,179840
11515,49899.2,179840,582.456
#12090,52712,179840
#12090,53226,179840
#12090,52642,179840
#12090,52350,179840
#12090,52255,179840
12090,52637,179840,681.683
#12694,55317,179840
#12694,55843,179840
#12694,54879,179840
#12694,54241,179840
#12694,53991,179840
12694,54854.2,179840,1360.49
#13328,59596,179840
#13328,60057,179840
#13328,72529,179840
#13328,59720,179840
#13328,59288,179840
13328,62238,179840,10302.8
#13994,65465,179840
#13994,65795,179840
#13994,64242,179840
#13994,62948,179840
#13994,62255,179840
13994,64141,179840,2753.78
#14693,74370,179840
#14693,74057,179840
#14693,71926,179840
#14693,70698,179840
#14693,69750,179840
14693,72160.2,179840,3631.31
#15427,79205,179840
#15427,78658,179840
#15427,76723,179840
#15427,75088,179840
#15427,74072,179840
15427,76749.2,179840,3960.01
#16198,92029,179840
#16198,91816,179840
#16198,101350,179840
#16198,85254,179840
#16198,83611,179840
16198,90812,179840,12531.1
#17007,107071,179840
#17007,106985,179840
#17007,104908,179840
#17007,103269,179840
#17007,102472,179840
17007,104941,179840,3753.13
#17857,83895,314368
#17857,83947,314368
#17857,83518,314368
#17857,83485,314368
#17857,83397,314368
17857,83648.4,314368,453.325
#18749,87777,314368
#18749,87797,314368
#18749,87519,314368
#18749,87618,314368
#18749,87516,314368
18749,87645.4,314368,242.937
#19686,94776,314368
#19686,94865,314368
#19686,93893,314368
#19686,93837,314368
#19686,93647,314368
19686,94203.6,314368,1022.06
#20670,99029,314368
#20670,99265,314368
#20670,98732,314368
#20670,98619,314368
#20670,98567,314368
20670,98842.4,314368,530.171
#21703,110182,314368
#21703,110268,314368
#21703,109004,314368
#21703,108620,314368
#21703,108139,314368
21703,109243,314368,1696.21
#22788,117407,314368
#22788,116937,314368
#22788,115407,314368
#22788,114862,314368
#22788,114501,314368
22788,115823,314368,2296.83
#23927,125462,314368
#23927,125109,314368
#23927,123766,314368
#23927,122493,314368
#23927,122244,314368
23927,123815,314368,2623.76
#25123,137224,314368
#25123,136869,314368
#25123,134424,314368
#25123,133288,314368
#25123,132540,314368
25123,134869,314368,3759.56
#26379,145814,314368
#26379,145456,314368
#26379,143071,314368
#26379,141963,314368
#26379,141324,314368
26379,143526,314368,3628.62
#27697,163759,314368
#27697,163635,314368
#27697,161301,314368
#27697,160167,314368
#27697,159660,314368
27697,161704,314368,3423.97
#29081,195527,314368
#29081,194952,314368
#29081,193294,314368
#29081,192298,314368
#29081,195598,314368
29081,194334,314368,2627.51
#30535,153670,549888
#30535,153407,549888
#30535,152913,549888
#30535,152723,549888
#30535,152411,549888
30535,153025,549888,913.32
#32061,158968,549888
#32061,158927,549888
#32061,158378,549888
#32061,158149,549888
#32061,158023,549888
32061,158489,549888,783
#33664,168806,549888
#33664,168781,549888
#33664,167995,549888
#33664,168000,549888
#33664,167788,549888
33664,168274,549888,862.177
#35347,183231,549888
#35347,183211,549888
#35347,182004,549888
#35347,181970,549888
#35347,181945,549888
35347,182472,549888,1223.42
#37114,212905,549888
#37114,213551,549888
#37114,189521,549888
#37114,188935,549888
#37114,189001,549888
37114,198783,549888,23596.3
#38969,203292,549888
#38969,202917,549888
#38969,201393,549888
#38969,200615,549888
#38969,199963,549888
38969,201636,549888,2574.29
#40917,217256,549888
#40917,217049,549888
#40917,230234,549888
#40917,219487,549888
#40917,218847,549888
40917,220575,549888,9835.22
#42962,245981,549888
#42962,247798,549888
#42962,228527,549888
#42962,227270,549888
#42962,226766,549888
42962,235268,549888,19046.5
#45110,261706,549888
#45110,261209,549888
#45110,258943,549888
#45110,257702,549888
#45110,257548,549888
45110,259422,549888,3476.75
#47365,339054,549888
#47365,289985,549888
#47365,288340,549888
#47365,287302,549888
#47365,287708,549888
47365,298478,549888,40617.4
#49733,325032,549888
#49733,324071,549888
#49733,322731,549888
#49733,322857,549888
#49733,324440,549888
49733,323826,549888,1795.43
#52219,385438,549888
#52219,384102,549888
#52219,383461,549888
#52219,383395,549888
#52219,387011,549888
52219,384681,549888,2753.82
#54829,300288,962048
#54829,362562,962048
#54829,350185,962048
#54829,291469,962048
#54829,291378,962048
54829,319176,962048,61586.1
#57570,318283,962048
#57570,318300,962048
#57570,317492,962048
#57570,316973,962048
#57570,317431,962048
57570,317696,962048,1036.9
#60448,339262,962048
#60448,338962,962048
#60448,337850,962048
#60448,337826,962048
#60448,339430,962048
60448,338666,962048,1385.06
#63470,359070,962048
#63470,358271,962048
#63470,357209,962048
#63470,357030,962048
#63470,356951,962048
63470,357706,962048,1662.22
#66643,384077,962048
#66643,382211,962048
#66643,380429,962048
#66643,380296,962048
#66643,380037,962048
66643,381410,962048,3078.05
#69975,412542,962048
#69975,412120,962048
#69975,412122,962048
#69975,409693,962048
#69975,409322,962048
69975,411160,962048,2725.77
#73473,441455,962048
#73473,440688,962048
#73473,439611,962048
#73473,440346,962048
#73473,438413,962048
73473,440103,962048,2064.43
#77146,479258,962048
#77146,478036,962048
#77146,476845,962048
#77146,510736,962048
#77146,517386,962048
77146,492452,962048,35569.5
#81003,525090,962048
#81003,525214,962048
#81003,555718,962048
#81003,522294,962048
#81003,522585,962048
81003,530180,962048,25653.6
#85053,582746,962048
#85053,584402,962048
#85053,583148,962048
#85053,581511,962048
#85053,581836,962048
85053,582729,962048,2050.51
#89305,673477,962048
#89305,670656,962048
#89305,670969,962048
#89305,671830,962048
#89305,674454,962048
89305,672277,962048,2928.16
#93770,508030,1683328
#93770,487490,1683328
#93770,484847,1683328
#93770,484361,1683328
#93770,484319,1683328
93770,489809,1683328,18370.1
#98458,501222,1683328
#98458,500906,1683328
#98458,503612,1683328
#98458,567147,1683328
#98458,514834,1683328
98458,517544,1683328,50637
#103380,608948,1683328
#103380,532907,1683328
#103380,531347,1683328
#103380,585408,1683328
#103380,545052,1683328
103380,560732,1683328,62079
#108549,603084,1683328
#108549,567284,1683328
#108549,602544,1683328
#108549,606207,1683328
#108549,590434,1683328
108549,593911,1683328,28718.6
#113976,618607,1683328
#113976,669480,1683328
#113976,602490,1683328
#113976,603450,1683328
#113976,660459,1683328
113976,630897,1683328,57088.7
#119674,660662,1683328
#119674,658535,1683328
#119674,658716,1683328
#119674,655465,1683328
#119674,655066,1683328
119674,657689,1683328,4236.55
#125657,752846,1683328
#125657,707343,1683328
#125657,705098,1683328
#125657,704117,1683328
#125657,703668,1683328
125657,714614,1683328,38315.6
#131939,770876,1683328
#131939,765377,1683328
#131939,810279,1683328
#131939,803445,1683328
#131939,762958,1683328
131939,782587,1683328,40204.8
#138535,842614,1683328
#138535,840520,1683328
#138535,837116,1683328
#138535,836705,1683328
#138535,836574,1683328
138535,838706,1683328,4869.54
#145461,990126,1683328
#145461,1021235,1683328
#145461,969481,1683328
#145461,926308,1683328
#145461,926565,1683328
145461,966743,1683328,73609.2
#152734,1102159,1683328
#152734,1056951,1683328
#152734,1052104,1683328
#152734,1052801,1683328
#152734,1052990,1683328
152734,1.0634e+06,1683328,38906.6
#160370,1235592,1683328
#160370,1229852,1683328
#160370,1227188,1683328
#160370,1228554,1683328
#160370,1226523,1683328
160370,1.22954e+06,1683328,6470.27
#168388,1134308,2945536
#168388,970438,2945536
#168388,950753,2945536
#168388,1003656,2945536
#168388,1025707,2945536
168388,1.01697e+06,2945536,128286
#176807,1064267,2945536
#176807,1053835,2945536
#176807,1055659,2945536
#176807,1064246,2945536
#176807,1041364,2945536
176807,1.05587e+06,2945536,16858.9
#185647,1116076,2945536
#185647,1075122,2945536
#185647,1121003,2945536
#185647,1068373,2945536
#185647,1062744,2945536
185647,1.08866e+06,2945536,49511.1
#194929,1240587,2945536
#194929,1155890,2945536
#194929,1186559,2945536
#194929,1135774,2945536
#194929,1131404,2945536
194929,1.17004e+06,2945536,80582.3
#204675,1243394,2945536
#204675,1283543,2945536
#204675,1221956,2945536
#204675,1211990,2945536
#204675,1216846,2945536
204675,1.23555e+06,2945536,52570.5
#214908,1368899,2945536
#214908,1319479,2945536
#214908,1309284,2945536
#214908,1296681,2945536
#214908,1295375,2945536
214908,1.31794e+06,2945536,53927.6
#225653,1441683,2945536
#225653,1414210,2945536
#225653,1454005,2945536
#225653,1400426,2945536
#225653,1395432,2945536
225653,1.42115e+06,2945536,45957.5
#236935,1550999,2945536
#236935,1533310,2945536
#236935,1513670,2945536
#236935,1508699,2945536
#236935,1547277,2945536
236935,1.53079e+06,2945536,34265.8
#248781,1710158,2945536
#248781,1685858,2945536
#248781,1670924,2945536
#248781,1668585,2945536
#248781,1749275,2945536
248781,1.69696e+06,2945536,60115.3
#261220,1941675,2945536
#261220,1880979,2945536
#261220,1858223,2945536
#261220,1886687,2945536
#261220,1919527,2945536
261220,1.89742e+06,2945536,59121.1
#274281,2159680,2945536
#274281,2444877,2945536
#274281,2401399,2945536
#274281,2191776,2945536
#274281,2122761,2945536
274281,2.2641e+06,2945536,264790
#287995,2269046,5154432
#287995,1856179,5154432
#287995,1773746,5154432
#287995,1762813,5154432
#287995,1835010,5154432
287995,1.89936e+06,5154432,376401
#302394,2167031,5154432
#302394,2236552,5154432
#302394,2069951,5154432
#302394,2008304,5154432
#302394,2948605,5154432
302394,2.28609e+06,5154432,680844
#317513,2130171,5154432
#317513,2049047,5154432
#317513,1950003,5154432
#317513,2036249,5154432
#317513,1968432,5154432
317513,2.02678e+06,5154432,128295
#333388,2142087,5154432
#333388,2191688,5154432
#333388,2095013,5154432
#333388,2086714,5154432
#333388,2089485,5154432
333388,2.121e+06,5154432,81415
#350057,2354866,5154432
#350057,2449904,5154432
#350057,2309546,5154432
#350057,2307859,5154432
#350057,2198175,5154432
350057,2.32407e+06,5154432,162741
#367559,2431537,5154432
#367559,2527049,5154432
#367559,2389686,5154432
#367559,2357426,5154432
#367559,2354250,5154432
367559,2.41199e+06,5154432,127841
#385936,2702784,5154432
#385936,2609398,5154432
#385936,2565312,5154432
#385936,2542736,5154432
#385936,2507513,5154432
385936,2.58555e+06,5154432,134595
#405232,2882424,5154432
#405232,2806488,5154432
#405232,2714250,5154432
#405232,2715896,5154432
#405232,2790383,5154432
405232,2.78189e+06,5154432,125586
#425493,3246964,5154432
#425493,3012072,5154432
#425493,3006331,5154432
#425493,3047007,5154432
#425493,3100569,5154432
425493,3.08259e+06,5154432,177531
#446767,3445088,5154432
#446767,3334150,5154432
#446767,3311130,5154432
#446767,3318758,5154432
#446767,3282062,5154432
446767,3.33824e+06,5154432,112085
#469105,3870947,5154432
#469105,3726946,5154432
#469105,3716252,5154432
#469105,3733978,5154432
#469105,3748392,5154432
469105,3.7593e+06,5154432,113579
#492560,4473121,5154432
#492560,4274260,5154432
#492560,4288239,5154432
#492560,4566905,5154432
#492560,4312555,5154432
492560,4.38302e+06,5154432,232739
#517188,7607361,9019904
#517188,7265293,9019904
#517188,7548165,9019904
#517188,7360538,9019904
#517188,7556417,9019904
517188,7.46755e+06,9019904,262759
#543047,7841692,9019904
#543047,7610113,9019904
#543047,7738799,9019904
#543047,7733867,9019904
#543047,7603858,9019904
543047,7.70567e+06,9019904,178642
#570199,8188289,9019904
#570199,8083070,9019904
#570199,8047403,9019904
#570199,8244176,9019904
#570199,8053232,9019904
570199,8.12323e+06,9019904,157792
#598708,8674430,9019904
#598708,8624716,9019904
#598708,8754761,9019904
#598708,8610219,9019904
#598708,8536512,9019904
598708,8.64013e+06,9019904,144736
#628643,9339546,9019904
#628643,9040704,9019904
#628643,9072266,9019904
#628643,9035042,9019904
#628643,9062092,9019904
628643,9.10993e+06,9019904,231225
#660075,9795565,9019904
#660075,9675390,9019904
#660075,9657100,9019904
#660075,9639968,9019904
#660075,9656380,9019904
660075,9.68488e+06,9019904,112933
#693078,10232592,9019904
#693078,10275180,9019904
#693078,10272550,9019904
#693078,10248540,9019904
#693078,10452697,9019904
693078,1.02963e+07,9019904,159524
#727731,11135434,9019904
#727731,10896064,9019904
#727731,10999952,9019904
#727731,11101489,9019904
#727731,10976333,9019904
727731,1.10219e+07,9019904,173475
#764117,11706340,9019904
#764117,11682194,9019904
#764117,11707790,9019904
#764117,11710628,9019904
#764117,11738443,9019904
764117,1.17091e+07,9019904,35739.2
#802322,12647100,9019904
#802322,12541227,9019904
#802322,12553233,9019904
#802322,12791255,9019904
#802322,12576151,9019904
802322,1.26218e+07,9019904,184678
#842438,13717048,9019904
#842438,13729118,9019904
#842438,13652418,9019904
#842438,13711528,9019904
#842438,13799977,9019904
842438,1.3722e+07,9019904,94263.1
#884559,17622781,15784576
#884559,17317377,15784576
#884559,17282163,15784576
#884559,17721086,15784576
#884559,17893391,15784576
884559,1.75674e+07,15784576,470598
#928786,18294806,15784576
#928786,19233691,15784576
#928786,18357360,15784576
#928786,18426913,15784576
#928786,18325937,15784576
928786,1.85277e+07,15784576,711362
#975225,19250762,15784576
#975225,19116559,15784576
#975225,19122260,15784576
#975225,19230726,15784576
#975225,19207836,15784576
975225,1.91856e+07,15784576,111554
#1023986,20659041,15784576
#1023986,20392567,15784576
#1023986,20403783,15784576
#1023986,20160769,15784576
#1023986,20220508,15784576
1023986,2.03673e+07,15784576,347891
#1075185,21556753,15784576
#1075185,21509111,15784576
#1075185,21674046,15784576
#1075185,21408218,15784576
#1075185,21511082,15784576
1075185,2.15318e+07,15784576,172216
#1128944,22577985,15784576
#1128944,22519508,15784576
#1128944,22630810,15784576
#1128944,22659391,15784576
#1128944,22443465,15784576
1128944,2.25662e+07,15784576,155543
#1185391,24178736,15784576
#1185391,24020907,15784576
#1185391,23929095,15784576
#1185391,23825884,15784576
#1185391,23913065,15784576
1185391,2.39735e+07,15784576,239640
#1244660,25531617,15784576
#1244660,25227868,15784576
#1244660,25215630,15784576
#1244660,25928261,15784576
#1244660,25281175,15784576
1244660,2.54369e+07,15784576,542079
#1306893,26955041,15784576
#1306893,26801280,15784576
#1306893,26786083,15784576
#1306893,27677175,15784576
#1306893,26851942,15784576
1306893,2.70143e+07,15784576,673341
#1372237,28849007,15784576
#1372237,28799447,15784576
#1372237,29022093,15784576
#1372237,28745995,15784576
#1372237,28749917,15784576
1372237,2.88333e+07,15784576,203195
#1440848,31137655,15784576
#1440848,31308256,15784576
#1440848,31067824,15784576
#1440848,31061019,15784576
#1440848,31135750,15784576
1440848,3.11421e+07,15784576,178346
#1512890,36225696,27622656
#1512890,35948977,27622656
#1512890,36012566,27622656
#1512890,36203846,27622656
#1512890,35989420,27622656
1512890,3.60761e+07,27622656,230492
#1588534,38171697,27622656
#1588534,38084347,27622656
#1588534,37925102,27622656
#1588534,38141604,27622656
#1588534,37818952,27622656
1588534,3.80283e+07,27622656,269842
#1667960,40123214,27622656
#1667960,40096367,27622656
#1667960,39949959,27622656
#1667960,40012259,27622656
#1667960,39986491,27622656
1667960,4.00337e+07,27622656,131578
#1751358,43464471,27622656
#1751358,50414198,27622656
#1751358,51488769,27622656
#1751358,49218075,27622656
#1751358,50206916,27622656
1751358,4.89585e+07,27622656,5.68025e+06
#1838925,52900235,27622656
#1838925,72791761,27622656
#1838925,59786395,27622656
#1838925,54175190,27622656
#1838925,45017852,27622656
1838925,5.69343e+07,27622656,1.84495e+07
#1930871,47927123,27622656
#1930871,47401861,27622656
#1930871,47364054,27622656
#1930871,47268233,27622656
#1930871,47203914,27622656
1930871,4.7433e+07,27622656,513427
#2027414,50450582,27622656
#2027414,50136804,27622656
#2027414,50067242,27622656
#2027414,50199800,27622656
#2027414,54264436,27622656
2027414,5.10238e+07,27622656,3.25097e+06
#2128784,53795350,27622656
#2128784,53194180,27622656
#2128784,53009354,27622656
#2128784,53346181,27622656
#2128784,53314774,27622656
2128784,5.3332e+07,27622656,520220
#2235223,56644050,27622656
#2235223,56546111,27622656
#2235223,56527715,27622656
#2235223,56884042,27622656
#2235223,56419604,27622656
2235223,5.66043e+07,27622656,313942
#2346984,60268746,27622656
#2346984,60250322,27622656
#2346984,60403745,27622656
#2346984,60214379,27622656
#2346984,60444734,27622656
2346984,6.03164e+07,27622656,181426
#2464333,64876754,27622656
#2464333,64739124,27622656
#2464333,64699529,27622656
#2464333,64530250,27622656
#2464333,64665608,27622656
2464333,6.47023e+07,27622656,224045
#2587549,70867410,27622656
#2587549,70257965,27622656
#2587549,70191259,27622656
#2587549,70449748,27622656
#2587549,70463477,27622656
2587549,7.0446e+07,27622656,471725
#2716926,69814692,48339328
#2716926,68884780,48339328
#2716926,69269936,48339328
#2716926,69101551,48339328
#2716926,68674419,48339328
2716926,6.91491e+07,48339328,777206
#2852772,72501728,48339328
#2852772,72834966,48339328
#2852772,72434081,48339328
#2852772,72601192,48339328
#2852772,72478922,48339328
2852772,7.25702e+07,48339328,286510
#2995410,76771860,48339328
#2995410,76374517,48339328
#2995410,76366621,48339328
#2995410,76538086,48339328
#2995410,76556561,48339328
2995410,7.65215e+07,48339328,296346
#3145180,80687654,48339328
#3145180,80550176,48339328
#3145180,80962401,48339328
#3145180,80771153,48339328
#3145180,80608182,48339328
3145180,8.07159e+07,48339328,288002
#3302439,85865002,48339328
#3302439,85235488,48339328
#3302439,85014688,48339328
#3302439,85097095,48339328
#3302439,85336047,48339328
3302439,8.53097e+07,48339328,597859
#3467560,90412119,48339328
#3467560,91375818,48339328
#3467560,90608636,48339328
#3467560,90136889,48339328
#3467560,90586603,48339328
3467560,9.0624e+07,48339328,824153
#3640938,98294198,48339328
#3640938,96755546,48339328
#3640938,95745504,48339328
#3640938,95549577,48339328
#3640938,96062995,48339328
3640938,9.64816e+07,48339328,1.98923e+06
#3822984,102238680,48339328
#3822984,101581677,48339328
#3822984,101293612,48339328
#3822984,101883765,48339328
#3822984,101545410,48339328
3822984,1.01709e+08,48339328,649075
#4014133,108107310,48339328
#4014133,108049387,48339328
#4014133,109172477,48339328
#4014133,108155227,48339328
#4014133,108422761,48339328
4014133,1.08381e+08,48339328,831397
#4214839,116544322,48339328
#4214839,115892295,48339328
#4214839,116179355,48339328
#4214839,115835897,48339328
#4214839,115944901,48339328
4214839,1.16079e+08,48339328,520412
#4425580,126100612,48339328
#4425580,124913917,48339328
#4425580,125382433,48339328
#4425580,125462102,48339328
#4425580,124988061,48339328
4425580,1.25369e+08,48339328,846791
#4646859,121306368,84593536
#4646859,121097671,84593536
#4646859,121106675,84593536
#4646859,120957754,84593536
#4646859,121316870,84593536
4646859,1.21157e+08,84593536,273672
#4879201,127277627,84593536
#4879201,127727904,84593536
#4879201,127273162,84593536
#4879201,127471071,84593536
#4879201,127401828,84593536
4879201,1.2743e+08,84593536,333518
#5123161,134913731,84593536
#5123161,134029331,84593536
#5123161,134252734,84593536
#5123161,135896211,84593536
#5123161,134142938,84593536
5123161,1.34647e+08,84593536,1.39218e+06
#5379319,141928139,84593536
#5379319,141717045,84593536
#5379319,141855136,84593536
#5379319,143034188,84593536
#5379319,142597783,84593536
5379319,1.42226e+08,84593536,1.01062e+06
#5648284,149551351,84593536
#5648284,149497874,84593536
#5648284,149538904,84593536
#5648284,150409957,84593536
#5648284,149961821,84593536
5648284,1.49792e+08,84593536,703812
#5930698,158128425,84593536
#5930698,158291712,84593536
#5930698,157720315,84593536
#5930698,158063061,84593536
#5930698,158317497,84593536
5930698,1.58104e+08,84593536,429235
#6227232,167259253,84593536
#6227232,167568643,84593536
#6227232,167209581,84593536
#6227232,167137203,84593536
#6227232,167188990,84593536
6227232,1.67273e+08,84593536,306090
#6538593,178046044,84593536
#6538593,177476471,84593536
#6538593,177381992,84593536
#6538593,177612793,84593536
#6538593,177291196,84593536
6538593,1.77562e+08,84593536,529098
#6865522,189225961,84593536
#6865522,189262663,84593536
#6865522,188494717,84593536
#6865522,188678844,84593536
#6865522,189710570,84593536
6865522,1.89075e+08,84593536,874356
#7208798,204156519,84593536
#7208798,201544235,84593536
#7208798,201665100,84593536
#7208798,201697311,84593536
#7208798,201833267,84593536
7208798,2.02179e+08,84593536,1.98578e+06
#7569237,217724490,84593536
#7569237,216796103,84593536
#7569237,217377235,84593536
#7569237,217216468,84593536
#7569237,217031868,84593536
7569237,2.17229e+08,84593536,628587
#7947698,236214241,84593536
#7947698,236158323,84593536
#7947698,236290181,84593536
#7947698,235746467,84593536
#7947698,235765822,84593536
7947698,2.36035e+08,84593536,463173
#8345082,220967875,148038400
#8345082,221451052,148038400
#8345082,221929654,148038400
#8345082,220847247,148038400
#8345082,221437961,148038400
8345082,2.21327e+08,148038400,774610
#8762336,232933982,148038400
#8762336,232430438,148038400
#8762336,232613974,148038400
#8762336,233730248,148038400
#8762336,232858109,148038400
8762336,2.32913e+08,148038400,891574
#9200452,245653426,148038400
#9200452,245051210,148038400
#9200452,246025119,148038400
#9200452,245530451,148038400
#9200452,244967942,148038400
9200452,2.45446e+08,148038400,784823
#9660474,259232979,148038400
#9660474,259840053,148038400
#9660474,259119448,148038400
#9660474,258821155,148038400
#9660474,258726741,148038400
9660474,2.59148e+08,148038400,785499
