#1,2684551,288
#1,14591,288
#1,12671,288
#1,12331,288
#1,11525,288
1,547134,288,2.13742e+06
#2,162480,288
#2,16399,288
#2,15809,288
#2,15966,288
#2,15499,288
2,45230.6,288,117251
#3,15022,288
#3,13089,288
#3,12801,288
#3,12715,288
#3,12877,288
3,13300.8,288,1738.96
#4,16337,288
#4,14333,288
#4,14393,288
#4,14130,288
#4,13388,288
4,14516.2,288,1956.74
#5,20791,288
#5,16141,288
#5,15461,288
#5,15645,288
#5,16071,288
5,16821.8,288,4001.84
#6,19265,288
#6,16278,288
#6,16378,288
#6,16528,288
#6,16229,288
6,16935.6,288,2338.36
#7,20969,288
#7,42785,288
#7,18230,288
#7,18887,288
#7,17904,288
7,23755,288,19149.1
#8,23211,288
#8,19918,288
#8,19496,288
#8,19805,288
#8,19369,288
8,20359.8,288,2878.91
#9,39604,288
#9,21597,288
#9,22029,288
#9,22228,288
#9,21727,288
9,25437,288,14173.9
#10,26569,288
#10,24318,288
#10,24079,288
#10,23725,288
#10,24190,288
10,24576.2,288,2031.52
#11,29443,288
#11,27142,288
#11,25774,288
#11,25544,288
#11,25558,288
11,26692.2,288,2995.61
#12,31588,288
#12,28899,288
#12,28581,288
#12,28492,288
#12,28215,288
12,29155,288,2471.87
#13,28537,416
#13,25279,416
#13,25755,416
#13,25258,416
#13,26429,416
13,26251.6,416,2438.74
#14,35215,416
#14,27456,416
#14,27288,416
#14,26489,416
#14,27004,416
14,28690.4,416,6557.5
#15,32053,416
#15,30445,416
#15,28724,416
#15,28466,416
#15,29146,416
15,29766.8,416,2661.06
#16,40560,416
#16,31525,416
#16,31261,416
#16,31579,416
#16,31015,416
16,33188,416,7383.01
#17,41902,416
#17,33062,416
#17,32780,416
#17,31730,416
#17,33841,416
17,34663,416,7364.25
#18,38383,416
#18,34441,416
#18,34376,416
#18,34361,416
#18,34167,416
18,35145.6,416,3242.56
#19,39774,416
#19,36464,416
#19,45487,416
#19,38410,416
#19,36599,416
19,39346.8,416,6610.48
#20,41440,416
#20,39099,416
#20,38051,416
#20,38082,416
#20,39313,416
20,39197,416,2467.49
#22,44965,416
#22,43372,416
#22,43288,416
#22,42559,416
#22,43283,416
22,43493.4,416,1584.91
#24,152457,416
#24,51313,416
#24,50787,416
#24,50738,416
#24,49521,416
24,70963.2,416,81502.3
#26,50210,672
#26,47326,672
#26,46113,672
#26,46827,672
#26,46847,672
26,47464.6,672,2852.54
#28,53317,672
#28,50968,672
#28,49710,672
#28,49387,672
#28,51613,672
28,50999,672,2830
#30,58484,672
#30,55995,672
#30,55343,672
#30,54652,672
#30,54023,672
30,55699.4,672,3082.31
#33,64002,672
#33,58743,672
#33,59711,672
#33,59793,672
#33,59205,672
33,60290.8,672,3787.52
#36,71505,672
#36,69270,672
#36,68810,672
#36,67004,672
#36,68026,672
36,68923,672,3004.94
#39,72442,928
#39,69775,928
#39,68862,928
#39,82872,928
#39,70385,928
39,72867.2,928,10277.8
#42,76232,928
#42,74192,928
#42,73575,928
#42,73600,928
#42,75592,928
42,74638.2,928,2164.68
#46,88602,928
#46,85822,928
#46,84866,928
#46,89576,928
#46,92515,928
46,88276.2,928,5471.06
#50,99178,1184
#50,96967,1184
#50,96152,1184
#50,111947,1184
#50,98712,1184
50,100591,1184,11569.8
#55,103301,1184
#55,95377,1184
#55,94382,1184
#55,94028,1184
#55,95509,1184
55,96519.4,1184,6875.56
#60,121951,1184
#60,110509,1184
#60,108425,1184
#60,107484,1184
#60,122791,1184
60,114232,1184,13444.9
#66,125327,1312
#66,116677,1312
#66,118375,1312
#66,117884,1312
#66,121872,1312
66,120027,1312,6326.96
#72,151321,1312
#72,139659,1312
#72,137432,1312
#72,139802,1312
#72,140721,1312
72,141787,1312,9776.22
#79,137805,1568
#79,135143,1568
#79,137009,1568
#79,137421,1568
#79,136201,1568
79,136716,1568,1899.13
#86,158009,1568
#86,153123,1568
#86,153451,1568
#86,156653,1568
#86,155140,1568
86,155275,1568,3725.58
#94,174847,1568
#94,172497,1568
#94,172799,1568
#94,173833,1568
#94,170452,1568
94,172886,1568,2942.87
#103,191402,1824
#103,184171,1824
#103,190933,1824
#103,184335,1824
#103,184773,1824
103,187123,1824,6623.33
#113,207474,1824
#113,208598,1824
#113,206921,1824
#113,207011,1824
#113,205974,1824
113,207196,1824,1707.87
#124,216458,2080
#124,214305,2080
#124,214175,2080
#124,221967,2080
#124,213317,2080
124,216044,2080,6274.21
#136,264433,2080
#136,266403,2080
#136,276579,2080
#136,269661,2080
#136,267752,2080
136,268966,2080,8344.18
#149,258842,2464
#149,255391,2464
#149,277234,2464
#149,275602,2464
#149,267097,2464
149,266833,2464,17433.8
#163,313286,2464
#163,293869,2464
#163,296044,2464
#163,297512,2464
#163,300926,2464
163,300327,2464,13748.3
#179,333823,2464
#179,328471,2464
#179,345698,2464
#179,335109,2464
#179,329414,2464
179,334503,2464,12278.1
#196,365700,2848
#196,353546,2848
#196,362576,2848
#196,364886,2848
#196,368607,2848
196,363063,2848,10269.3
#215,409453,2848
#215,395350,2848
#215,386080,2848
#215,392409,2848
#215,396346,2848
215,395928,2848,15304.9
#236,425016,3360
#236,411646,3360
#236,413845,3360
#236,413388,3360
#236,408828,3360
236,414545,3360,11047.5
#259,519402,3360
#259,544746,3360
#259,525736,3360
#259,521100,3360
#259,520057,3360
259,526208,3360,19060.5
#284,548863,3872
#284,548173,3872
#284,523190,3872
#284,540930,3872
#284,537463,3872
284,539724,3872,18651.5
#312,616220,3872
#312,608885,3872
#312,611577,3872
#312,608941,3872
#312,590935,3872
312,607312,3872,17225
#343,657037,4512
#343,644392,4512
#343,643052,4512
#343,641029,4512
#343,665533,4512
343,650209,4512,18990.1
#377,756243,4512
#377,742839,4512
#377,745893,4512
#377,736467,4512
#377,745097,4512
377,745308,4512,12781.9
#414,777695,5280
#414,772737,5280
#414,761562,5280
#414,784141,5280
#414,781571,5280
414,775541,5280,15955.8
#455,786257,6176
#455,798878,6176
#455,790521,6176
#455,810433,6176
#455,789928,6176
455,795203,6176,17326
#500,939696,6176
#500,908099,6176
#500,914218,6176
#500,907634,6176
#500,907522,6176
500,915434,6176,24776.8
#550,1008486,7200
#550,1005040,7200
#550,972242,7200
#550,970244,7200
#550,1016492,7200
550,994501,7200,38720.7
#605,1142652,7200
#605,1134018,7200
#605,1242248,7200
#605,1190991,7200
#605,1248984,7200
605,1.19178e+06,7200,96207.9
#665,1239215,8352
#665,1207133,8352
#665,1211146,8352
#665,1236508,8352
#665,1633568,8352
665,1.30551e+06,8352,329073
#731,1510864,8352
#731,1439544,8352
#731,1498002,8352
#731,1571363,8352
#731,1496756,8352
731,1.50331e+06,8352,84026.2
#804,1560360,9760
#804,1598608,9760
#804,1586523,9760
#804,1546312,9760
#804,1555415,9760
804,1.56944e+06,9760,39564.2
#884,1544511,11424
#884,1549724,11424
#884,1656244,11424
#884,1612535,11424
#884,1615122,11424
884,1.59563e+06,11424,85136.5
#972,1990003,11424
#972,2345813,11424
#972,1938271,11424
#972,1991301,11424
#972,1986391,11424
972,2.05036e+06,11424,298100
#1069,1926401,13344
#1069,1953126,13344
#1069,2008306,13344
#1069,2027536,13344
#1069,2034254,13344
1069,1.98992e+06,13344,85355.6
#1175,2537903,13344
#1175,2613912,13344
#1175,2567514,13344
#1175,2636986,13344
#1175,2516201,13344
1175,2.5745e+06,13344,90530.5
#1292,2483997,15520
#1292,2476322,15520
#1292,2401984,15520
#1292,2485601,15520
#1292,2493566,15520
1292,2.46829e+06,15520,67208.7
#1421,3012223,15520
#1421,3055664,15520
#1421,3005302,15520
#1421,3012162,15520
#1421,3279192,15520
1421,3.07291e+06,15520,209368
#1563,3579536,18080
#1563,3386575,18080
#1563,3115383,18080
#1563,3147486,18080
#1563,3080363,18080
1563,3.26187e+06,18080,383614
#1719,3311076,21024
#1719,3106960,21024
#1719,3127689,21024
#1719,3082178,21024
#1719,3086936,21024
1719,3.14297e+06,21024,171173
#1890,4450052,21024
#1890,4102748,21024
#1890,3965466,21024
#1890,3962901,21024
#1890,3981539,21024
1890,4.09254e+06,21024,372230
#2079,4033572,24480
#2079,4032233,24480
#2079,4021988,24480
#2079,4000296,24480
#2079,4089233,24480
2079,4.03546e+06,24480,58811.7
#2286,4867930,24480
#2286,4862133,24480
#2286,4915731,24480
#2286,4798921,24480
#2286,4947781,24480
2286,4.8785e+06,24480,101581
#2514,4974731,28576
#2514,4998847,28576
#2514,4985781,28576
#2514,4850439,28576
#2514,5387612,28576
2514,5.03948e+06,28576,364043
#2765,8074088,33312
#2765,6968697,33312
#2765,9587667,33312
#2765,7371409,33312
#2765,11456919,33312
2765,8.69176e+06,33312,3.29151e+06
#3041,6629703,33312
#3041,6824493,33312
#3041,6494281,33312
#3041,6463820,33312
#3041,6447007,33312
3041,6.57186e+06,33312,283477
#3345,16021522,38816
#3345,14096708,38816
#3345,9544828,38816
#3345,8289386,38816
#3345,8302085,38816
3345,1.12509e+07,38816,6.40214e+06
#3679,13108211,45216
#3679,10872550,45216
#3679,10802076,45216
#3679,10275094,45216
#3679,10578268,45216
3679,1.11272e+07,45216,2.02433e+06
#4046,12836640,45216
#4046,9005102,45216
#4046,9020883,45216
#4046,9084649,45216
#4046,9081568,45216
4046,9.80577e+06,45216,3.03154e+06
#4450,9093124,52768
#4450,8568936,52768
#4450,8518865,52768
#4450,8561784,52768
#4450,8577292,52768
4450,8.664e+06,52768,431013
#4895,10705223,52768
#4895,10363733,52768
#4895,10431286,52768
#4895,10398934,52768
#4895,10302356,52768
4895,1.04403e+07,52768,278378
#5384,10509064,61600
#5384,10721749,61600
#5384,10498540,61600
#5384,10839539,61600
#5384,11071535,61600
5384,1.07281e+07,61600,429959
#5922,11671569,71840
#5922,11503846,71840
#5922,11685645,71840
#5922,11589910,71840
#5922,11574860,71840
5922,1.16052e+07,71840,133576
#6514,13393634,71840
#6514,13218520,71840
#6514,13348637,71840
#6514,13203591,71840
#6514,13816411,71840
6514,1.33962e+07,71840,444985
#7165,14634057,83744
#7165,14285303,83744
#7165,14379902,83744
#7165,14123269,83744
#7165,14284870,83744
7165,1.43415e+07,83744,335922
#7881,16704978,83744
#7881,16690657,83744
#7881,16763032,83744
#7881,16816846,83744
#7881,17562754,83744
7881,1.69077e+07,83744,661201
#8669,22591027,97696
#8669,20773138,97696
#8669,23154994,97696
#8669,19024242,97696
#8669,21602553,97696
8669,2.14292e+07,97696,2.90826e+06
#9535,18791177,113952
#9535,21392207,113952
#9535,18180877,113952
#9535,19118588,113952
#9535,19261502,113952
9535,1.93489e+07,113952,2.1746e+06
