#1,346,256
#1,75,256
#1,30,256
#1,29,256
#1,27,256
1,101.4,256,247.227
#2,67,256
#2,44,256
#2,34,256
#2,33,256
#2,33,256
2,42.2,256,26.1503
#3,50,256
#3,48,256
#3,36,256
#3,38,256
#3,37,256
3,41.8,256,11.8929
#4,57,256
#4,43,256
#4,42,256
#4,42,256
#4,42,256
4,45.2,256,11.8254
#5,58,256
#5,53,256
#5,46,256
#5,47,256
#5,47,256
5,50.2,256,9.24338
#6,66,256
#6,61,256
#6,68,256
#6,52,256
#6,51,256
6,59.6,256,14.0057
#7,67,256
#7,67,256
#7,64,256
#7,64,256
#7,63,256
7,65,256,3.34664
#8,102,256
#8,105,256
#8,69,256
#8,70,256
#8,69,256
8,83,256,33.538
#9,76,256
#9,84,256
#9,78,256
#9,81,256
#9,82,256
9,80.2,256,5.71314
#10,80,256
#10,83,256
#10,80,256
#10,79,256
#10,80,256
10,80.4,256,2.71293
#11,97,256
#11,86,256
#11,84,256
#11,83,256
#11,82,256
11,86.4,256,10.9252
#12,90,256
#12,90,256
#12,88,256
#12,87,256
#12,90,256
12,89,256,2.52982
#13,96,384
#13,96,384
#13,96,384
#13,95,384
#13,90,384
13,94.6,384,4.66476
#14,104,384
#14,96,384
#14,97,384
#14,97,384
#14,97,384
14,98.2,384,5.8515
#15,105,384
#15,102,384
#15,102,384
#15,101,384
#15,100,384
15,102,384,3.34664
#16,109,384
#16,106,384
#16,107,384
#16,106,384
#16,102,384
16,106,384,4.5607
#17,109,384
#17,110,384
#17,112,384
#17,112,384
#17,111,384
17,110.8,384,2.33238
#18,119,384
#18,123,384
#18,124,384
#18,118,384
#18,118,384
18,120.4,384,5.15364
#19,120,384
#19,121,384
#19,118,384
#19,120,384
#19,121,384
19,120,384,2.19089
#20,162,384
#20,140,384
#20,140,384
#20,139,384
#20,137,384
20,143.6,384,18.53
#21,177,384
#21,160,384
#21,162,384
#21,146,384
#21,145,384
21,158,384,23.5627
#22,163,384
#22,161,384
#22,157,384
#22,162,384
#22,147,384
22,158,384,11.7303
#23,175,384
#23,171,384
#23,161,384
#23,144,384
#23,138,384
23,157.8,384,29.1589
#24,163,384
#24,177,384
#24,171,384
#24,172,384
#24,157,384
24,168,384,14.1986
#25,168,384
#25,154,384
#25,155,384
#25,157,384
#25,147,384
25,156.2,384,13.5882
#26,219,640
#26,195,640
#26,171,640
#26,164,640
#26,152,640
26,180.2,640,47.8899
#27,201,640
#27,184,640
#27,185,640
#27,152,640
#27,154,640
27,175.2,640,38.2288
#28,159,640
#28,170,640
#28,175,640
#28,161,640
#28,163,640
28,165.6,640,11.9733
#29,201,640
#29,196,640
#29,184,640
#29,179,640
#29,178,640
29,187.6,640,18.53
#30,212,640
#30,198,640
#30,197,640
#30,180,640
#30,180,640
30,193.4,640,24.3179
#31,185,640
#31,173,640
#31,175,640
#31,176,640
#31,177,640
31,177.2,640,8.2365
#32,192,640
#32,193,640
#32,190,640
#32,181,640
#32,182,640
32,187.6,640,10.1666
#33,179,640
#33,198,640
#33,196,640
#33,196,640
#33,182,640
33,190.2,640,16.02
#34,236,640
#34,238,640
#34,221,640
#34,220,640
#34,195,640
34,222,640,30.8026
#35,208,640
#35,202,640
#35,192,640
#35,191,640
#35,189,640
35,196.4,640,14.6751
#36,237,640
#36,229,640
#36,209,640
#36,210,640
#36,211,640
36,219.2,640,23.1309
#37,258,640
#37,250,640
#37,248,640
#37,211,640
#37,200,640
37,233.4,640,46.5721
#38,272,640
#38,257,640
#38,247,640
#38,231,640
#38,215,640
38,244.4,640,39.711
#39,247,896
#39,246,896
#39,221,896
#39,212,896
#39,209,896
39,227,896,32.8146
#40,289,896
#40,275,896
#40,258,896
#40,246,896
#40,235,896
40,260.6,896,38.8762
#42,320,896
#42,260,896
#42,240,896
#42,237,896
#42,224,896
42,256.2,896,67.8398
#44,354,896
#44,327,896
#44,279,896
#44,258,896
#44,245,896
44,292.6,896,82.9516
#46,324,896
#46,314,896
#46,305,896
#46,263,896
#46,248,896
46,290.8,896,59.6443
#48,292,896
#48,293,896
#48,278,896
#48,262,896
#48,262,896
48,277.4,896,27.294
#50,382,896
#50,376,896
#50,331,896
#50,280,896
#50,276,896
50,329,896,90.4743
#52,272,1152
#52,285,1152
#52,285,1152
#52,287,1152
#52,271,1152
52,280,1152,13.9714
#54,328,1152
#54,331,1152
#54,316,1152
#54,320,1152
#54,311,1152
54,321.2,1152,14.827
#56,434,1152
#56,442,1152
#56,367,1152
#56,347,1152
#56,328,1152
56,383.6,1152,92.335
#58,362,1152
#58,363,1152
#58,324,1152
#58,316,1152
#58,311,1152
58,335.2,1152,45.3502
#60,388,1152
#60,372,1152
#60,342,1152
#60,320,1152
#60,315,1152
60,347.4,1152,57.1538
#63,484,1152
#63,456,1152
#63,401,1152
#63,358,1152
#63,351,1152
63,410,1152,105.292
#66,460,1408
#66,427,1408
#66,377,1408
#66,362,1408
#66,361,1408
66,397.4,1408,78.939
#69,533,1408
#69,516,1408
#69,466,1408
#69,459,1408
#69,443,1408
69,483.4,1408,69.5885
#72,555,1408
#72,534,1408
#72,452,1408
#72,409,1408
#72,407,1408
72,471.4,1408,124.339
#75,491,1408
#75,483,1408
#75,424,1408
#75,409,1408
#75,394,1408
75,440.2,1408,78.9065
#78,564,1536
#78,516,1536
#78,476,1536
#78,438,1536
#78,434,1536
78,485.6,1536,98.3512
#81,602,1536
#81,570,1536
#81,480,1536
#81,453,1536
#81,433,1536
81,507.6,1536,133.006
#85,646,1536
#85,651,1536
#85,553,1536
#85,483,1536
#85,484,1536
85,563.4,1536,147.982
#89,591,1536
#89,563,1536
#89,469,1536
#89,461,1536
#89,463,1536
89,509.4,1536,111.926
#93,674,1664
#93,615,1664
#93,521,1664
#93,489,1664
#93,478,1664
93,555.4,1664,152.843
#97,602,1664
#97,607,1664
#97,549,1664
#97,531,1664
#97,523,1664
97,562.4,1664,70.8531
#101,675,1664
#101,678,1664
#101,603,1664
#101,537,1664
#101,523,1664
101,603.2,1664,131.346
#106,616,1792
#106,601,1792
#106,587,1792
#106,577,1792
#106,579,1792
106,592,1792,29.3394
#111,836,1792
#111,787,1792
#111,626,1792
#111,623,1792
#111,614,1792
111,697.2,1792,189.371
#116,980,1792
#116,906,1792
#116,688,1792
#116,663,1792
#116,650,1792
116,777.4,1792,275.529
#121,779,1920
#121,759,1920
#121,671,1920
#121,649,1920
#121,642,1920
121,700,1920,114.989
#127,794,1920
#127,770,1920
#127,716,1920
#127,676,1920
#127,674,1920
127,726,1920,97.4228
#133,1187,2048
#133,1032,2048
#133,826,2048
#133,796,2048
#133,735,2048
133,915.2,2048,337.23
#139,924,2048
#139,877,2048
#139,761,2048
#139,732,2048
#139,735,2048
139,805.8,2048,158.762
#145,974,2176
#145,953,2176
#145,761,2176
#145,748,2176
#145,727,2176
145,832.6,2176,215.268
#152,1103,2176
#152,1061,2176
#152,877,2176
#152,861,2176
#152,814,2176
152,943.2,2176,231.939
#159,1009,2304
#159,1004,2304
#159,898,2304
#159,867,2304
#159,861,2304
159,927.8,2304,130.986
#166,1159,2304
#166,1030,2304
#166,855,2304
#166,854,2304
#166,852,2304
166,950,2304,249.681
#174,1452,2432
#174,1185,2432
#174,983,2432
#174,966,2432
#174,950,2432
174,1107.2,2432,384.723
#182,1097,2560
#182,1052,2560
#182,1011,2560
#182,985,2560
#182,969,2560
182,1022.8,2560,93.0411
#191,1544,2560
#191,1261,2560
#191,1021,2560
#191,984,2560
#191,970,2560
191,1156,2560,441.791
#200,1700,2688
#200,1358,2688
#200,1126,2688
#200,1092,2688
#200,1091,2688
200,1273.4,2688,470.784
#210,1637,2816
#210,1499,2816
#210,1205,2816
#210,1165,2816
#210,1154,2816
210,1332,2816,396.602
#220,1705,2816
#220,1570,2816
#220,1368,2816
#220,1281,2816
#220,1264,2816
220,1437.6,2816,344.717
#231,2142,2944
#231,1754,2944
#231,1315,2944
#231,1266,2944
#231,1260,2944
231,1547.4,2944,699.73
#242,2411,3072
#242,1991,3072
#242,1517,3072
#242,1446,3072
#242,1450,3072
242,1763,3072,764.65
#254,2017,3200
#254,1779,3200
#254,1493,3200
#254,1482,3200
#254,1393,3200
254,1632.8,3200,463.701
#266,2033,3328
#266,1803,3328
#266,1542,3328
#266,1500,3328
#266,1493,3328
266,1674.2,3328,425.19
#279,2484,3456
#279,2161,3456
#279,1587,3456
#279,1537,3456
#279,1523,3456
279,1858.4,3456,786.074
#292,2286,3584
#292,1923,3584
#292,1671,3584
#292,1631,3584
#292,1619,3584
292,1826,3584,510.614
#306,2192,3712
#306,1990,3712
#306,1735,3712
#306,1693,3712
#306,1704,3712
306,1862.8,3712,394.902
#321,2726,3840
#321,2366,3840
#321,1967,3840
#321,1837,3840
#321,1801,3840
321,2139.4,3840,710.566
#337,2696,4096
#337,2243,4096
#337,1989,4096
#337,1937,4096
#337,1943,4096
337,2161.6,4096,579.815
#353,2658,4224
#353,2306,4224
#353,1966,4224
#353,1893,4224
#353,1892,4224
353,2143,4224,599.082
#370,3234,4352
#370,2736,4352
#370,2295,4352
#370,2257,4352
#370,2149,4352
370,2534.2,4352,806.414
#388,3424,4480
#388,2910,4480
#388,2413,4480
#388,2296,4480
#388,2272,4480
388,2663,4480,890.034
#407,3486,4736
#407,2818,4736
#407,2467,4736
#407,2446,4736
#407,2401,4736
407,2723.6,4736,818.36
#427,3215,4864
#427,2940,4864
#427,2545,4864
#427,2471,4864
#427,2469,4864
427,2728,4864,599.154
#448,3709,5120
#448,3160,5120
#448,2783,5120
#448,2674,5120
#448,2670,5120
448,2999.2,5120,795.257
#470,3764,5376
#470,3391,5376
#470,2945,5376
#470,2848,5376
#470,2767,5376
470,3143,5376,756.175
#493,3774,5632
#493,3238,5632
#493,2847,5632
#493,2721,5632
#493,2697,5632
493,3055.4,5632,816.546
#517,4293,5888
#517,3857,5888
#517,3221,5888
#517,3007,5888
#517,2965,5888
517,3468.6,5888,1042.49
#542,4784,6144
#542,4060,6144
#542,3422,6144
#542,3197,6144
#542,3207,6144
542,3734,6144,1223.84
#569,4964,6400
#569,4335,6400
#569,3738,6400
#569,3595,6400
#569,3467,6400
569,4019.8,6400,1115.82
#597,4182,6656
#597,3841,6656
#597,3574,6656
#597,3505,6656
#597,3477,6656
597,3715.8,6656,532.606
#626,5364,6912
#626,4542,6912
#626,3895,6912
#626,3726,6912
#626,3642,6912
626,4233.8,6912,1294.67
#657,5663,7168
#657,4999,7168
#657,4178,7168
#657,3956,7168
#657,3942,7168
657,4547.6,7168,1356.83
#689,5659,7680
#689,4835,7680
#689,4054,7680
#689,4008,7680
#689,4010,7680
689,4513.2,7680,1307.12
#723,5017,7936
#723,4836,7936
#723,4313,7936
#723,4292,7936
#723,4237,7936
723,4539,7936,644.969
#759,5727,8192
#759,5235,8192
#759,4716,8192
#759,4601,8192
#759,4610,8192
759,4977.8,8192,882.382
#796,6390,8704
#796,5684,8704
#796,4993,8704
#796,4862,8704
#796,4751,8704
796,5336,8704,1238.25
#835,6505,8960
#835,5757,8960
#835,5089,8960
#835,4881,8960
#835,4852,8960
835,5416.8,8960,1269.16
#876,6961,9472
#876,6216,9472
#876,5474,9472
#876,5229,9472
#876,5192,9472
876,5814.4,9472,1362.91
#919,9266,9728
#919,8092,9728
#919,6788,9728
#919,6247,9728
#919,6047,9728
919,7288,9728,2438.47
#964,7531,10496
#964,6848,10496
#964,6202,10496
#964,5993,10496
#964,5887,10496
964,6492.2,10496,1234.63
#1012,8911,10880
#1012,8008,10880
#1012,6664,10880
#1012,6351,10880
#1012,6191,10880
1012,7225,10880,2117.25
#1062,8886,11264
#1062,8143,11264
#1062,7110,11264
#1062,6753,11264
#1062,6465,11264
1062,7471.4,11264,1813.66
#1115,8641,12032
#1115,7792,12032
#1115,6961,12032
#1115,6631,12032
#1115,6578,12032
1115,7320.6,12032,1580.38
#1170,8980,12416
#1170,8256,12416
#1170,7280,12416
#1170,7012,12416
#1170,6952,12416
1170,7696,12416,1589.14
#1228,11738,12800
#1228,10368,12800
#1228,8995,12800
#1228,8378,12800
#1228,7916,12800
1228,9479,12800,2797.55
#1289,11064,13568
#1289,9947,13568
#1289,9065,13568
#1289,8698,13568
#1289,8349,13568
1289,9424.6,13568,1954.42
#1353,11383,14336
#1353,10427,14336
#1353,9577,14336
#1353,9061,14336
#1353,8754,14336
1353,9840.4,14336,1914.33
#1420,11287,14720
#1420,10250,14720
#1420,9325,14720
#1420,8965,14720
#1420,8784,14720
1420,9722.2,14720,1863.01
#1491,12277,15744
#1491,11449,15744
#1491,10346,15744
#1491,9563,15744
#1491,9363,15744
1491,10599.6,15744,2227.68
#1565,13846,16256
#1565,12489,16256
#1565,11310,16256
#1565,10542,16256
#1565,10086,16256
1565,11654.6,16256,2729.92
#1643,13574,17280
#1643,11913,17280
#1643,10782,17280
#1643,10269,17280
#1643,10216,17280
1643,11350.8,17280,2536.18
#1725,14895,17792
#1725,13995,17792
#1725,12606,17792
#1725,11679,17792
#1725,11328,17792
1725,12900.6,17792,2716.98
#1811,16604,18816
#1811,15462,18816
#1811,13862,18816
#1811,12808,18816
#1811,12282,18816
1811,14203.6,18816,3237.58
#1901,14519,19968
#1901,13611,19968
#1901,12687,19968
#1901,12327,19968
#1901,12015,19968
1901,13031.8,19968,1832.32
#1996,16627,20608
#1996,15323,20608
#1996,14266,20608
#1996,13485,20608
#1996,13216,20608
1996,14583.4,20608,2514.01
#2095,17164,21888
#2095,15963,21888
#2095,14492,21888
#2095,13886,21888
#2095,13506,21888
2095,15002.2,21888,2733.69
#2199,20323,22528
#2199,19033,22528
#2199,17470,22528
#2199,16379,22528
#2199,15900,22528
2199,17821,22528,3301.12
#2308,19825,23808
#2308,18701,23808
#2308,17236,23808
#2308,16476,23808
#2308,16128,23808
2308,17673.2,23808,2785.49
#2423,20657,25344
#2423,19219,25344
#2423,17730,25344
#2423,16907,25344
#2423,16478,25344
2423,18198.2,25344,3089.75
#2544,21135,26112
#2544,19967,26112
#2544,18265,26112
#2544,17314,26112
#2544,17004,26112
2544,18737,26112,3164.09
#2671,22289,27648
#2671,21231,27648
#2671,19751,27648
#2671,18920,27648
#2671,18246,27648
2671,20087.4,27648,2969.39
#2804,23896,28416
#2804,22436,28416
#2804,20528,28416
#2804,19580,28416
#2804,18692,28416
2804,21026.4,28416,3795.94
#2944,25627,30208
#2944,24816,30208
#2944,23483,30208
#2944,22225,30208
#2944,21427,30208
2944,23515.6,30208,3121.28
#3091,26003,32000
#3091,24556,32000
#3091,22902,32000
#3091,22066,32000
#3091,21571,32000
3091,23419.6,32000,3284.24
#3245,27687,32896
#3245,25940,32896
#3245,24012,32896
#3245,23278,32896
#3245,22867,32896
3245,24756.8,32896,3610.98
#3407,28384,34944
#3407,27370,34944
#3407,24965,34944
#3407,23950,34944
#3407,23332,34944
3407,25600.2,34944,3914.39
#3577,32515,36992
#3577,31299,36992
#3577,29198,36992
#3577,27577,36992
#3577,26977,36992
3577,29513.2,36992,4240.79
#3755,32089,38016
#3755,32173,38016
#3755,28451,38016
#3755,27167,38016
#3755,26415,38016
3755,29259,38016,4867.69
#3942,34058,40320
#3942,32596,40320
#3942,30338,40320
#3942,28804,40320
#3942,28152,40320
3942,30789.6,40320,4476.52
#4139,34593,42624
#4139,33509,42624
#4139,31544,42624
#4139,30320,42624
#4139,29295,42624
4139,31852.2,42624,3923.15
#4345,41230,43904
#4345,40129,43904
#4345,38293,43904
#4345,36474,43904
#4345,35252,43904
4345,38275.6,43904,4431.87
#4562,39496,46464
#4562,40138,46464
#4562,36464,46464
#4562,34917,46464
#4562,33732,46464
4562,36949.4,46464,5009.61
#4790,42288,49280
#4790,40875,49280
#4790,38409,49280
#4790,36939,49280
#4790,36115,49280
4790,38925.2,49280,4666.38
#5029,45645,50688
#5029,44715,50688
#5029,42622,50688
#5029,40931,50688
#5029,40023,50688
5029,42787.2,50688,4289.24
#5280,50356,53632
#5280,49008,53632
#5280,47225,53632
#5280,45152,53632
#5280,44072,53632
5280,47162.6,53632,4664.89
#5544,46119,56704
#5544,44812,56704
#5544,42288,56704
#5544,41050,56704
#5544,39872,56704
5544,42828.2,56704,4643.94
#5821,54497,58368
#5821,53655,58368
#5821,51264,58368
#5821,49327,58368
#5821,48228,58368
5821,51394.2,58368,4821.09
#6112,57526,61696
#6112,56850,61696
#6112,54419,61696
#6112,53125,61696
#6112,51726,61696
6112,54729.2,61696,4382.58
#6417,58800,65280
#6417,57523,65280
#6417,55386,65280
#6417,53087,65280
#6417,52763,65280
6417,55511.8,65280,4758.87
#6737,60372,69120
#6737,59249,69120
#6737,56963,69120
#6737,55626,69120
#6737,54357,69120
6737,57313.4,69120,4455.29
#7073,64391,71040
#7073,63546,71040
#7073,61430,71040
#7073,59869,71040
#7073,58715,71040
7073,61590.2,71040,4282.49
#7426,67023,75136
#7426,65873,75136
#7426,63437,75136
#7426,61846,75136
#7426,60158,75136
7426,63667.4,75136,5044.7
#7797,67535,79488
#7797,67269,79488
#7797,64873,79488
#7797,63471,79488
#7797,62453,79488
7797,65120.2,79488,4034.21
#8186,77328,81792
#8186,76573,81792
#8186,74206,81792
#8186,73099,81792
#8186,71423,81792
8186,74525.8,81792,4364.29
#8595,81618,86528
#8595,80761,86528
#8595,78696,86528
#8595,77279,86528
#8595,75918,86528
8595,78854.4,86528,4233.39
#9024,79215,91520
#9024,78674,91520
#9024,80631,91520
#9024,75432,91520
#9024,74250,91520
9024,77640.4,91520,4805.27
#9475,84173,96768
#9475,83664,96768
#9475,80380,96768
#9475,79265,96768
#9475,77822,96768
9475,81060.8,96768,4951.01
#9948,91814,99456
#9948,92068,99456
#9948,89677,99456
#9948,88457,99456
#9948,87437,99456
9948,89890.6,99456,3639.95
#10445,97441,105216
#10445,97630,105216
#10445,95601,105216
#10445,93788,105216
#10445,92811,105216
10445,95454.2,105216,3843.51
#10967,95505,111232
#10967,94581,111232
#10967,92635,111232
#10967,91539,111232
#10967,89981,111232
10967,92848.2,111232,4004.15
#11515,99963,117632
#11515,98851,117632
#11515,96839,117632
#11515,95890,117632
#11515,95029,117632
11515,97314.4,117632,3671.97
#12090,112965,120960
#12090,112597,120960
#12090,110256,120960
#12090,109413,120960
#12090,108453,120960
12090,110737,120960,3535.49
#12694,113383,127872
#12694,113655,127872
#12694,111487,127872
#12694,110552,127872
#12694,109365,127872
12694,111688,127872,3282.6
#13328,119818,135168
#13328,119254,135168
#13328,117539,135168
#13328,116282,135168
#13328,115584,135168
13328,117695,135168,3275.95
#13994,135324,139008
#13994,135332,139008
#13994,137277,139008
#13994,141911,139008
#13994,128643,139008
13994,135697,139008,8538.92
#14693,143676,146944
#14693,144386,146944
#14693,144166,146944
#14693,141903,146944
#14693,141945,146944
14693,143215,146944,2158.22
#15427,147729,155264
#15427,147200,155264
#15427,146147,155264
#15427,147456,155264
#15427,144896,155264
15427,146686,155264,2086.06
#16198,147296,164096
#16198,146863,164096
#16198,146982,164096
#16198,143811,164096
#16198,143635,164096
16198,145717,164096,3271
#17007,159919,173440
#17007,159153,173440
#17007,156960,173440
#17007,156480,173440
#17007,155917,173440
17007,157686,173440,3130.4
#17857,168494,178304
#17857,168281,178304
#17857,166473,178304
#17857,165724,178304
#17857,165033,178304
17857,166801,178304,2749.54
#18749,178206,188416
#18749,178762,188416
#18749,176536,188416
#18749,176446,188416
#18749,176894,188416
18749,177369,188416,1878.82
#19686,194692,199040
#19686,183057,199040
#19686,181453,199040
#19686,181153,199040
#19686,180013,199040
19686,184074,199040,10795.2
#20670,190487,210432
#20670,190836,210432
#20670,189279,210432
#20670,188755,210432
#20670,190468,210432
20670,189965,210432,1604.7
#21703,206835,216320
#21703,206927,216320
#21703,205602,216320
#21703,223659,216320
#21703,210778,216320
21703,210760,216320,13359.3
#22788,215697,228608
#22788,216105,228608
#22788,214351,228608
#22788,214636,228608
#22788,213828,228608
22788,214923,228608,1698.18
#23927,224720,241536
#23927,224860,241536
#23927,223349,241536
#23927,223295,241536
#23927,222614,241536
23927,223768,241536,1750.38
#25123,243002,255232
#25123,242783,255232
#25123,241338,255232
#25123,241130,255232
#25123,240673,255232
25123,241785,255232,1863.86
#26379,263223,262400
#26379,265213,262400
#26379,264796,262400
#26379,266399,262400
#26379,264327,262400
26379,264792,262400,2085.7
#27697,265629,277248
#27697,266047,277248
#27697,264610,277248
#27697,264436,277248
#27697,264006,277248
27697,264946,277248,1532.39
#29081,277778,292992
#29081,276832,292992
#29081,291774,292992
#29081,282558,292992
#29081,282476,292992
29081,282284,292992,10590.6
#30535,286599,309632
#30535,289702,309632
#30535,286716,309632
#30535,286562,309632
#30535,286215,309632
30535,287159,309632,2565.03
#32061,330679,318336
#32061,325020,318336
#32061,322266,318336
#32061,323134,318336
#32061,321652,318336
32061,324550,318336,6536.4
#33664,336706,336256
#33664,337790,336256
#33664,336928,336256
#33664,337143,336256
#33664,336715,336256
33664,337056,336256,800.744
#35347,346702,355200
#35347,348001,355200
#35347,347579,355200
#35347,348606,355200
#35347,427960,355200
35347,363770,355200,64202.4
#37114,365901,375296
#37114,366505,375296
#37114,365460,375296
#37114,365152,375296
#37114,365627,375296
37114,365729,375296,915.403
#38969,381445,396544
#38969,381800,396544
#38969,380516,396544
#38969,381124,396544
#38969,380923,396544
38969,381162,396544,877.73
#40917,419820,407552
#40917,420247,407552
#40917,422023,407552
#40917,418760,407552
#40917,418716,407552
40917,419913,407552,2422.32
#42962,457502,430592
#42962,458191,430592
#42962,458051,430592
#42962,458149,430592
#42962,457204,430592
42962,457819,430592,789.846
#45110,457382,454912
#45110,458690,454912
#45110,459037,454912
#45110,457954,454912
#45110,458343,454912
45110,458281,454912,1151.62
#47365,489238,480640
#47365,490318,480640
#47365,490557,480640
#47365,489969,480640
#47365,489726,480640
47365,489962,480640,921.165
#49733,530759,494080
#49733,533328,494080
#49733,532417,494080
#49733,534375,494080
#49733,532399,494080
49733,532656,494080,2388.02
#52219,547401,522112
#52219,547907,522112
#52219,548441,522112
#52219,548659,522112
#52219,548181,522112
52219,548118,522112,876.168
#54829,563261,551680
#54829,562982,551680
#54829,565765,551680
#54829,587742,551680
#54829,577129,551680
54829,571376,551680,19364.7
#57570,603183,582784
#57570,603546,582784
#57570,607080,582784
#57570,603701,582784
#57570,604257,582784
57570,604353,582784,2812.97
#60448,651473,599040
#60448,653918,599040
#60448,653926,599040
#60448,659984,599040
#60448,653824,599040
60448,654625,599040,5676.9
#63470,691920,632832
#63470,696970,632832
#63470,693621,632832
#63470,693210,632832
#63470,693343,632832
63470,693813,632832,3367.07
#66643,710491,668672
#66643,709488,668672
#66643,711432,668672
#66643,711749,668672
#66643,711385,668672
66643,710909,668672,1649.16
#69975,738273,706560
#69975,739521,706560
#69975,740446,706560
#69975,739307,706560
#69975,737400,706560
69975,738989,706560,2106.1
#73473,763293,746496
#73473,763488,746496
#73473,763383,746496
#73473,763020,746496
#73473,765050,746496
73473,763647,746496,1437.17
#77146,845484,767232
#77146,847385,767232
#77146,844708,767232
#77146,846088,767232
#77146,848324,767232
77146,846398,767232,2603.27
#81003,892062,810624
#81003,895394,810624
#81003,895142,810624
#81003,892082,810624
#81003,894143,810624
81003,893765,810624,2887.95
#85053,913947,856320
#85053,918537,856320
#85053,915786,856320
#85053,915310,856320
#85053,914819,856320
85053,915680,856320,3105.5
#89305,956110,904576
#89305,955166,904576
#89305,955980,904576
#89305,956740,904576
#89305,956432,904576
89305,956086,904576,1060.43
#93770,1057501,929792
#93770,1059410,929792
#93770,1058129,929792
#93770,1057820,929792
#93770,1058984,929792
93770,1.05837e+06,929792,1435.08
#98458,1102598,982272
#98458,1102529,982272
#98458,1104283,982272
#98458,1111994,982272
#98458,1103412,982272
98458,1.10496e+06,982272,7145.38
#103380,1136840,1037696
#103380,1139785,1037696
#103380,1137997,1037696
#103380,1138027,1037696
#103380,1138033,1037696
103380,1.13814e+06,1037696,1884.81
#108549,1201090,1096320
#108549,1164859,1096320
#108549,1166236,1096320
#108549,1166186,1096320
#108549,1167231,1096320
108549,1.17312e+06,1096320,28010.2
#113976,1214888,1158144
#113976,1207150,1158144
#113976,1205300,1158144
#113976,1205554,1158144
#113976,1206824,1158144
113976,1.20794e+06,1158144,7088.4
#119674,1345914,1190400
#119674,1348192,1190400
#119674,1350903,1190400
#119674,1348534,1190400
#119674,1348908,1190400
119674,1.34849e+06,1190400,3190.46
#125657,1402392,1257600
#125657,1404568,1257600
#125657,1401173,1257600
#125657,1402480,1257600
#125657,1401832,1257600
125657,1.40249e+06,1257600,2279.52
#131939,1477607,1328512
#131939,1466101,1328512
#131939,1462871,1328512
#131939,1458830,1328512
#131939,1459369,1328512
131939,1.46496e+06,1328512,13695.2
#138535,1519267,1403520
#138535,1515864,1403520
#138535,1513838,1403520
#138535,1514643,1403520
#138535,1517084,1403520
138535,1.51614e+06,1403520,3824.72
#145461,1681388,1442560
#145461,1678284,1442560
#145461,1681057,1442560
#145461,1678187,1442560
#145461,1677725,1442560
145461,1.67933e+06,1442560,3123.39
#152734,1778569,1523840
#152734,1724950,1523840
#152734,1717781,1523840
#152734,1718203,1523840
#152734,1719548,1523840
152734,1.73181e+06,1523840,47038.6
#160370,1792597,1609728
#160370,1786090,1609728
#160370,1786115,1609728
#160370,1783686,1609728
#160370,1781553,1609728
160370,1.78601e+06,1609728,7411.98
#168388,1869569,1700480
#168388,1871482,1700480
#168388,1858448,1700480
#168388,1858950,1700480
#168388,1858695,1700480
168388,1.86343e+06,1700480,11656.2
#176807,1947026,1796352
#176807,1919836,1796352
#176807,1916963,1796352
#176807,1910357,1796352
#176807,1915014,1796352
176807,1.92184e+06,1796352,25932.1
#185647,2138013,1846272
#185647,2128033,1846272
#185647,2125491,1846272
#185647,2122745,1846272
#185647,2126298,1846272
185647,2.12812e+06,1846272,10469
#194929,2264280,1950336
#194929,2220734,1950336
#194929,2780919,1950336
#194929,1871136,1950336
#194929,1840003,1950336
194929,2.19541e+06,1950336,680983
#204675,2378687,2060288
#204675,2248629,2060288
#204675,2230673,2060288
#204675,2226260,2060288
#204675,2228316,2060288
204675,2.26251e+06,2060288,117258
#214908,2496717,2176512
#214908,2333181,2176512
#214908,2343484,2176512
#214908,2357245,2176512
#214908,2358260,2176512
214908,2.37778e+06,2176512,120379
#225653,2655109,2237056
#225653,2620434,2237056
#225653,2592841,2237056
#225653,2596306,2237056
#225653,2592765,2237056
225653,2.61149e+06,2237056,48262.4
#236935,2769767,2363136
#236935,2727118,2363136
#236935,2716999,2363136
#236935,2716940,2363136
#236935,2713175,2363136
236935,2.7288e+06,2363136,42001.8
#248781,2909250,2496256
#248781,2839156,2496256
#248781,2817527,2496256
#248781,2815544,2496256
#248781,2820592,2496256
248781,2.84041e+06,2496256,70853.2
#261220,3110317,2636928
#261220,2935137,2636928
#261220,2854189,2636928
#261220,2851334,2636928
#261220,2847943,2636928
261220,2.91978e+06,2636928,201371
#274281,3323530,2785664
#274281,3046322,2785664
#274281,3019388,2785664
#274281,3025860,2785664
#274281,3012500,2785664
274281,3.08552e+06,2785664,239081
#287995,3396265,2863104
#287995,3380133,2863104
#287995,3321877,2863104
#287995,3368568,2863104
#287995,3347061,2863104
287995,3.36278e+06,2863104,51969.3
#302394,3604880,3024512
#302394,3464298,3024512
#302394,3439914,3024512
#302394,3436125,3024512
#302394,3435092,3024512
302394,3.47606e+06,3024512,130576
#317513,3744505,3195008
#317513,3512329,3195008
#317513,3480781,3195008
#317513,3601160,3195008
#317513,3561568,3195008
317513,3.58007e+06,3195008,183898
#333388,4026822,3375104
#333388,3623182,3375104
#333388,3927180,3375104
#333388,3663103,3375104
#333388,3708353,3375104
333388,3.78973e+06,3375104,316860
#350057,4174402,3468928
#350057,4077398,3468928
#350057,4038080,3468928
#350057,4177796,3468928
#350057,4133377,3468928
350057,4.12021e+06,3468928,109561
#367559,4351360,3664384
#367559,4200339,3664384
#367559,4279263,3664384
#367559,4264142,3664384
#367559,4251298,3664384
367559,4.26928e+06,3664384,97731.9
#385936,4646572,3870976
#385936,4407811,3870976
#385936,4370262,3870976
#385936,4361360,3870976
#385936,4344507,3870976
385936,4.4261e+06,3870976,224337
#405232,5042535,4089088
#405232,4575489,4089088
#405232,4677204,4089088
#405232,4650881,4089088
#405232,4660632,4089088
405232,4.72135e+06,4089088,328678
#425493,5648770,4319488
#425493,4762748,4319488
#425493,4730619,4319488
#425493,4691691,4319488
#425493,4738093,4319488
425493,4.91438e+06,4319488,735802
#446767,5403462,4439552
#446767,5300789,4439552
#446767,5245230,4439552
#446767,5349112,4439552
#446767,5250697,4439552
446767,5.30986e+06,4439552,120205
#469105,5697894,4689792
#469105,5468274,4689792
#469105,5503327,4689792
#469105,5461030,4689792
#469105,5428203,4689792
469105,5.51175e+06,4689792,192174
#492560,6070682,4953984
#492560,5681209,4953984
#492560,5668248,4953984
#492560,5663217,4953984
#492560,5636838,4953984
492560,5.74404e+06,4953984,327917
#517188,6727029,5233152
#517188,6245979,5233152
#517188,6232609,5233152
#517188,6295604,5233152
#517188,6086307,5233152
517188,6.31751e+06,5233152,432634
#543047,6942723,5378560
#543047,6799727,5378560
#543047,6769253,5378560
#543047,6740872,5378560
#543047,6731497,5378560
543047,6.79681e+06,5378560,153501
#570199,7573688,5681664
#570199,7424970,5681664
#570199,7353422,5681664
#570199,7258944,5681664
#570199,7425319,5681664
570199,7.40727e+06,5681664,206367
#598708,8369533,6001792
#598708,8026769,6001792
#598708,7944087,6001792
#598708,8550883,6001792
#598708,11135534,6001792
598708,8.80536e+06,6001792,2.3719e+06
#628643,9206907,6339968
#628643,9279419,6339968
#628643,8648866,6339968
#628643,9227106,6339968
#628643,9235764,6339968
628643,9.11961e+06,6339968,473123
#660075,10500824,6697088
#660075,9827689,6697088
#660075,9777806,6697088
#660075,9638605,6697088
#660075,9840390,6697088
660075,9.91706e+06,6697088,601049
#693078,10615807,6883200
#693078,10504201,6883200
#693078,10601478,6883200
#693078,10348275,6883200
#693078,10500104,6883200
693078,1.0514e+07,6883200,191355
#727731,11684626,7271040
#727731,11465961,7271040
#727731,11300252,7271040
#727731,11913796,7271040
#727731,11598783,7271040
727731,1.15927e+07,7271040,412968
#764117,12449398,7680640
#764117,12060116,7680640
#764117,12077206,7680640
#764117,12026521,7680640
#764117,12437730,7680640
764117,1.22102e+07,7680640,382556
#802322,14412498,8113280
#802322,13916019,8113280
#802322,14084011,8113280
#802322,14107221,8113280
#802322,14030856,8113280
802322,1.41101e+07,8113280,329946
#842438,15108759,8338688
#842438,14953837,8338688
#842438,15043785,8338688
#842438,14991142,8338688
#842438,14958346,8338688
842438,1.50112e+07,8338688,116845
#884559,17002555,8808448
#884559,16814448,8808448
#884559,16848075,8808448
#884559,16953725,8808448
#884559,19051309,8808448
884559,1.7334e+07,8808448,1.72271e+06
#928786,18939597,9304704
#928786,18971805,9304704
#928786,18981154,9304704
#928786,19091127,9304704
#928786,18678197,9304704
928786,1.89324e+07,9304704,273927
#975225,20565505,9828992
#975225,20155525,9828992
#975225,20272600,9828992
#975225,20370060,9828992
#975225,20509836,9828992
975225,2.03747e+07,9828992,300868
#1023986,21962231,10382720
#1023986,22271527,10382720
#1023986,21981410,10382720
#1023986,21980063,10382720
#1023986,23069135,10382720
1023986,2.22529e+07,10382720,848161
#1075185,24474650,10671232
#1075185,24298711,10671232
#1075185,25215899,10671232
#1075185,24142579,10671232
#1075185,24837338,10671232
1075185,2.45938e+07,10671232,775212
#1128944,26569232,11272448
#1128944,26515687,11272448
#1128944,26534015,11272448
#1128944,26420971,11272448
#1128944,26233685,11272448
1128944,2.64547e+07,11272448,241848
#1185391,31482812,11907584
#1185391,34091717,11907584
#1185391,39386843,11907584
#1185391,44312834,11907584
#1185391,44110213,11907584
1185391,3.86769e+07,11907584,1.03756e+07
#1244660,30489953,12578304
#1244660,30609972,12578304
#1244660,30460739,12578304
#1244660,30574603,12578304
#1244660,31672470,12578304
1244660,3.07615e+07,12578304,917367
#1306893,33199716,12927744
#1306893,33355473,12927744
#1306893,33548653,12927744
#1306893,33713422,12927744
#1306893,33691368,12927744
1306893,3.35017e+07,12927744,395557
#1372237,35785847,13656064
#1372237,35754446,13656064
#1372237,35809293,13656064
#1372237,35651832,13656064
#1372237,35971185,13656064
1372237,3.57945e+07,13656064,206823
#1440848,37921537,14425344
#1440848,38036754,14425344
#1440848,37847121,14425344
#1440848,37851714,14425344
#1440848,38219609,14425344
1440848,3.79753e+07,14425344,280082
#1512890,40084390,15238016
#1512890,40538655,15238016
#1512890,40380151,15238016
#1512890,40157477,15238016
#1512890,40289209,15238016
1512890,4.029e+07,15238016,322236
#1588534,43046902,16096384
#1588534,42737709,16096384
#1588534,42637137,16096384
#1588534,42958081,16096384
#1588534,42912926,16096384
1588534,4.28586e+07,16096384,299287
#1667960,46660514,16543616
#1667960,46602552,16543616
#1667960,46788674,16543616
#1667960,48249358,16543616
#1667960,48234041,16543616
1667960,4.7307e+07,16543616,1.53109e+06
#1751358,49395988,17475584
#1751358,49554662,17475584
#1751358,49469028,17475584
#1751358,49580665,17475584
#1751358,49878868,17475584
1751358,4.95758e+07,17475584,329913
#1838925,52016494,18460032
#1838925,52285904,18460032
#1838925,52500123,18460032
#1838925,52364314,18460032
#1838925,52462789,18460032
1838925,5.23259e+07,18460032,343976
#1930871,55101343,19499904
#1930871,55257731,19499904
#1930871,55930399,19499904
#1930871,55145889,19499904
#1930871,55319272,19499904
1930871,5.53509e+07,19499904,599872
#2027414,60287778,20041600
#2027414,64244787,20041600
#2027414,60739287,20041600
#2027414,60988387,20041600
#2027414,60626328,20041600
2027414,6.13773e+07,20041600,2.90266e+06
#2128784,63317794,21170688
#2128784,63810275,21170688
#2128784,63679700,21170688
#2128784,64067001,21170688
#2128784,63773855,21170688
2128784,6.37297e+07,21170688,485288
#2235223,66569601,22363264
#2235223,67040015,22363264
#2235223,66942745,22363264
#2235223,66917048,22363264
#2235223,67347367,22363264
2235223,6.69634e+07,22363264,498761
#2346984,71812278,23623040
#2346984,70396529,23623040
#2346984,70849409,23623040
#2346984,71009931,23623040
#2346984,70572080,23623040
2346984,7.0928e+07,23623040,981418
#2464333,73443159,24953728
#2464333,73981258,24953728
#2464333,74270711,24953728
#2464333,74032218,24953728
#2464333,75303805,24953728
2464333,7.42062e+07,24953728,1.22376e+06
#2587549,80310070,25646976
#2587549,80718124,25646976
#2587549,80957047,25646976
#2587549,80456626,25646976
#2587549,80921581,25646976
2587549,8.06727e+07,25646976,508367
#2716926,83825262,27091712
#2716926,84762105,27091712
#2716926,84805204,27091712
#2716926,84770196,27091712
#2716926,85223782,27091712
2716926,8.46773e+07,27091712,919475
#2852772,88405166,28617856
#2852772,88564518,28617856
#2852772,88611162,28617856
#2852772,89160427,28617856
#2852772,89089382,28617856
2852772,8.87661e+07,28617856,603271
#2995410,92563224,30229888
#2995410,93343540,30229888
#2995410,93110387,30229888
#2995410,93162591,30229888
#2995410,93592206,30229888
2995410,9.31544e+07,30229888,680553
#3145180,97504909,31932800
#3145180,97359476,31932800
#3145180,97740049,31932800
#3145180,97946426,31932800
#3145180,97704231,31932800
3145180,9.7651e+07,31932800,404345
#3302439,106118352,32819840
#3302439,107017410,32819840
#3302439,106592274,32819840
#3302439,106462320,32819840
#3302439,106669692,32819840
3302439,1.06572e+08,32819840,583898
#3467560,118508575,34668672
#3467560,118759084,34668672
#3467560,119252787,34668672
#3467560,119316540,34668672
#3467560,119612283,34668672
3467560,1.1909e+08,34668672,799079
#3640938,124072782,36621568
#3640938,124811508,36621568
#3640938,124944380,36621568
#3640938,124425665,36621568
#3640938,124851980,36621568
3640938,1.24621e+08,36621568,652943
#3822984,130210685,38684544
#3822984,130731719,38684544
#3822984,130830630,38684544
#3822984,130303940,38684544
#3822984,130610181,38684544
3822984,1.30537e+08,38684544,481902
#4014133,141171585,39759232
#4014133,141575829,39759232
#4014133,141758745,39759232
#4014133,141654310,39759232
#4014133,142620810,39759232
4014133,1.41756e+08,39759232,951734
#4214839,147832270,41998848
#4214839,148665386,41998848
#4214839,147383722,41998848
#4214839,147413073,41998848
#4214839,147311410,41998848
4214839,1.47721e+08,41998848,1.01216e+06
#4425580,153696581,44364672
#4425580,154305605,44364672
#4425580,154256856,44364672
#4425580,154310737,44364672
#4425580,154948975,44364672
4425580,1.54304e+08,44364672,793585
#4646859,160400874,46863744
#4646859,160861479,46863744
#4646859,161252806,46863744
#4646859,161054937,46863744
#4646859,161117345,46863744
4646859,1.60937e+08,46863744,592824
#4879201,168574277,49503616
#4879201,168409558,49503616
#4879201,168356697,49503616
#4879201,169144315,49503616
#4879201,168341794,49503616
4879201,1.68565e+08,49503616,602040
#5123161,182508500,50878720
#5123161,182742852,50878720
#5123161,182728945,50878720
#5123161,182719525,50878720
#5123161,183496169,50878720
5123161,1.82839e+08,50878720,679254
#5379319,190036428,53744640
#5379319,190789181,53744640
#5379319,190788792,53744640
#5379319,191234908,53744640
#5379319,191054939,53744640
5379319,1.90781e+08,53744640,817601
#5648284,248465432,56772096
#5648284,199564082,56772096
#5648284,198614698,56772096
#5648284,198494361,56772096
#5648284,199885048,56772096
5648284,2.09005e+08,56772096,3.94752e+07
#5930698,208180380,59970048
#5930698,208816892,59970048
#5930698,207713169,59970048
#5930698,207917335,59970048
#5930698,208114689,59970048
5930698,2.08148e+08,59970048,743967
#6227232,226048913,61635968
#6227232,226685855,61635968
#6227232,226013493,61635968
#6227232,225811458,61635968
#6227232,226312559,61635968
6227232,2.26174e+08,61635968,602687
#6538593,234943219,65107840
#6538593,235237709,65107840
#6538593,238740075,65107840
#6538593,236049978,65107840
#6538593,235923051,65107840
6538593,2.36179e+08,65107840,2.69139e+06
#6865522,244785109,68775296
#6865522,245997814,68775296
#6865522,245151682,68775296
#6865522,245282159,68775296
#6865522,245997332,68775296
6865522,2.45443e+08,68775296,962771
#7208798,256673248,72649344
#7208798,255596824,72649344
#7208798,256236264,72649344
#7208798,256204797,72649344
#7208798,256595017,72649344
7208798,2.56261e+08,72649344,762321
#7569237,336128467,76741504
#7569237,267776048,76741504
#7569237,267756920,76741504
#7569237,267410524,76741504
#7569237,267286965,76741504
7569237,2.81272e+08,76741504,5.4858e+07
#7947698,290842004,78873216
#7947698,290103915,78873216
#7947698,290294568,78873216
#7947698,290332184,78873216
#7947698,290744339,78873216
7947698,2.90463e+08,78873216,563716
#8345082,302524638,83315968
#8345082,301943395,83315968
#8345082,302832916,83315968
#8345082,303624291,83315968
#8345082,302843410,83315968
8345082,3.02754e+08,83315968,1.0886e+06
#8762336,314779539,88008960
#8762336,315224784,88008960
#8762336,314989380,88008960
#8762336,315169001,88008960
#8762336,315710221,88008960
8762336,3.15175e+08,88008960,619561
#9200452,327497239,92966400
#9200452,329038687,92966400
#9200452,328625441,92966400
#9200452,328637677,92966400
#9200452,330270591,92966400
9200452,3.28814e+08,92966400,1.78273e+06
#9660474,357683101,95548800
#9660474,358813812,95548800
#9660474,357069818,95548800
#9660474,356502370,95548800
#9660474,358009584,95548800
9660474,3.57616e+08,95548800,1.58307e+06
