#1,287,256
#1,55,256
#1,28,256
#1,28,256
1,99.5,256,217.626
#2,58,256
#2,41,256
#2,36,256
#2,31,256
2,41.5,256,20.3224
#3,43,256
#3,40,256
#3,37,256
#3,35,256
3,38.75,256,6.06218
#4,46,256
#4,46,256
#4,42,256
#4,41,256
4,43.75,256,4.55522
#5,66,256
#5,50,256
#5,44,256
#5,45,256
5,51.25,256,17.6281
#6,73,256
#6,60,256
#6,54,256
#6,49,256
6,59,256,17.9444
#7,90,256
#7,77,256
#7,60,256
#7,57,256
7,71,256,26.7208
#8,72,256
#8,85,256
#8,66,256
#8,68,256
8,72.75,256,14.7902
#9,76,256
#9,76,256
#9,73,256
#9,74,256
9,74.75,256,2.59808
#10,91,256
#10,89,256
#10,84,256
#10,77,256
10,85.25,256,10.8051
#12,112,256
#12,135,256
#12,104,256
#12,104,256
12,113.75,256,25.3919
#14,99,384
#14,107,384
#14,108,384
#14,107,384
14,105.25,384,7.26292
#16,145,384
#16,108,384
#16,106,384
#16,109,384
16,117,384,32.4037
#19,204,384
#19,182,384
#19,134,384
#19,125,384
19,161.25,384,65.6868
#22,165,384
#22,174,384
#22,172,384
#22,167,384
22,169.5,384,7.28011
#26,228,640
#26,205,640
#26,186,640
#26,175,640
26,198.5,640,40.2616
#31,216,640
#31,238,640
#31,205,640
#31,198,640
31,214.25,640,30.2779
#37,277,640
#37,273,640
#37,239,640
#37,232,640
37,255.25,640,39.9093
#44,277,896
#44,264,896
#44,260,896
#44,250,896
44,262.75,896,19.3585
#52,359,1152
#52,379,1152
#52,332,1152
#52,321,1152
52,347.75,1152,45.4615
#62,472,1152
#62,440,1152
#62,389,1152
#62,365,1152
62,416.5,1152,83.9107
#74,518,1408
#74,469,1408
#74,421,1408
#74,394,1408
74,450.5,1408,94.6626
#88,547,1536
#88,560,1536
#88,511,1536
#88,459,1536
88,519.25,1536,78.2863
#105,625,1792
#105,603,1792
#105,562,1792
#105,530,1792
105,580,1792,73.3348
#126,780,1920
#126,781,1920
#126,728,1920
#126,670,1920
126,739.75,1920,91.2401
#151,1299,2176
#151,1205,2176
#151,914,2176
#151,812,2176
151,1057.5,2176,401.175
#181,1406,2432
#181,1366,2432
#181,1086,2432
#181,1038,2432
181,1224,2432,326.998
#217,1534,2816
#217,1479,2816
#217,1284,2816
#217,1179,2816
217,1369,2816,287.489
#260,1842,3328
#260,1736,3328
#260,1417,3328
#260,1337,3328
260,1583,3328,422.566
#312,2397,3840
#312,2060,3840
#312,1715,3840
#312,1638,3840
312,1952.5,3840,603.699
#374,2958,4352
#374,2431,4352
#374,2091,4352
#374,1979,4352
374,2364.75,4352,761.628
#448,3551,5120
#448,2946,5120
#448,2490,5120
#448,2437,5120
448,2856,5120,894.786
#537,4074,6144
#537,3543,6144
#537,3051,6144
#537,2921,6144
537,3397.25,6144,908.811
#644,4419,7168
#644,3887,7168
#644,6453,7168
#644,3294,7168
644,4513.25,7168,2377.03
#772,5472,8448
#772,5008,8448
#772,4321,8448
#772,4325,8448
772,4781.5,8448,973.933
#926,6086,10112
#926,5623,10112
#926,5370,10112
#926,5146,10112
926,5556.25,10112,698.631
#1111,7839,11648
#1111,7023,11648
#1111,6351,11648
#1111,6004,11648
1111,6804.25,11648,1401.57
#1333,10481,13952
#1333,9797,13952
#1333,8841,13952
#1333,8132,13952
1333,9312.75,13952,1793.33
#1599,11640,16768
#1599,10628,16768
#1599,9672,16768
#1599,9341,16768
1599,10320.2,16768,1793.21
#1918,15173,19968
#1918,14053,19968
#1918,12916,19968
#1918,12073,19968
1918,13553.8,19968,2338.92
#2301,19621,23808
#2301,18581,23808
#2301,17046,23808
#2301,15971,23808
2301,17804.8,23808,2799.94
#2761,20805,28416
#2761,19849,28416
#2761,18735,28416
#2761,17935,28416
2761,19331,28416,2178.31
#3313,27079,33920
#3313,26521,33920
#3313,24794,33920
#3313,23894,33920
3313,25572,33920,2567.61
#3975,37341,40320
#3975,34317,40320
#3975,32654,40320
#3975,31927,40320
3975,34059.8,40320,4166.24
#4770,56450,47872
#4770,43440,47872
#4770,41766,47872
#4770,40533,47872
4770,45547.2,47872,12757.4
#5724,48495,58368
#5724,48151,58368
#5724,47031,58368
#5724,45650,58368
5724,47331.8,58368,2223.3
#6868,60385,69120
#6868,60784,69120
#6868,59586,69120
#6868,58352,69120
6868,59776.8,69120,1857.64
#8241,73713,84096
#8241,73342,84096
#8241,71604,84096
#8241,70829,84096
8241,72372,84096,2389.53
#9889,88955,99456
#9889,88714,99456
#9889,87621,99456
#9889,86295,99456
9889,87896.2,99456,2104.62
#11866,103549,120960
#11866,103472,120960
#11866,101882,120960
#11866,101086,120960
11866,102497,120960,2103.92
#14239,138182,142976
#14239,139138,142976
#14239,138153,142976
#14239,137218,142976
14239,138173,142976,1357.84
#17086,160006,173440
#17086,160923,173440
#17086,159162,173440
#17086,158657,173440
17086,159687,173440,1722.2
#20503,199981,204672
#20503,200773,204672
#20503,201443,204672
#20503,199119,204672
20503,200329,204672,1738.77
#24603,229497,248320
#24603,231215,248320
#24603,228606,248320
#24603,228143,248320
24603,229365,248320,2347.19
#29523,297399,292992
#29523,297973,292992
#29523,297260,292992
#29523,296262,292992
29523,297224,292992,1232.22
#35427,363514,355200
#35427,356847,355200
#35427,357157,355200
#35427,357102,355200
35427,358655,355200,5615.56
#42512,447403,430592
#42512,448560,430592
#42512,447474,430592
#42512,447426,430592
42512,447716,430592,976.201
#51014,608104,507904
#51014,703173,507904
#51014,602865,507904
#51014,587096,507904
51014,625310,507904,91229.3
#61216,769287,615680
#61216,725033,615680
#61216,762820,615680
#61216,869183,615680
61216,781581,615680,106653
#73459,838584,746496
#73459,824749,746496
#73459,819547,746496
#73459,818393,746496
73459,825318,746496,16049
#88150,1202624,880128
#88150,1021485,880128
#88150,1204050,880128
#88150,1071718,880128
88150,1.12497e+06,880128,160713
#105780,1240664,1066624
#105780,1237880,1066624
#105780,1191858,1066624
#105780,1230289,1066624
105780,1.22517e+06,1066624,39211
#126936,1549076,1257600
#126936,1523080,1257600
#126936,1464651,1257600
#126936,1497577,1257600
126936,1.5086e+06,1257600,62458
#152323,1756853,1523840
#152323,1692173,1523840
#152323,1672919,1523840
#152323,1705268,1523840
152323,1.7068e+06,1523840,62205.5
#182787,2061348,1846272
#182787,1987512,1846272
#182787,1965540,1846272
#182787,1965073,1846272
182787,1.99487e+06,1846272,78877
#219344,2715614,2176512
#219344,2692700,2176512
#219344,2662624,2176512
#219344,2661171,2176512
219344,2.68303e+06,2176512,45270.8
#263212,3266348,2636928
#263212,3172010,2636928
#263212,3144019,2636928
#263212,3133315,2636928
263212,3.17892e+06,2636928,104830
#315854,3842392,3195008
#315854,3718898,3195008
#315854,3693011,3195008
#315854,3702004,3195008
315854,3.73908e+06,3195008,120738
#379024,4864419,3766272
#379024,4777490,3766272
#379024,4766961,3766272
#379024,4775443,3766272
379024,4.79608e+06,3766272,79307.1
#454828,5773545,4562944
#454828,5587905,4562944
#454828,5483016,4562944
#454828,5560120,4562944
454828,5.60115e+06,4562944,213388
#545793,7680810,5528064
#545793,7124801,5528064
#545793,6984885,5528064
#545793,6975693,5528064
545793,7.19155e+06,5528064,577179
#654951,14213341,6516096
#654951,13828318,6516096
#654951,15291106,6516096
#654951,14056431,6516096
654951,1.43473e+07,6516096,1.12368e+06
#785941,21630595,7894016
#785941,16686652,7894016
#785941,15283115,7894016
#785941,14899072,7894016
785941,1.71249e+07,7894016,5.37027e+06
#943129,19640216,9563264
#943129,19406587,9563264
#943129,19259015,9563264
#943129,23618414,9563264
943129,2.04811e+07,9563264,3.63289e+06
#1131754,26713365,11272448
#1131754,27064719,11272448
#1131754,27214866,11272448
#1131754,26661128,11272448
1131754,2.69135e+07,11272448,466299
#1358104,38096816,13656064
#1358104,38289763,13656064
#1358104,38322120,13656064
#1358104,38651656,13656064
1358104,3.83401e+07,13656064,398888
#1629724,48699755,16543616
#1629724,48867493,16543616
#1629724,48979063,16543616
#1629724,49289383,16543616
1629724,4.89589e+07,16543616,430275
#1955668,62004002,19499904
#1955668,62361703,19499904
#1955668,62934173,19499904
#1955668,62867910,19499904
1955668,6.25419e+07,19499904,762867
#2346801,70698505,23623040
#2346801,70914488,23623040
#2346801,71090097,23623040
#2346801,71780789,23623040
2346801,7.1121e+07,23623040,810818
#2816161,89813039,27844352
#2816161,90393047,27844352
#2816161,90504497,27844352
#2816161,90207285,27844352
2816161,9.02295e+07,27844352,525646
#3379393,116482664,33731584
#3379393,117999778,33731584
#3379393,117242988,33731584
#3379393,116806512,33731584
3379393,1.17133e+08,33731584,1.13707e+06
#4055271,140849929,40863744
#4055271,140930730,40863744
#4055271,141327062,40863744
#4055271,140440069,40863744
4055271,1.40887e+08,40863744,629832
#4866325,174906832,48165632
#4866325,175815713,48165632
#4866325,176401296,48165632
#4866325,176231482,48165632
4866325,1.75839e+08,48165632,1.15745e+06
#5839590,210124795,58349184
#5839590,210541641,58349184
#5839590,210060350,58349184
#5839590,210001716,58349184
5839590,2.10182e+08,58349184,424164
#7007508,249588196,70685824
#7007508,250368493,70685824
#7007508,252192148,70685824
#7007508,250154031,70685824
7007508,2.50576e+08,70685824,1.95162e+06
#8409009,312525680,83315968
#8409009,310920358,83315968
#8409009,312076920,83315968
#8409009,312593084,83315968
8409009,3.12029e+08,83315968,1.34025e+06
