#1,220,256
#1,42,256
#1,30,256
#1,29,256
#1,27,256
1,69.6,256,150.767
#2,40,256
#2,34,256
#2,35,256
#2,35,256
#2,33,256
2,35.4,256,4.83322
#3,39,256
#3,37,256
#3,36,256
#3,37,256
#3,36,256
3,37,256,2.19089
#4,38,256
#4,41,256
#4,39,256
#4,41,256
#4,40,256
4,39.8,256,2.33238
#5,47,256
#5,41,256
#5,39,256
#5,38,256
#5,40,256
5,41,256,6.32456
#6,51,256
#6,48,256
#6,45,256
#6,48,256
#6,48,256
6,48,256,3.79473
#7,48,256
#7,52,256
#7,47,256
#7,46,256
#7,47,256
7,48,256,4.19524
#8,52,256
#8,55,256
#8,54,256
#8,54,256
#8,54,256
8,53.8,256,1.95959
#9,54,256
#9,54,256
#9,50,256
#9,52,256
#9,52,256
9,52.4,256,2.99333
#10,57,256
#10,59,256
#10,51,256
#10,51,256
#10,51,256
10,53.8,256,6.97424
#11,64,256
#11,59,256
#11,59,256
#11,55,256
#11,62,256
11,59.8,256,6.11882
#12,60,256
#12,63,256
#12,60,256
#12,61,256
#12,60,256
12,60.8,256,2.33238
#13,86,384
#13,64,384
#13,60,384
#13,61,384
#13,59,384
13,66,384,20.2781
#14,67,384
#14,72,384
#14,78,384
#14,68,384
#14,71,384
14,71.2,384,7.73563
#15,68,384
#15,75,384
#15,72,384
#15,72,384
#15,74,384
15,72.2,384,4.8
#16,74,384
#16,75,384
#16,72,384
#16,75,384
#16,72,384
16,73.6,384,2.71293
#17,138,384
#17,106,384
#17,76,384
#17,76,384
#17,77,384
17,94.6,384,49.1137
#18,81,384
#18,97,384
#18,96,384
#18,96,384
#18,83,384
18,90.6,384,14.1195
#19,87,384
#19,84,384
#19,82,384
#19,83,384
#19,82,384
19,83.6,384,3.70945
#20,111,384
#20,101,384
#20,85,384
#20,86,384
#20,85,384
20,93.6,384,21.2264
#21,119,384
#21,117,384
#21,112,384
#21,101,384
#21,101,384
21,110,384,15.3883
#22,104,384
#22,106,384
#22,106,384
#22,104,384
#22,101,384
22,104.2,384,3.66606
#23,124,384
#23,97,384
#23,94,384
#23,94,384
#23,93,384
23,100.4,384,23.7521
#24,102,384
#24,99,384
#24,95,384
#24,97,384
#24,99,384
24,98.4,384,4.66476
#25,132,640
#25,132,640
#25,116,640
#25,98,640
#25,98,640
25,115.2,640,30.421
#26,138,640
#26,106,640
#26,107,640
#26,105,640
#26,102,640
26,111.6,640,26.6113
#27,122,640
#27,134,640
#27,131,640
#27,116,640
#27,104,640
27,121.4,640,21.6
#28,129,640
#28,141,640
#28,136,640
#28,122,640
#28,108,640
28,127.2,640,23.0963
#29,115,640
#29,116,640
#29,115,640
#29,113,640
#29,111,640
29,114,640,3.57771
#30,138,640
#30,123,640
#30,120,640
#30,121,640
#30,121,640
30,124.6,640,13.541
#31,140,640
#31,137,640
#31,137,640
#31,119,640
#31,118,640
31,130.2,640,19.2416
#32,155,640
#32,156,640
#32,145,640
#32,121,640
#32,121,640
32,139.6,640,31.333
#33,139,640
#33,164,640
#33,162,640
#33,159,640
#33,135,640
33,151.8,640,24.508
#34,165,640
#34,162,640
#34,145,640
#34,139,640
#34,140,640
34,150.2,640,22.1775
#35,132,640
#35,133,640
#35,133,640
#35,132,640
#35,133,640
35,132.6,640,0.979796
#36,181,640
#36,186,640
#36,171,640
#36,137,640
#36,135,640
36,162,640,43.5615
#37,195,1152
#37,197,1152
#37,178,1152
#37,151,1152
#37,150,1152
37,174.2,1152,40.8979
#38,159,1152
#38,177,1152
#38,175,1152
#38,164,1152
#38,142,1152
38,163.4,1152,25.2539
#39,200,1152
#39,187,1152
#39,183,1152
#39,183,1152
#39,157,1152
39,182,1152,27.9428
#40,219,1152
#40,174,1152
#40,151,1152
#40,151,1152
#40,149,1152
40,168.8,1152,53.4625
#42,167,1152
#42,169,1152
#42,168,1152
#42,167,1152
#42,166,1152
42,167.4,1152,2.03961
#44,223,1152
#44,219,1152
#44,187,1152
#44,176,1152
#44,175,1152
44,196,1152,41.7612
#46,217,1152
#46,214,1152
#46,207,1152
#46,193,1152
#46,191,1152
46,204.4,1152,21.3016
#48,219,1152
#48,218,1152
#48,199,1152
#48,185,1152
#48,185,1152
48,201.2,1152,30.0506
#50,217,1152
#50,219,1152
#50,195,1152
#50,193,1152
#50,192,1152
50,203.2,1152,24.2784
#52,274,1152
#52,272,1152
#52,232,1152
#52,202,1152
#52,188,1152
52,233.6,1152,70.3545
#54,273,1152
#54,250,1152
#54,234,1152
#54,215,1152
#54,215,1152
54,237.4,1152,44.1923
#56,255,1152
#56,241,1152
#56,237,1152
#56,211,1152
#56,212,1152
56,231.2,1152,34.3255
#58,270,1152
#58,269,1152
#58,232,1152
#58,219,1152
#58,219,1152
58,241.8,1152,46.2238
#60,328,1152
#60,322,1152
#60,253,1152
#60,226,1152
#60,226,1152
60,271,1152,90.4389
#63,261,1536
#63,252,1536
#63,250,1536
#63,235,1536
#63,236,1536
63,246.8,1536,19.8957
#66,285,1536
#66,293,1536
#66,282,1536
#66,270,1536
#66,257,1536
66,277.4,1536,25.1905
#69,278,1536
#69,255,1536
#69,257,1536
#69,254,1536
#69,254,1536
69,259.6,1536,18.53
#72,428,1536
#72,403,1536
#72,289,1536
#72,289,1536
#72,279,1536
72,337.6,1536,128.397
#75,308,1536
#75,285,1536
#75,283,1536
#75,270,1536
#75,272,1536
75,283.6,1536,27.088
#78,309,1536
#78,310,1536
#78,284,1536
#78,282,1536
#78,283,1536
78,293.6,1536,26.0031
#81,357,1536
#81,351,1536
#81,304,1536
#81,291,1536
#81,291,1536
81,318.8,1536,58.3836
#85,449,1536
#85,421,1536
#85,336,1536
#85,323,1536
#85,323,1536
85,370.4,1536,107.388
#89,353,1536
#89,354,1536
#89,342,1536
#89,329,1536
#89,329,1536
89,341.4,1536,21.9308
#93,450,1536
#93,441,1536
#93,387,1536
#93,365,1536
#93,343,1536
93,397.2,1536,83.8322
#97,529,1536
#97,534,1536
#97,411,1536
#97,384,1536
#97,386,1536
97,448.8,1536,136.419
#101,395,2048
#101,398,2048
#101,390,2048
#101,374,2048
#101,374,2048
101,386.2,2048,20.5679
#106,385,2048
#106,388,2048
#106,389,2048
#106,374,2048
#106,375,2048
106,382.2,2048,12.8623
#111,458,2048
#111,457,2048
#111,444,2048
#111,427,2048
#111,416,2048
111,440.4,2048,33.1445
#116,456,2048
#116,448,2048
#116,422,2048
#116,421,2048
#116,420,2048
116,433.4,2048,30.8182
#121,538,2048
#121,505,2048
#121,460,2048
#121,457,2048
#121,458,2048
121,483.6,2048,65.3434
#127,528,2048
#127,530,2048
#127,479,2048
#127,469,2048
#127,468,2048
127,494.8,2048,56.3901
#133,672,2048
#133,674,2048
#133,554,2048
#133,492,2048
#133,492,2048
133,576.8,2048,163.494
#139,568,2048
#139,563,2048
#139,535,2048
#139,539,2048
#139,537,2048
139,548.4,2048,28.2163
#145,723,2048
#145,712,2048
#145,561,2048
#145,553,2048
#145,556,2048
145,621,2048,157.82
#152,591,2816
#152,591,2816
#152,566,2816
#152,553,2816
#152,554,2816
152,571,2816,33.9175
#159,677,2816
#159,673,2816
#159,627,2816
#159,607,2816
#159,607,2816
159,638.2,2816,61.8954
#166,611,2816
#166,606,2816
#166,605,2816
#166,593,2816
#166,595,2816
166,602,2816,13.7405
#174,701,2816
#174,725,2816
#174,685,2816
#174,661,2816
#174,651,2816
174,684.6,2816,53.5701
#182,775,2816
#182,771,2816
#182,684,2816
#182,671,2816
#182,670,2816
182,714.2,2816,96.56
#191,774,2816
#191,769,2816
#191,684,2816
#191,675,2816
#191,674,2816
191,715.2,2816,92.2553
#200,876,2816
#200,842,2816
#200,783,2816
#200,762,2816
#200,751,2816
200,802.8,2816,96.4771
#210,999,2816
#210,948,2816
#210,783,2816
#210,781,2816
#210,784,2816
210,859,2816,189.749
#220,1077,2816
#220,1028,2816
#220,817,2816
#220,793,2816
#220,794,2816
220,901.8,2816,248.63
#231,936,3968
#231,931,3968
#231,850,3968
#231,834,3968
#231,822,3968
231,874.6,3968,97.8619
#242,925,3968
#242,902,3968
#242,857,3968
#242,846,3968
#242,847,3968
242,875.4,3968,64.3565
#254,1099,3968
#254,1067,3968
#254,974,3968
#254,944,3968
#254,942,3968
254,1005.2,3968,130.632
#266,1083,3968
#266,1054,3968
#266,1012,3968
#266,990,3968
#266,989,3968
266,1025.6,3968,74.2601
#279,1181,3968
#279,1186,3968
#279,1048,3968
#279,1014,3968
#279,995,3968
279,1084.8,3968,164.747
#292,1277,3968
#292,1242,3968
#292,1141,3968
#292,1059,3968
#292,1051,3968
292,1154,3968,184.772
#306,1409,3968
#306,1322,3968
#306,1191,3968
#306,1112,3968
#306,1102,3968
306,1227.2,3968,240.491
#321,1659,3968
#321,1523,3968
#321,1316,3968
#321,1247,3968
#321,1174,3968
321,1383.8,3968,360.487
#337,1423,5632
#337,1436,5632
#337,1357,5632
#337,1308,5632
#337,1293,5632
337,1363.4,5632,116.238
#353,1391,5632
#353,1380,5632
#353,1334,5632
#353,1298,5632
#353,1298,5632
353,1340.2,5632,78.8152
#370,1593,5632
#370,1565,5632
#370,1411,5632
#370,1321,5632
#370,1301,5632
370,1438.2,5632,242.224
#388,1588,5632
#388,1540,5632
#388,1477,5632
#388,1415,5632
#388,1416,5632
388,1487.2,5632,136.63
#407,1713,5632
#407,1693,5632
#407,1500,5632
#407,1474,5632
#407,1469,5632
407,1569.8,5632,218.897
#427,1875,5632
#427,1810,5632
#427,1649,5632
#427,1600,5632
#427,1600,5632
427,1706.8,5632,228.201
#448,1939,5632
#448,1879,5632
#448,1700,5632
#448,1687,5632
#448,1643,5632
448,1769.6,5632,233.853
#470,2069,5632
#470,1924,5632
#470,1821,5632
#470,1767,5632
#470,1776,5632
470,1871.4,5632,226.898
#493,1914,8064
#493,1900,8064
#493,1847,8064
#493,1794,8064
#493,1786,8064
493,1848.2,8064,105.151
#517,1921,8064
#517,1897,8064
#517,1859,8064
#517,1818,8064
#517,1821,8064
517,1863.2,8064,81.6078
#542,2065,8064
#542,2044,8064
#542,1955,8064
#542,1895,8064
#542,1893,8064
542,1970.4,8064,144.994
#569,2365,8064
#569,2288,8064
#569,2071,8064
#569,2075,8064
#569,2065,8064
569,2172.8,8064,255.751
#597,2298,8064
#597,2260,8064
#597,2159,8064
#597,2145,8064
#597,2137,8064
597,2199.8,8064,132.299
#626,2814,8064
#626,2598,8064
#626,2396,8064
#626,2336,8064
#626,2333,8064
626,2495.4,8064,372.768
#657,2862,8064
#657,2646,8064
#657,2349,8064
#657,2289,8064
#657,2290,8064
657,2487.2,8064,458.661
#689,3311,8064
#689,3039,8064
#689,2621,8064
#689,2591,8064
#689,2571,8064
689,2826.6,8064,595.226
#723,2911,11648
#723,2896,11648
#723,2742,11648
#723,2661,11648
#723,2635,11648
723,2769,11648,230.897
#759,3060,11648
#759,3047,11648
#759,2955,11648
#759,2895,11648
#759,2883,11648
759,2968,11648,148.13
#796,3228,11648
#796,3200,11648
#796,3029,11648
#796,2965,11648
#796,2973,11648
796,3079,11648,225.52
#835,3411,11648
#835,3369,11648
#835,3247,11648
#835,3188,11648
#835,3180,11648
835,3279,11648,188.955
#876,3556,11648
#876,3540,11648
#876,3348,11648
#876,3338,11648
#876,3287,11648
876,3413.8,11648,223.25
#919,3775,11648
#919,3665,11648
#919,3482,11648
#919,3473,11648
#919,3433,11648
919,3565.6,11648,263.629
#964,4735,11648
#964,4322,11648
#964,3742,11648
#964,3711,11648
#964,3678,11648
964,4037.6,11648,844.09
#1012,4781,11648
#1012,4456,11648
#1012,3949,11648
#1012,3847,11648
#1012,3820,11648
1012,4170.6,11648,764.61
#1062,5937,11648
#1062,5163,11648
#1062,4565,11648
#1062,4360,11648
#1062,4321,11648
1062,4869.2,11648,1226.01
#1115,4510,16768
#1115,4465,16768
#1115,4282,16768
#1115,4202,16768
#1115,4193,16768
1115,4330.4,16768,265.452
#1170,4584,16768
#1170,4598,16768
#1170,4413,16768
#1170,4353,16768
#1170,4340,16768
1170,4457.6,16768,223.516
#1228,5318,16768
#1228,5294,16768
#1228,5027,16768
#1228,4881,16768
#1228,4876,16768
1228,5079.2,16768,386.226
#1289,5853,16768
#1289,5737,16768
#1289,5383,16768
#1289,5210,16768
#1289,5136,16768
1289,5463.8,16768,568.866
#1353,6273,16768
#1353,5939,16768
#1353,5703,16768
#1353,5543,16768
#1353,5393,16768
1353,5770.2,16768,619.495
#1420,6977,16768
#1420,6545,16768
#1420,6074,16768
#1420,5899,16768
#1420,5753,16768
1420,6249.6,16768,901.882
#1491,7555,16768
#1491,6900,16768
#1491,6463,16768
#1491,6356,16768
#1491,6123,16768
1491,6679.4,16768,1010.48
#1565,6501,24320
#1565,6475,24320
#1565,6203,24320
#1565,6127,24320
#1565,6124,24320
1565,6286,24320,335.094
#1643,6903,24320
#1643,6825,24320
#1643,6608,24320
#1643,6554,24320
#1643,6552,24320
1643,6688.4,24320,293.728
#1725,6877,24320
#1725,6798,24320
#1725,6688,24320
#1725,6611,24320
#1725,6617,24320
1725,6718.2,24320,208.29
#1811,7504,24320
#1811,7382,24320
#1811,7118,24320
#1811,6981,24320
#1811,6973,24320
1811,7191.6,24320,430.257
#1901,8583,24320
#1901,8326,24320
#1901,8023,24320
#1901,7680,24320
#1901,7561,24320
1901,8034.6,24320,767.244
#1996,8947,24320
#1996,8389,24320
#1996,8037,24320
#1996,7973,24320
#1996,7750,24320
1996,8219.2,24320,835.457
#2095,10042,24320
#2095,9320,24320
#2095,8901,24320
#2095,8605,24320
#2095,8300,24320
2095,9033.6,24320,1212.71
#2199,11622,24320
#2199,10225,24320
#2199,9523,24320
#2199,9244,24320
#2199,9115,24320
2199,9945.8,24320,1843.72
#2308,9763,35328
#2308,9728,35328
#2308,9448,35328
#2308,9304,35328
#2308,9294,35328
2308,9507.4,35328,404.411
#2423,10509,35328
#2423,10462,35328
#2423,10134,35328
#2423,10000,35328
#2423,10001,35328
2423,10221.2,35328,443.472
#2544,11164,35328
#2544,11132,35328
#2544,10659,35328
#2544,10616,35328
#2544,10586,35328
2544,10831.4,35328,519.479
#2671,11589,35328
#2671,11423,35328
#2671,11145,35328
#2671,10766,35328
#2671,10726,35328
2671,11129.8,35328,688.457
#2804,12774,35328
#2804,12282,35328
#2804,11829,35328
#2804,11474,35328
#2804,11349,35328
2804,11941.6,35328,1054.99
#2944,14403,35328
#2944,13753,35328
#2944,13282,35328
#2944,12818,35328
#2944,12369,35328
2944,13325,35328,1419.32
#3091,15802,35328
#3091,14680,35328
#3091,13661,35328
#3091,13124,35328
#3091,13026,35328
3091,14058.6,35328,2102.08
#3245,18176,35328
#3245,16534,35328
#3245,15164,35328
#3245,14445,35328
#3245,14122,35328
3245,15688.2,35328,2990.36
#3407,14343,51328
#3407,14304,51328
#3407,14089,51328
#3407,13794,51328
#3407,13786,51328
3407,14063.2,51328,478.537
#3577,15617,51328
#3577,18139,51328
#3577,15041,51328
#3577,14616,51328
#3577,14670,51328
3577,15616.6,51328,2621.61
#3755,16225,51328
#3755,16129,51328
#3755,15526,51328
#3755,15307,51328
#3755,15316,51328
3755,15700.6,51328,795.912
#3942,17358,51328
#3942,16967,51328
#3942,16549,51328
#3942,16014,51328
#3942,15991,51328
3942,16575.8,51328,1067.03
#4139,19844,51328
#4139,19188,51328
#4139,18124,51328
#4139,17837,51328
#4139,17449,51328
4139,18488.4,51328,1780.91
#4345,21778,51328
#4345,20967,51328
#4345,19643,51328
#4345,19225,51328
#4345,18614,51328
4345,20045.4,51328,2321.23
#4562,22695,51328
#4562,21546,51328
#4562,20272,51328
#4562,19682,51328
#4562,19342,51328
4562,20707.4,51328,2491.45
#4790,27534,51328
#4790,25961,51328
#4790,24086,51328
#4790,23041,51328
#4790,22279,51328
4790,24580.2,51328,3851.28
#5029,20860,74752
#5029,20991,74752
#5029,20734,74752
#5029,20527,74752
#5029,20450,74752
5029,20712.4,74752,403.085
#5280,22788,74752
#5280,23061,74752
#5280,22645,74752
#5280,22251,74752
#5280,22265,74752
5280,22602,74752,622.187
#5544,24218,74752
#5544,24302,74752
#5544,23811,74752
#5544,23441,74752
#5544,23296,74752
5544,23813.6,74752,804.399
#5821,26607,74752
#5821,26166,74752
#5821,25131,74752
#5821,24572,74752
#5821,24393,74752
5821,25373.8,74752,1746.35
#6112,28668,74752
#6112,28141,74752
#6112,27180,74752
#6112,26478,74752
#6112,25989,74752
6112,27291.2,74752,1997.42
#6417,31820,74752
#6417,43409,74752
#6417,31119,74752
#6417,30127,74752
#6417,29466,74752
6417,33188.2,74752,10347.7
#6737,37301,74752
#6737,36332,74752
#6737,34529,74752
#6737,33067,74752
#6737,32206,74752
6737,34687,74752,3830.8
#7073,43549,74752
#7073,42085,74752
#7073,39335,74752
#7073,37833,74752
#7073,36721,74752
7073,39904.6,74752,5121.49
#7426,31828,108800
#7426,32038,108800
#7426,31518,108800
#7426,31302,108800
#7426,31254,108800
7426,31588,108800,605.542
#7797,33485,108800
#7797,33692,108800
#7797,33072,108800
#7797,32902,108800
#7797,32848,108800
7797,33199.8,108800,664.759
#8186,36363,108800
#8186,36328,108800
#8186,35390,108800
#8186,34643,108800
#8186,48335,108800
8186,38211.8,108800,10203.7
#8595,42064,108800
#8595,41411,108800
#8595,40387,108800
#8595,39231,108800
#8595,38898,108800
8595,40398.2,108800,2435.36
#9024,44036,108800
#9024,43493,108800
#9024,42034,108800
#9024,41222,108800
#9024,40526,108800
9024,42262.2,108800,2654.76
#9475,48319,108800
#9475,47115,108800
#9475,45530,108800
#9475,44456,108800
#9475,43585,108800
9475,45801,108800,3447.9
#9948,59289,108800
#9948,58691,108800
#9948,55962,108800
#9948,54548,108800
#9948,53395,108800
9948,56377,108800,4582.06
#10445,48963,158464
#10445,48382,158464
#10445,47632,158464
#10445,47083,158464
#10445,46800,158464
10445,47772,158464,1607.4
#10967,50156,158464
#10967,52402,158464
#10967,49566,158464
#10967,49264,158464
#10967,49233,158464
10967,50124.2,158464,2372.37
#11515,53581,158464
#11515,53578,158464
#11515,52468,158464
#11515,52029,158464
#11515,51695,158464
11515,52670.2,158464,1563.76
#12090,58726,158464
#12090,58132,158464
#12090,57224,158464
#12090,56160,158464
#12090,55928,158464
12090,57234,158464,2171.02
#12694,63331,158464
#12694,62755,158464
#12694,61437,158464
#12694,60287,158464
#12694,59832,158464
12694,61528.4,158464,2710.15
#13328,69722,158464
#13328,68443,158464
#13328,66290,158464
#13328,65046,158464
#13328,64488,158464
13328,66797.8,158464,3991.94
#13994,80997,158464
#13994,80300,158464
#13994,77434,158464
#13994,75712,158464
#13994,74862,158464
13994,77861,158464,4864.38
#14693,92140,158464
#14693,90304,158464
#14693,87683,158464
#14693,86141,158464
#14693,84787,158464
14693,88211,158464,5374.39
#15427,74396,230912
#15427,74337,230912
#15427,73099,230912
#15427,72580,230912
#15427,72425,230912
15427,73367.4,230912,1691.93
#16198,77373,230912
#16198,77561,230912
#16198,76291,230912
#16198,75664,230912
#16198,75790,230912
16198,76535.8,230912,1581.93
#17007,83202,230912
#17007,83199,230912
#17007,81428,230912
#17007,81156,230912
#17007,80773,230912
17007,81951.6,230912,2081.49
#17857,89809,230912
#17857,89908,230912
#17857,87857,230912
#17857,86628,230912
#17857,86233,230912
17857,88087,230912,3085.48
#18749,96856,230912
#18749,96544,230912
#18749,94382,230912
#18749,93325,230912
#18749,92654,230912
18749,94752.2,230912,3371.99
#19686,105625,230912
#19686,105319,230912
#19686,103012,230912
#19686,101929,230912
#19686,100542,230912
19686,103285,230912,3903.85
#20670,120928,230912
#20670,120997,230912
#20670,119031,230912
#20670,117438,230912
#20670,116419,230912
20670,118963,230912,3666.12
#21703,143270,230912
#21703,142983,230912
#21703,141598,230912
#21703,142253,230912
#21703,139904,230912
21703,142002,230912,2399.67
#22788,115916,336640
#22788,115360,336640
#22788,113868,336640
#22788,113496,336640
#22788,113101,336640
22788,114348,336640,2189.81
#23927,122085,336640
#23927,122137,336640
#23927,120665,336640
#23927,120336,336640
#23927,120459,336640
23927,121136,336640,1605.68
#25123,130197,336640
#25123,130031,336640
#25123,128594,336640
#25123,127829,336640
#25123,127577,336640
25123,128846,336640,2179.46
#26379,141072,336640
#26379,141056,336640
#26379,138455,336640
#26379,137366,336640
#26379,136569,336640
26379,138904,336640,3725.65
#27697,148794,336640
#27697,148405,336640
#27697,146474,336640
#27697,145402,336640
#27697,144408,336640
27697,146697,336640,3380.05
#29081,166424,336640
#29081,182868,336640
#29081,171740,336640
#29081,170263,336640
#29081,169607,336640
29081,172180,336640,11237.6
#30535,190850,336640
#30535,190474,336640
#30535,188750,336640
#30535,187585,336640
#30535,186748,336640
30535,188881,336640,3182.59
#32061,223001,336640
#32061,222231,336640
#32061,221919,336640
#32061,219837,336640
#32061,219251,336640
32061,221248,336640,2893.92
#33664,179677,490752
#33664,179571,490752
#33664,177860,490752
#33664,177468,490752
#33664,177424,490752
33664,178400,490752,2022.82
#35347,189649,490752
#35347,189591,490752
#35347,188082,490752
#35347,187589,490752
#35347,187675,490752
35347,188517,490752,1831.78
#37114,199965,490752
#37114,199921,490752
#37114,197994,490752
#37114,197142,490752
#37114,196950,490752
37114,198394,490752,2624.87
#38969,225366,490752
#38969,225023,490752
#38969,233655,490752
#38969,216650,490752
#38969,216291,490752
38969,223397,490752,12892.3
#40917,257616,490752
#40917,235698,490752
#40917,233415,490752
#40917,232646,490752
#40917,274161,490752
40917,246707,490752,33085.5
#42962,274767,490752
#42962,274694,490752
#42962,284452,490752
#42962,265219,490752
#42962,264717,490752
42962,272770,490752,14588.4
#45110,310105,490752
#45110,309634,490752
#45110,308597,490752
#45110,308219,490752
#45110,306821,490752
45110,308675,490752,2300.59
#47365,261384,715520
#47365,267047,715520
#47365,249595,715520
#47365,249343,715520
#47365,249210,715520
47365,255316,715520,14970
#49733,266040,715520
#49733,265311,715520
#49733,263862,715520
#49733,263204,715520
#49733,264603,715520
49733,264604,715520,2014.45
#52219,292264,715520
#52219,291991,715520
#52219,290136,715520
#52219,289303,715520
#52219,289488,715520
52219,290636,715520,2502.99
#54829,315854,715520
#54829,316041,715520
#54829,327382,715520
#54829,298913,715520
#54829,298764,715520
54829,311391,715520,22134
#57570,348183,715520
#57570,355434,715520
#57570,337823,715520
#57570,336707,715520
#57570,336831,715520
57570,342996,715520,15124.2
#60448,361508,715520
#60448,360710,715520
#60448,360754,715520
#60448,358447,715520
#60448,358027,715520
60448,359889,715520,2769.81
#63470,413571,715520
#63470,427730,715520
#63470,402248,715520
#63470,443128,715520
#63470,403243,715520
63470,417984,715520,31133.2
#66643,469055,715520
#66643,469812,715520
#66643,482340,715520
#66643,492174,715520
#66643,491976,715520
66643,481071,715520,20296.9
#69975,390702,1043328
#69975,390286,1043328
#69975,399851,1043328
#69975,378694,1043328
#69975,378237,1043328
69975,387554,1043328,16343.7
#73473,403546,1043328
#73473,403059,1043328
#73473,401753,1043328
#73473,400974,1043328
#73473,435492,1043328
73473,408965,1043328,26590.2
#77146,443932,1043328
#77146,437865,1043328
#77146,418387,1043328
#77146,477710,1043328
#77146,427117,1043328
77146,441002,1043328,40695.3
#81003,475826,1043328
#81003,477053,1043328
#81003,473776,1043328
#81003,485932,1043328
#81003,451478,1043328
81003,472813,1043328,22895.8
#85053,517855,1043328
#85053,508970,1043328
#85053,529840,1043328
#85053,512300,1043328
#85053,500260,1043328
85053,513845,1043328,19649.4
#89305,569869,1043328
#89305,569332,1043328
#89305,568050,1043328
#89305,580382,1043328
#89305,541341,1043328
89305,565795,1043328,25999.6
#93770,607215,1043328
#93770,670538,1043328
#93770,620169,1043328
#93770,619981,1043328
#93770,619041,1043328
93770,627389,1043328,44231.4
#98458,728360,1043328
#98458,711871,1043328
#98458,765380,1043328
#98458,725881,1043328
#98458,726312,1043328
98458,731561,1043328,35793.6
#103380,556641,1521408
#103380,556959,1521408
#103380,554055,1521408
#103380,614503,1521408
#103380,566403,1521408
103380,569712,1521408,45570.3
#108549,591608,1521408
#108549,590795,1521408
#108549,655051,1521408
#108549,602852,1521408
#108549,602526,1521408
108549,608566,1521408,47609.8
#113976,700048,1521408
#113976,698480,1521408
#113976,633141,1521408
#113976,632260,1521408
#113976,691445,1521408
113976,671075,1521408,62934.9
#119674,698183,1521408
#119674,697503,1521408
#119674,696945,1521408
#119674,695979,1521408
#119674,695170,1521408
119674,696756,1521408,2144.61
#125657,764996,1521408
#125657,804337,1521408
#125657,744724,1521408
#125657,809805,1521408
#125657,760894,1521408
125657,776951,1521408,51136.7
#131939,882471,1521408
#131939,846172,1521408
#131939,844279,1521408
#131939,844533,1521408
#131939,843231,1521408
131939,852137,1521408,30392.3
#138535,1007008,1521408
#138535,957314,1521408
#138535,958281,1521408
#138535,959541,1521408
#138535,958149,1521408
138535,968059,1521408,38975.4
#145461,1145054,1521408
#145461,1105508,1521408
#145461,1108707,1521408
#145461,1106557,1521408
#145461,1104583,1521408
145461,1.11408e+06,1521408,31093.7
#152734,889937,2218496
#152734,852715,2218496
#152734,846841,2218496
#152734,845046,2218496
#152734,846723,2218496
152734,856252,2218496,34083.8
#160370,964345,2218496
#160370,913401,2218496
#160370,912164,2218496
#160370,906688,2218496
#160370,906256,2218496
160370,920571,2218496,44144.4
#168388,958152,2218496
#168388,1009539,2218496
#168388,970468,2218496
#168388,970508,2218496
#168388,968130,2218496
168388,975359,2218496,35373
#176807,1068716,2218496
#176807,1061768,2218496
#176807,1058790,2218496
#176807,1053754,2218496
#176807,1055772,2218496
176807,1.05976e+06,2218496,10475.1
#185647,1205379,2218496
#185647,1215647,2218496
#185647,1158226,2218496
#185647,1160360,2218496
#185647,1154721,2218496
185647,1.17887e+06,2218496,52209.1
#194929,1299094,2218496
#194929,1290627,2218496
#194929,1282918,2218496
#194929,1280626,2218496
#194929,1279846,2218496
194929,1.28662e+06,2218496,14619.9
#204675,1464474,2218496
#204675,1455731,2218496
#204675,1452704,2218496
#204675,1451191,2218496
#204675,1449198,2218496
204675,1.45466e+06,2218496,10701.6
#214908,1431509,3235200
#214908,1240125,3235200
#214908,1215575,3235200
#214908,1195757,3235200
#214908,1193996,3235200
214908,1.25539e+06,3235200,179246
#225653,1453765,3235200
#225653,1344161,3235200
#225653,1324804,3235200
#225653,1305957,3235200
#225653,1271476,3235200
225653,1.34003e+06,3235200,123435
#236935,1423524,3235200
#236935,1419988,3235200
#236935,1360791,3235200
#236935,1358936,3235200
#236935,1355280,3235200
236935,1.3837e+06,3235200,62280.3
#248781,1506878,3235200
#248781,1535582,3235200
#248781,1467234,3235200
#248781,1459101,3235200
#248781,1473409,3235200
248781,1.48844e+06,3235200,57262.4
#261220,1681483,3235200
#261220,1640196,3235200
#261220,1593501,3235200
#261220,1645515,3235200
#261220,1636317,3235200
261220,1.6394e+06,3235200,56037.3
#274281,1905663,3235200
#274281,1779148,3235200
#274281,1819145,3235200
#274281,1753737,3235200
#274281,1761067,3235200
274281,1.80375e+06,3235200,111541
#287995,2090195,3235200
#287995,1983296,3235200
#287995,1949042,3235200
#287995,2041850,3235200
#287995,1938276,3235200
287995,2.00053e+06,3235200,115137
#302394,2338149,3235200
#302394,2346242,3235200
#302394,2259531,3235200
#302394,2251225,3235200
#302394,2250487,3235200
302394,2.28913e+06,3235200,87044
#317513,2232916,4717824
#317513,1888708,4717824
#317513,1855659,4717824
#317513,1840224,4717824
#317513,1833818,4717824
317513,1.93026e+06,4717824,305025
#333388,2136515,4717824
#333388,2032683,4717824
#333388,2131350,4717824
#333388,2029266,4717824
#333388,1994254,4717824
333388,2.06481e+06,4717824,116079
#350057,2182011,4717824
#350057,2141955,4717824
#350057,2158205,4717824
#350057,2090621,4717824
#350057,2104617,4717824
350057,2.13548e+06,4717824,67458.7
#367559,2369131,4717824
#367559,2285329,4717824
#367559,2253898,4717824
#367559,2289596,4717824
#367559,2240385,4717824
367559,2.28767e+06,4717824,89538.8
#385936,2520794,4717824
#385936,2483815,4717824
#385936,2524636,4717824
#385936,2473105,4717824
#385936,2489412,4717824
385936,2.49835e+06,4717824,41213.1
#405232,2784619,4717824
#405232,2815807,4717824
#405232,2774174,4717824
#405232,2757819,4717824
#405232,2737361,4717824
405232,2.77396e+06,4717824,52648.6
#425493,3149452,4717824
#425493,3122445,4717824
#425493,3077125,4717824
#425493,3066673,4717824
#425493,3128081,4717824
425493,3.10876e+06,4717824,63172.8
#446767,3547319,4717824
#446767,3546592,4717824
#446767,3594845,4717824
#446767,3536357,4717824
#446767,3537648,4717824
446767,3.55255e+06,4717824,43229.7
#469105,4906157,6880000
#469105,4371630,6880000
#469105,4343401,6880000
#469105,4307762,6880000
#469105,4409182,6880000
469105,4.46763e+06,6880000,443557
#492560,4677744,6880000
#492560,4597288,6880000
#492560,4744535,6880000
#492560,4938710,6880000
#492560,4449873,6880000
492560,4.68163e+06,6880000,323589
#517188,4977444,6880000
#517188,5003738,6880000
#517188,4989774,6880000
#517188,4918913,6880000
#517188,4845227,6880000
517188,4.94702e+06,6880000,117038
#543047,5125422,6880000
#543047,5273150,6880000
#543047,5207892,6880000
#543047,5105053,6880000
#543047,5197226,6880000
543047,5.18175e+06,6880000,121102
#570199,5552805,6880000
#570199,5513218,6880000
#570199,5731977,6880000
#570199,5740560,6880000
#570199,5976879,6880000
570199,5.70309e+06,6880000,329649
#598708,5995877,6880000
#598708,5959995,6880000
#598708,5964749,6880000
#598708,6118378,6880000
#598708,6246316,6880000
598708,6.05706e+06,6880000,221385
#628643,6560158,6880000
#628643,6897411,6880000
#628643,6812446,6880000
#628643,6508561,6880000
#628643,6480545,6880000
628643,6.65182e+06,6880000,339854
#660075,10467404,10033152
#660075,9953159,10033152
#660075,9866609,10033152
#660075,10078537,10033152
#660075,9795266,10033152
660075,1.00322e+07,10033152,474430
#693078,10554032,10033152
#693078,10308233,10033152
#693078,10263646,10033152
#693078,10402186,10033152
#693078,10283680,10033152
693078,1.03624e+07,10033152,213895
#727731,10916423,10033152
#727731,10893250,10033152
#727731,10858537,10033152
#727731,10875128,10033152
#727731,10874739,10033152
727731,1.08836e+07,10033152,39485.9
#764117,11635693,10033152
#764117,11484344,10033152
#764117,11453781,10033152
#764117,11426230,10033152
#764117,11553044,10033152
764117,1.15106e+07,10033152,150959
#802322,12353489,10033152
#802322,12264006,10033152
#802322,12251986,10033152
#802322,12129866,10033152
#802322,12455147,10033152
802322,1.22909e+07,10033152,217373
#842438,13080044,10033152
#842438,13004181,10033152
#842438,13079712,10033152
#842438,13107896,10033152
#842438,13023946,10033152
842438,1.30592e+07,10033152,77441.3
#884559,13978034,10033152
#884559,14157192,10033152
#884559,14195113,10033152
#884559,14023302,10033152
#884559,14338824,10033152
884559,1.41385e+07,10033152,257222
#928786,15202458,10033152
#928786,15256820,10033152
#928786,15449215,10033152
#928786,15275057,10033152
#928786,15257561,10033152
928786,1.52882e+07,10033152,168223
#975225,19108588,14631552
#975225,18808432,14631552
#975225,18886891,14631552
#975225,18774884,14631552
#975225,18818400,14631552
975225,1.88794e+07,14631552,240440
#1023986,20043474,14631552
#1023986,19944920,14631552
#1023986,20068131,14631552
#1023986,19820903,14631552
#1023986,19836839,14631552
1023986,1.99429e+07,14631552,203832
#1075185,20988529,14631552
#1075185,21145821,14631552
#1075185,21245601,14631552
#1075185,21127792,14631552
#1075185,20906677,14631552
1075185,2.10829e+07,14631552,240676
#1128944,22254452,14631552
#1128944,22067188,14631552
#1128944,22486356,14631552
#1128944,22264764,14631552
#1128944,22123542,14631552
1128944,2.22393e+07,14631552,289741
#1185391,23652537,14631552
#1185391,23455584,14631552
#1185391,23447995,14631552
#1185391,23695495,14631552
#1185391,23517216,14631552
1185391,2.35538e+07,14631552,203972
#1244660,25065326,14631552
#1244660,24962037,14631552
#1244660,24991743,14631552
#1244660,25213086,14631552
#1244660,25114435,14631552
1244660,2.50693e+07,14631552,179439
#1306893,27207388,14631552
#1306893,26861434,14631552
#1306893,26975473,14631552
#1306893,27179540,14631552
#1306893,26794251,14631552
1306893,2.70036e+07,14631552,331438
#1372237,29337136,14631552
#1372237,29417750,14631552
#1372237,29456882,14631552
#1372237,29322158,14631552
#1372237,29231221,14631552
1372237,2.9353e+07,14631552,157523
#1440848,31977304,21337472
#1440848,31478433,21337472
#1440848,31494242,21337472
#1440848,31493820,21337472
#1440848,31504948,21337472
1440848,3.15897e+07,21337472,387923
#1512890,33197315,21337472
#1512890,33146617,21337472
#1512890,33095871,21337472
#1512890,33154925,21337472
#1512890,33202649,21337472
1512890,3.31595e+07,21337472,77600.8
#1588534,35255928,21337472
#1588534,35018664,21337472
#1588534,35270942,21337472
#1588534,35529215,21337472
#1588534,35010531,21337472
1588534,3.52171e+07,21337472,383531
#1667960,37241320,21337472
#1667960,37049725,21337472
#1667960,36990770,21337472
#1667960,37091833,21337472
#1667960,37042585,21337472
1667960,3.70832e+07,21337472,170622
#1751358,39579870,21337472
#1751358,39639836,21337472
#1751358,39494062,21337472
#1751358,39586547,21337472
#1751358,39355047,21337472
1751358,3.95311e+07,21337472,199284
#1838925,42115872,21337472
#1838925,41984286,21337472
#1838925,41968748,21337472
#1838925,42460948,21337472
#1838925,42033708,21337472
1838925,4.21127e+07,21337472,363030
#1930871,45587123,21337472
#1930871,45408815,21337472
#1930871,45349258,21337472
#1930871,46197003,21337472
#1930871,45641853,21337472
1930871,4.56368e+07,21337472,600652
#2027414,49805349,21337472
#2027414,49613986,21337472
#2027414,49772862,21337472
#2027414,49771281,21337472
#2027414,50132222,21337472
2027414,4.98191e+07,21337472,340271
#2128784,50469517,31116928
#2128784,50014476,31116928
#2128784,49997119,31116928
#2128784,50001357,31116928
#2128784,49913234,31116928
2128784,5.00791e+07,31116928,396866
#2235223,52708987,31116928
#2235223,52709051,31116928
#2235223,53127166,31116928
#2235223,52776040,31116928
#2235223,52779735,31116928
2235223,5.28202e+07,31116928,313098
#2346984,55865869,31116928
#2346984,55572581,31116928
#2346984,55758774,31116928
#2346984,56575665,31116928
#2346984,55886845,31116928
2346984,5.59319e+07,31116928,681120
#2464333,59209717,31116928
#2464333,59040512,31116928
#2464333,59188411,31116928
#2464333,59086975,31116928
#2464333,58980330,31116928
2464333,5.91012e+07,31116928,174073
#2587549,63133229,31116928
#2587549,63121122,31116928
#2587549,62744153,31116928
#2587549,62691235,31116928
#2587549,62808066,31116928
2587549,6.28996e+07,31116928,379065
#2716926,67629913,31116928
#2716926,67531080,31116928
#2716926,67248932,31116928
#2716926,67283181,31116928
#2716926,67226092,31116928
2716926,6.73838e+07,31116928,329179
#2852772,77138748,31116928
#2852772,72915754,31116928
#2852772,73021097,31116928
#2852772,72788541,31116928
#2852772,72878848,31116928
2852772,7.37486e+07,31116928,3.39343e+06
#2995410,78270342,45378688
#2995410,78119373,45378688
#2995410,78300916,45378688
#2995410,78202034,45378688
#2995410,77908266,45378688
2995410,7.81602e+07,45378688,281169
#3145180,81966428,45378688
#3145180,81910959,45378688
#3145180,82321696,45378688
#3145180,81903808,45378688
#3145180,81932193,45378688
3145180,8.2007e+07,45378688,317677
#3302439,86933886,45378688
#3302439,86426166,45378688
#3302439,86462333,45378688
#3302439,86650045,45378688
#3302439,86503474,45378688
3302439,8.65952e+07,45378688,371328
#3467560,91579311,45378688
#3467560,91827693,45378688
#3467560,91766443,45378688
#3467560,91786913,45378688
#3467560,91675030,45378688
3467560,9.17271e+07,45378688,178432
#3640938,97459338,45378688
#3640938,97315532,45378688
#3640938,97136892,45378688
#3640938,97253564,45378688
#3640938,97447107,45378688
3640938,9.73225e+07,45378688,242491
#3822984,103817671,45378688
#3822984,103630330,45378688
#3822984,103814876,45378688
#3822984,103773418,45378688
#3822984,103638618,45378688
3822984,1.03735e+08,45378688,167179
#4014133,110998375,45378688
#4014133,110912214,45378688
#4014133,110910178,45378688
#4014133,111002696,45378688
#4014133,110881439,45378688
4014133,1.10941e+08,45378688,99697.3
#4214839,120366251,45378688
#4214839,120278429,45378688
#4214839,120367711,45378688
#4214839,120180278,45378688
#4214839,120348208,45378688
4214839,1.20308e+08,45378688,143562
#4425580,117844428,66177152
#4425580,117747842,66177152
#4425580,117616623,66177152
#4425580,117675269,66177152
#4425580,117531460,66177152
4425580,1.17683e+08,66177152,214837
#4646859,124099232,66177152
#4646859,124019039,66177152
#4646859,123924704,66177152
#4646859,123854680,66177152
#4646859,124228665,66177152
4646859,1.24025e+08,66177152,262440
#4879201,131181069,66177152
#4879201,130911119,66177152
#4879201,131046552,66177152
#4879201,130796119,66177152
#4879201,131166390,66177152
4879201,1.3102e+08,66177152,296723
#5123161,138848158,66177152
#5123161,138820698,66177152
#5123161,138536264,66177152
#5123161,139308592,66177152
#5123161,138494279,66177152
5123161,1.38802e+08,66177152,582699
#5379319,147660564,66177152
#5379319,147283026,66177152
#5379319,147379142,66177152
#5379319,147210342,66177152
#5379319,147466277,66177152
5379319,1.474e+08,66177152,312889
#5648284,157523638,66177152
#5648284,157285853,66177152
#5648284,157654337,66177152
#5648284,157353589,66177152
#5648284,157206624,66177152
5648284,1.57405e+08,66177152,325498
#5930698,169130623,66177152
#5930698,169061964,66177152
#5930698,168982185,66177152
#5930698,168965152,66177152
#5930698,169052355,66177152
5930698,1.69038e+08,66177152,119266
#6227232,184072842,66177152
#6227232,184471693,66177152
#6227232,187990501,66177152
#6227232,184203260,66177152
#6227232,183820044,66177152
6227232,1.84912e+08,66177152,3.1074e+06
#6538593,179206496,96508160
#6538593,177570478,96508160
#6538593,176524915,96508160
#6538593,177722402,96508160
#6538593,176738314,96508160
6538593,1.77553e+08,96508160,1.89393e+06
#6865522,186225409,96508160
#6865522,186318419,96508160
#6865522,186179981,96508160
#6865522,186055164,96508160
#6865522,186077555,96508160
6865522,1.86171e+08,96508160,193748
#7208798,197046313,96508160
#7208798,196480853,96508160
#7208798,196644675,96508160
#7208798,196889624,96508160
#7208798,196568260,96508160
7208798,1.96726e+08,96508160,420444
#7569237,210348846,96508160
#7569237,208738786,96508160
#7569237,208562137,96508160
#7569237,208451948,96508160
#7569237,208281493,96508160
7569237,2.08877e+08,96508160,1.50196e+06
#7947698,222071569,96508160
#7947698,222276240,96508160
#7947698,222055462,96508160
#7947698,221946711,96508160
#7947698,222271243,96508160
7947698,2.22124e+08,96508160,258821
#8345082,237475764,96508160
#8345082,237771747,96508160
#8345082,238123954,96508160
#8345082,236777637,96508160
#8345082,236835070,96508160
8345082,2.37397e+08,96508160,1.04861e+06
#8762336,255980488,96508160
#8762336,255538282,96508160
#8762336,255540984,96508160
#8762336,255586453,96508160
#8762336,255877728,96508160
8762336,2.55705e+08,96508160,373607
#9200452,279815776,96508160
#9200452,280252702,96508160
#9200452,279926016,96508160
#9200452,279662124,96508160
#9200452,280428618,96508160
9200452,2.80017e+08,96508160,565467
#9660474,270677963,140740864
#9660474,270346503,140740864
#9660474,271166972,140740864
#9660474,273506496,140740864
#9660474,270701990,140740864
9660474,2.7128e+08,140740864,2.28701e+06
