#1,258,9
#1,103,9
#1,53,9
#1,55,9
#1,53,9
1,104.4,9,158.289
#2,104,27
#2,59,27
#2,54,27
#2,56,27
#2,54,27
2,65.4,27,38.7732
#3,75,27
#3,61,27
#3,63,27
#3,65,27
#3,64,27
3,65.6,27,9.76524
#4,84,63
#4,69,63
#4,69,63
#4,72,63
#4,71,63
4,73,63,11.2428
#5,87,63
#5,68,63
#5,74,63
#5,74,63
#5,72,63
5,75,63,12.775
#6,105,63
#6,73,63
#6,77,63
#6,78,63
#6,78,63
6,82.2,63,23.0963
#7,89,63
#7,85,63
#7,78,63
#7,79,63
#7,77,63
7,81.6,63,9.26067
#8,82,135
#8,87,135
#8,85,135
#8,85,135
#8,86,135
8,85,135,3.34664
#9,85,135
#9,89,135
#9,89,135
#9,90,135
#9,90,135
9,88.6,135,3.70945
#10,92,135
#10,99,135
#10,98,135
#10,95,135
#10,94,135
10,95.6,135,5.15364
#11,105,135
#11,104,135
#11,99,135
#11,99,135
#11,96,135
11,100.6,135,6.76461
#12,101,135
#12,102,135
#12,100,135
#12,102,135
#12,100,135
12,101,135,1.78885
#13,104,135
#13,112,135
#13,105,135
#13,105,135
#13,108,135
13,106.8,135,5.8515
#14,118,135
#14,115,135
#14,110,135
#14,111,135
#14,107,135
14,112.2,135,7.73563
#15,143,279
#15,113,279
#15,114,279
#15,115,279
#15,115,279
15,120,279,23.0478
#16,153,279
#16,120,279
#16,113,279
#16,118,279
#16,116,279
16,124,279,29.3666
#17,132,279
#17,126,279
#17,122,279
#17,124,279
#17,122,279
17,125.2,279,7.41889
#18,145,279
#18,135,279
#18,136,279
#18,129,279
#18,126,279
18,134.2,279,13.1088
#19,140,279
#19,138,279
#19,136,279
#19,131,279
#19,131,279
19,135.2,279,7.31027
#20,158,279
#20,143,279
#20,135,279
#20,134,279
#20,135,279
20,141,279,18.1989
#21,171,279
#21,144,279
#21,142,279
#21,142,279
#21,142,279
21,148.2,279,22.8526
#22,184,279
#22,153,279
#22,145,279
#22,144,279
#22,141,279
22,153.4,279,31.6127
#23,173,279
#23,152,279
#23,155,279
#23,150,279
#23,149,279
23,155.8,279,17.6816
#24,176,279
#24,159,279
#24,147,279
#24,145,279
#24,154,279
24,156.2,279,22.1775
#25,161,279
#25,167,279
#25,164,279
#25,160,279
#25,159,279
25,162.2,279,5.8515
#26,213,279
#26,192,279
#26,190,279
#26,163,279
#26,161,279
26,183.8,279,39.0978
#27,161,279
#27,196,279
#27,192,279
#27,190,279
#27,170,279
27,181.8,279,27.4925
#28,167,279
#28,170,279
#28,177,279
#28,171,279
#28,169,279
28,170.8,279,6.74092
#29,180,567
#29,175,567
#29,182,567
#29,172,567
#29,170,567
29,175.8,567,9.15642
#30,190,567
#30,186,567
#30,178,567
#30,168,567
#30,175,567
30,179.4,567,15.6767
#31,187,567
#31,189,567
#31,189,567
#31,178,567
#31,186,567
31,185.8,567,8.1388
#32,196,567
#32,192,567
#32,194,567
#32,185,567
#32,182,567
32,189.8,567,10.7629
#33,209,567
#33,179,567
#33,194,567
#33,188,567
#33,194,567
33,192.8,567,19.5714
#34,225,567
#34,192,567
#34,190,567
#34,192,567
#34,188,567
34,197.4,567,27.759
#35,183,567
#35,196,567
#35,197,567
#35,199,567
#35,180,567
35,191,567,15.748
#36,191,567
#36,199,567
#36,200,567
#36,194,567
#36,187,567
36,194.2,567,9.74885
#37,194,567
#37,207,567
#37,205,567
#37,208,567
#37,202,567
37,203.2,567,10.0717
#38,193,567
#38,207,567
#38,199,567
#38,202,567
#38,195,567
38,199.2,567,9.992
#39,234,567
#39,231,567
#39,235,567
#39,207,567
#39,215,567
39,224.4,567,22.6133
#40,307,567
#40,307,567
#40,246,567
#40,207,567
#40,207,567
40,254.8,567,89.8746
#42,239,567
#42,261,567
#42,246,567
#42,218,567
#42,211,567
42,235,567,36.6388
#44,255,567
#44,237,567
#44,237,567
#44,221,567
#44,230,567
44,236,567,22.3428
#46,226,567
#46,248,567
#46,233,567
#46,229,567
#46,239,567
46,235,567,15.6461
#48,376,567
#48,354,567
#48,333,567
#48,277,567
#48,244,567
48,316.8,567,98.1216
#50,244,567
#50,272,567
#50,282,567
#50,256,567
#50,246,567
50,260,567,29.6108
#52,349,567
#52,359,567
#52,305,567
#52,279,567
#52,259,567
52,310.2,567,77.5051
#54,256,567
#54,288,567
#54,293,567
#54,275,567
#54,259,567
54,274.2,567,29.7563
#56,308,567
#56,305,567
#56,310,567
#56,284,567
#56,275,567
56,296.4,567,28.3577
#58,277,1143
#58,312,1143
#58,310,1143
#58,304,1143
#58,274,1143
58,295.4,1143,32.9751
#60,281,1143
#60,298,1143
#60,294,1143
#60,288,1143
#60,285,1143
60,289.2,1143,12.2246
#63,397,1143
#63,389,1143
#63,366,1143
#63,305,1143
#63,313,1143
63,354,1143,76.4199
#66,349,1143
#66,381,1143
#66,345,1143
#66,313,1143
#66,313,1143
66,340.2,1143,50.9494
#69,315,1143
#69,357,1143
#69,352,1143
#69,339,1143
#69,313,1143
69,335.2,1143,36.582
#72,378,1143
#72,355,1143
#72,350,1143
#72,326,1143
#72,333,1143
72,348.4,1143,36.4549
#75,343,1143
#75,377,1143
#75,385,1143
#75,375,1143
#75,344,1143
75,364.8,1143,35.4265
#78,349,1143
#78,368,1143
#78,369,1143
#78,372,1143
#78,360,1143
78,363.6,1143,16.6181
#81,362,1143
#81,375,1143
#81,377,1143
#81,374,1143
#81,368,1143
81,371.2,1143,10.9836
#85,378,1143
#85,383,1143
#85,391,1143
#85,382,1143
#85,378,1143
85,382.4,1143,9.5163
#89,423,1143
#89,432,1143
#89,428,1143
#89,400,1143
#89,397,1143
89,416,1143,29.2027
#93,407,1143
#93,434,1143
#93,434,1143
#93,433,1143
#93,409,1143
93,423.4,1143,25.1905
#97,526,1143
#97,507,1143
#97,476,1143
#97,462,1143
#97,457,1143
97,485.6,1143,53.3457
#101,628,1143
#101,702,1143
#101,471,1143
#101,451,1143
#101,456,1143
101,541.6,1143,207.293
#106,620,1143
#106,658,1143
#106,533,1143
#106,494,1143
#106,484,1143
106,557.8,1143,138.682
#111,651,1143
#111,664,1143
#111,546,1143
#111,495,1143
#111,501,1143
111,571.4,1143,145.187
#116,504,2295
#116,533,2295
#116,525,2295
#116,500,2295
#116,504,2295
116,513.2,2295,26.4545
#121,521,2295
#121,527,2295
#121,527,2295
#121,519,2295
#121,520,2295
121,522.8,2295,6.97424
#127,655,2295
#127,633,2295
#127,598,2295
#127,582,2295
#127,574,2295
127,608.4,2295,61.7427
#133,591,2295
#133,600,2295
#133,602,2295
#133,597,2295
#133,594,2295
133,596.8,2295,7.93977
#139,590,2295
#139,599,2295
#139,594,2295
#139,596,2295
#139,593,2295
139,594.4,2295,6.01332
#145,615,2295
#145,616,2295
#145,614,2295
#145,610,2295
#145,610,2295
145,613,2295,5.05964
#152,773,2295
#152,710,2295
#152,679,2295
#152,681,2295
#152,655,2295
152,699.6,2295,81.266
#159,775,2295
#159,777,2295
#159,750,2295
#159,717,2295
#159,710,2295
159,745.8,2295,56.248
#166,862,2295
#166,845,2295
#166,725,2295
#166,731,2295
#166,725,2295
166,777.6,2295,124.487
#174,834,2295
#174,797,2295
#174,758,2295
#174,767,2295
#174,754,2295
174,782,2295,60.0933
#182,1250,2295
#182,1206,2295
#182,942,2295
#182,876,2295
#182,862,2295
182,1027.2,2295,333.492
#191,983,2295
#191,923,2295
#191,894,2295
#191,869,2295
#191,835,2295
191,900.8,2295,100.546
#200,989,2295
#200,971,2295
#200,950,2295
#200,884,2295
#200,878,2295
200,934.4,2295,90.7092
#210,1604,2295
#210,1388,2295
#210,1157,2295
#210,971,2295
#210,941,2295
210,1212.2,2295,505.321
#220,1484,2295
#220,1188,2295
#220,1074,2295
#220,987,2295
#220,955,2295
220,1137.6,2295,382.205
#231,946,4599
#231,959,4599
#231,962,4599
#231,966,4599
#231,958,4599
231,958.2,4599,13.4104
#242,988,4599
#242,1002,4599
#242,999,4599
#242,1002,4599
#242,1014,4599
242,1001,4599,16.5892
#254,1064,4599
#254,1064,4599
#254,1065,4599
#254,1064,4599
#254,1062,4599
254,1063.8,4599,1.95959
#266,1154,4599
#266,1143,4599
#266,1125,4599
#266,1098,4599
#266,1093,4599
266,1122.6,4599,48.0766
#279,1145,4599
#279,1173,4599
#279,1170,4599
#279,1173,4599
#279,1139,4599
279,1160,4599,29.7187
#292,1308,4599
#292,1324,4599
#292,1280,4599
#292,1279,4599
#292,1266,4599
292,1291.4,4599,42.5883
#306,1262,4599
#306,1278,4599
#306,1277,4599
#306,1278,4599
#306,1280,4599
306,1275,4599,13.1453
#321,1394,4599
#321,1418,4599
#321,1409,4599
#321,1383,4599
#321,1382,4599
321,1397.2,4599,28.4928
#337,1596,4599
#337,1611,4599
#337,1468,4599
#337,1455,4599
#337,1453,4599
337,1516.6,4599,142.596
#353,1587,4599
#353,1607,4599
#353,1487,4599
#353,1467,4599
#353,1458,4599
353,1521.2,4599,125.834
#370,2241,4599
#370,2002,4599
#370,1624,4599
#370,1557,4599
#370,1555,4599
370,1795.8,4599,555.155
#388,2277,4599
#388,2141,4599
#388,1695,4599
#388,1638,4599
#388,1638,4599
388,1877.8,4599,549.224
#407,1845,4599
#407,1857,4599
#407,1801,4599
#407,1769,4599
#407,1768,4599
407,1808,4599,74.5117
#427,2908,4599
#427,2532,4599
#427,1994,4599
#427,1815,4599
#427,1811,4599
427,2212,4599,873.041
#448,3044,4599
#448,2529,4599
#448,1941,4599
#448,1917,4599
#448,1923,4599
448,2270.8,4599,903.067
#470,1969,9207
#470,1994,9207
#470,1937,9207
#470,1925,9207
#470,1923,9207
470,1949.6,9207,55.2753
#493,2171,9207
#493,2073,9207
#493,2056,9207
#493,2058,9207
#493,2066,9207
493,2084.8,9207,87.0439
#517,2147,9207
#517,2140,9207
#517,2205,9207
#517,2148,9207
#517,2133,9207
517,2154.6,9207,51.5457
#542,2153,9207
#542,2198,9207
#542,2175,9207
#542,2183,9207
#542,2176,9207
542,2177,9207,29.093
#569,2291,9207
#569,2320,9207
#569,2322,9207
#569,2315,9207
#569,2318,9207
569,2313.2,9207,22.6769
#597,2525,9207
#597,2518,9207
#597,2498,9207
#597,2470,9207
#597,2463,9207
597,2494.8,9207,49.6935
#626,2497,9207
#626,2545,9207
#626,2524,9207
#626,2500,9207
#626,2506,9207
626,2514.4,9207,35.8798
#657,2724,9207
#657,2724,9207
#657,2662,9207
#657,2574,9207
#657,2553,9207
657,2647.4,9207,144.906
#689,2929,9207
#689,2862,9207
#689,2755,9207
#689,2728,9207
#689,2729,9207
689,2800.6,9207,161.823
#723,2973,9207
#723,3008,9207
#723,2935,9207
#723,2901,9207
#723,2912,9207
723,2945.8,9207,79.3715
#759,3328,9207
#759,3332,9207
#759,3163,9207
#759,3018,9207
#759,2987,9207
759,3165.6,9207,293.603
#796,3472,9207
#796,3436,9207
#796,3202,9207
#796,3116,9207
#796,3109,9207
796,3267,9207,313.147
#835,4949,9207
#835,4011,9207
#835,3582,9207
#835,3367,9207
#835,3320,9207
835,3845.8,9207,1206.53
#876,4568,9207
#876,4108,9207
#876,3564,9207
#876,3495,9207
#876,3478,9207
876,3842.6,9207,861.635
#919,3641,18423
#919,3699,18423
#919,3598,18423
#919,3584,18423
#919,3557,18423
919,3615.8,18423,99.3692
#964,3777,18423
#964,3787,18423
#964,3765,18423
#964,3750,18423
#964,3733,18423
964,3762.4,18423,38.4
#1012,3959,18423
#1012,4011,18423
#1012,3953,18423
#1012,3956,18423
#1012,3978,18423
1012,3971.4,18423,43.2777
#1062,4253,18423
#1062,4284,18423
#1062,4279,18423
#1062,4259,18423
#1062,4254,18423
1062,4265.8,18423,26.1503
#1115,4575,18423
#1115,4572,18423
#1115,4521,18423
#1115,4433,18423
#1115,4418,18423
1115,4503.8,18423,133.838
#1170,4865,18423
#1170,4925,18423
#1170,4796,18423
#1170,4706,18423
#1170,4627,18423
1170,4783.8,18423,214.138
#1228,4835,18423
#1228,4878,18423
#1228,4800,18423
#1228,4776,18423
#1228,4801,18423
1228,4818,18423,70.8011
#1289,5400,18423
#1289,5475,18423
#1289,5254,18423
#1289,5132,18423
#1289,5111,18423
1289,5274.4,18423,287.624
#1353,6057,18423
#1353,5936,18423
#1353,5505,18423
#1353,5376,18423
#1353,5374,18423
1353,5649.6,18423,579.463
#1420,5786,18423
#1420,5810,18423
#1420,5739,18423
#1420,5593,18423
#1420,5659,18423
1420,5717.4,18423,161.575
#1491,6528,18423
#1491,6411,18423
#1491,5966,18423
#1491,5946,18423
#1491,6030,18423
1491,6176.2,18423,487.807
#1565,7615,18423
#1565,6983,18423
#1565,6436,18423
#1565,6117,18423
#1565,6043,18423
1565,6638.8,18423,1179.77
#1643,7023,18423
#1643,6723,18423
#1643,6352,18423
#1643,6281,18423
#1643,6216,18423
1643,6519,18423,614.475
#1725,8365,18423
#1725,8120,18423
#1725,7412,18423
#1725,7060,18423
#1725,6892,18423
1725,7569.8,18423,1159.06
#1811,6940,36855
#1811,7165,36855
#1811,6957,36855
#1811,6958,36855
#1811,6938,36855
1811,6991.6,36855,174.193
#1901,7136,36855
#1901,7382,36855
#1901,7218,36855
#1901,7223,36855
#1901,7238,36855
1901,7239.4,36855,159.387
#1996,7472,36855
#1996,7669,36855
#1996,7524,36855
#1996,7485,36855
#1996,7558,36855
1996,7541.6,36855,141.017
#2095,7865,36855
#2095,8015,36855
#2095,7927,36855
#2095,7911,36855
#2095,7906,36855
2095,7924.8,36855,99.0386
#2199,8094,36855
#2199,8271,36855
#2199,8027,36855
#2199,8011,36855
#2199,8012,36855
2199,8083,36855,197.638
#2308,8353,36855
#2308,8532,36855
#2308,8409,36855
#2308,8393,36855
#2308,8420,36855
2308,8421.4,36855,119.577
#2423,9048,36855
#2423,9251,36855
#2423,8975,36855
#2423,8965,36855
#2423,8885,36855
2423,9024.8,36855,248.684
#2544,9533,36855
#2544,9673,36855
#2544,9441,36855
#2544,9405,36855
#2544,9327,36855
2544,9475.8,36855,237.529
#2671,9948,36855
#2671,10083,36855
#2671,9882,36855
#2671,9754,36855
#2671,9720,36855
2671,9877.4,36855,264.241
#2804,10919,36855
#2804,10891,36855
#2804,10339,36855
#2804,10241,36855
#2804,10195,36855
2804,10517,36855,640.64
#2944,11517,36855
#2944,11426,36855
#2944,10943,36855
#2944,10861,36855
#2944,10654,36855
2944,11080.2,36855,668.665
#3091,13149,36855
#3091,12501,36855
#3091,11798,36855
#3091,11650,36855
#3091,11506,36855
3091,12120.8,36855,1234.69
#3245,13341,36855
#3245,12683,36855
#3245,11851,36855
#3245,11681,36855
#3245,11756,36855
3245,12262.4,36855,1297.38
#3407,14607,36855
#3407,13974,36855
#3407,12506,36855
#3407,12306,36855
#3407,12185,36855
3407,13115.6,36855,1970.63
#3577,17866,36855
#3577,16070,36855
#3577,14038,36855
#3577,13408,36855
#3577,13073,36855
3577,14891,36855,3630.17
#3755,13209,73719
#3755,13766,73719
#3755,13323,73719
#3755,13314,73719
#3755,13318,73719
3755,13386,73719,389.365
#3942,13396,73719
#3942,13888,73719
#3942,13523,73719
#3942,13483,73719
#3942,13478,73719
3942,13553.6,73719,344.438
#4139,14282,73719
#4139,14794,73719
#4139,14337,73719
#4139,14322,73719
#4139,14305,73719
4139,14408,73719,387.73
#4345,14725,73719
#4345,15428,73719
#4345,14953,73719
#4345,25337,73719
#4345,31050,73719
4345,20298.6,73719,13396.8
#4562,15579,73719
#4562,16146,73719
#4562,15771,73719
#4562,15637,73719
#4562,15630,73719
4562,15752.6,73719,413.408
#4790,16508,73719
#4790,17100,73719
#4790,16676,73719
#4790,16594,73719
#4790,16542,73719
4790,16684,73719,431.147
#5029,16831,73719
#5029,17291,73719
#5029,16866,73719
#5029,16709,73719
#5029,16630,73719
5029,16865.4,73719,457.99
#5280,18058,73719
#5280,18512,73719
#5280,17679,73719
#5280,17514,73719
#5280,17489,73719
5280,17850.4,73719,776.642
#5544,19158,73719
#5544,19562,73719
#5544,18905,73719
#5544,18628,73719
#5544,18520,73719
5544,18954.6,73719,752.761
#5821,19554,73719
#5821,19935,73719
#5821,19146,73719
#5821,19029,73719
#5821,18743,73719
5821,19281.4,73719,835.903
#6112,21633,73719
#6112,21595,73719
#6112,20438,73719
#6112,20088,73719
#6112,20019,73719
6112,20754.6,73719,1432.08
#6417,24871,73719
#6417,24081,73719
#6417,22430,73719
#6417,21598,73719
#6417,21287,73719
6417,22853.4,73719,2798.09
#6737,25909,73719
#6737,24943,73719
#6737,23728,73719
#6737,22566,73719
#6737,22135,73719
6737,23856.2,73719,2833.9
#7073,30934,73719
#7073,29369,73719
#7073,26638,73719
#7073,25298,73719
#7073,24552,73719
7073,27358.2,73719,4855.31
#7426,25305,147447
#7426,25958,147447
#7426,25658,147447
#7426,25657,147447
#7426,25630,147447
7426,25641.6,147447,413.811
#7797,26227,147447
#7797,26884,147447
#7797,26731,147447
#7797,26724,147447
#7797,26599,147447
7797,26633,147447,444.412
#8186,42048,147447
#8186,27541,147447
#8186,27280,147447
#8186,27197,147447
#8186,27336,147447
8186,30280.4,147447,11769.8
#8595,31809,147447
#8595,28845,147447
#8595,28436,147447
#8595,28434,147447
#8595,28272,147447
8595,29159.2,147447,2676.75
#9024,29913,147447
#9024,30659,147447
#9024,30341,147447
#9024,30447,147447
#9024,30340,147447
9024,30340,147447,486.243
#9475,30407,147447
#9475,31166,147447
#9475,30861,147447
#9475,30884,147447
#9475,30855,147447
9475,30834.6,147447,486.803
#9948,30976,147447
#9948,31657,147447
#9948,31312,147447
#9948,31328,147447
#9948,31049,147447
9948,31264.4,147447,481.678
#10445,32797,147447
#10445,33619,147447
#10445,33012,147447
#10445,32997,147447
#10445,32891,147447
10445,33063.2,147447,577.188
#10967,35392,147447
#10967,35795,147447
#10967,35412,147447
#10967,35085,147447
#10967,34957,147447
10967,35328.2,147447,583.733
#11515,36059,147447
#11515,36875,147447
#11515,36198,147447
#11515,35726,147447
#11515,35511,147447
11515,36073.8,147447,936.066
#12090,40034,147447
#12090,39999,147447
#12090,38466,147447
#12090,37894,147447
#12090,37620,147447
12090,38802.6,147447,2056.23
#12694,52708,147447
#12694,43943,147447
#12694,53794,147447
#12694,44591,147447
#12694,54084,147447
12694,49824,147447,9130.01
#13328,47800,147447
#13328,46744,147447
#13328,44885,147447
#13328,43388,147447
#13328,42880,147447
13328,45139.4,147447,3783.18
#13994,54244,147447
#13994,52585,147447
#13994,49676,147447
#13994,48096,147447
#13994,47151,147447
13994,50350.4,147447,5361.11
#14693,51646,294903
#14693,52130,294903
#14693,51858,294903
#14693,51894,294903
#14693,51898,294903
14693,51885.2,294903,307.408
#15427,53093,294903
#15427,53141,294903
#15427,53236,294903
#15427,53155,294903
#15427,52868,294903
15427,53098.6,294903,248.299
#16198,52900,294903
#16198,53149,294903
#16198,53101,294903
#16198,52982,294903
#16198,52958,294903
16198,53018,294903,185.192
#17007,54119,294903
#17007,54318,294903
#17007,54679,294903
#17007,54368,294903
#17007,54271,294903
17007,54351,294903,367.898
#17857,57022,294903
#17857,57345,294903
#17857,57216,294903
#17857,57284,294903
#17857,57220,294903
17857,57217.4,294903,217.085
#18749,57844,294903
#18749,58024,294903
#18749,57838,294903
#18749,57681,294903
#18749,57671,294903
18749,57811.6,294903,258.743
#19686,89295,294903
#19686,61707,294903
#19686,61316,294903
#19686,60963,294903
#19686,60682,294903
19686,66792.6,294903,22512.9
#20670,64591,294903
#20670,64558,294903
#20670,64473,294903
#20670,64128,294903
#20670,63992,294903
20670,64348.4,294903,484.899
#21703,68687,294903
#21703,68488,294903
#21703,68077,294903
#21703,67848,294903
#21703,67468,294903
21703,68113.6,294903,875.281
#22788,72961,294903
#22788,72570,294903
#22788,71939,294903
#22788,71652,294903
#22788,71425,294903
22788,72109.4,294903,1146.83
#23927,78138,294903
#23927,77682,294903
#23927,76489,294903
#23927,75882,294903
#23927,75863,294903
23927,76810.8,294903,1872.97
#25123,86085,294903
#25123,84812,294903
#25123,82332,294903
#25123,81308,294903
#25123,80670,294903
25123,83041.4,294903,4150.18
#26379,97355,294903
#26379,94161,294903
#26379,91756,294903
#26379,91106,294903
#26379,127762,294903
26379,100428,294903,27683.5
#27697,104414,294903
#27697,103751,294903
#27697,101595,294903
#27697,100128,294903
#27697,99197,294903
27697,101817,294903,4025.04
#29081,108417,589815
#29081,104642,589815
#29081,104575,589815
#29081,104673,589815
#29081,104418,589815
29081,105345,589815,3077.04
#30535,116944,589815
#30535,110520,589815
#30535,110248,589815
#30535,110786,589815
#30535,110935,589815
30535,111887,589815,5079.12
#32061,233913,589815
#32061,127257,589815
#32061,164921,589815
#32061,180705,589815
#32061,138022,589815
32061,168964,589815,75203.5
#33664,124752,589815
#33664,122133,589815
#33664,121695,589815
#33664,121657,589815
#33664,121677,589815
33664,122383,589815,2395.58
#35347,128414,589815
#35347,127941,589815
#35347,132995,589815
#35347,128233,589815
#35347,128116,589815
35347,129140,589815,3867.5
#37114,135047,589815
#37114,135397,589815
#37114,135276,589815
#37114,134988,589815
#37114,135506,589815
37114,135243,589815,397.406
#38969,142425,589815
#38969,142033,589815
#38969,141975,589815
#38969,141371,589815
#38969,141496,589815
38969,141860,589815,766.288
#40917,150893,589815
#40917,150339,589815
#40917,150031,589815
#40917,151170,589815
#40917,149611,589815
40917,150409,589815,1130.65
#42962,168170,589815
#42962,160634,589815
#42962,160167,589815
#42962,159459,589815
#42962,159359,589815
42962,161558,589815,6678.24
#45110,195681,589815
#45110,234419,589815
#45110,171121,589815
#45110,173092,589815
#45110,170280,589815
45110,188919,589815,49239.4
#47365,216978,589815
#47365,233932,589815
#47365,202924,589815
#47365,184603,589815
#47365,214111,589815
47365,210510,589815,32644.9
#49733,243901,589815
#49733,217481,589815
#49733,209251,589815
#49733,211187,589815
#49733,276477,589815
49733,231659,589815,51230.9
#52219,365754,589815
#52219,215844,589815
#52219,218950,589815
#52219,215530,589815
#52219,207857,589815
52219,244787,589815,121188
#54829,266238,589815
#54829,248860,589815
#54829,232318,589815
#54829,230840,589815
#54829,230711,589815
54829,241793,589815,28000.8
#57570,266413,1179639
#57570,244453,1179639
#57570,244148,1179639
#57570,245783,1179639
#57570,242770,1179639
57570,248713,1179639,17802.9
#60448,437950,1179639
#60448,261418,1179639
#60448,256393,1179639
#60448,256728,1179639
#60448,257331,1179639
60448,293964,1179639,144031
#63470,612177,1179639
#63470,311377,1179639
#63470,442392,1179639
#63470,505265,1179639
#63470,282455,1179639
63470,430733,1179639,244696
#66643,373859,1179639
#66643,289097,1179639
#66643,283859,1179639
#66643,281806,1179639
#66643,281948,1179639
66643,302114,1179639,71939.5
#69975,423217,1179639
#69975,446539,1179639
#69975,434720,1179639
#69975,566890,1179639
#69975,1008017,1179639
69975,575877,1179639,444328
#73473,600161,1179639
#73473,395615,1179639
#73473,494328,1179639
#73473,653502,1179639
#73473,636045,1179639
73473,555930,1179639,194712
#77146,378041,1179639
#77146,344503,1179639
#77146,350716,1179639
#77146,598332,1179639
#77146,551104,1179639
77146,444539,1179639,215852
#81003,372122,1179639
#81003,345671,1179639
#81003,345544,1179639
#81003,356577,1179639
#81003,352516,1179639
81003,354486,1179639,19533.5
#85053,574414,1179639
#85053,709645,1179639
#85053,452342,1179639
#85053,430536,1179639
#85053,391724,1179639
85053,511732,1179639,232586
#89305,461775,1179639
#89305,422227,1179639
#89305,390473,1179639
#89305,390192,1179639
#89305,388394,1179639
89305,410612,1179639,57052.6
#93770,462783,1179639
#93770,424343,1179639
#93770,421903,1179639
#93770,416803,1179639
#93770,414528,1179639
93770,428072,1179639,35409
#98458,482154,1179639
#98458,485983,1179639
#98458,485914,1179639
#98458,480288,1179639
#98458,492961,1179639
98458,485460,1179639,8691.32
#103380,516461,1179639
#103380,483861,1179639
#103380,487736,1179639
#103380,471631,1179639
#103380,473190,1179639
103380,486576,1179639,32303.2
#108549,550808,1179639
#108549,521251,1179639
#108549,576463,1179639
#108549,525414,1179639
#108549,522047,1179639
108549,539197,1179639,43171.5
#113976,622285,1179639
#113976,617009,1179639
#113976,583785,1179639
#113976,579927,1179639
#113976,582295,1179639
113976,597060,1179639,37116.4
#119674,1162143,2359287
#119674,639897,2359287
#119674,640921,2359287
#119674,588910,2359287
#119674,641643,2359287
119674,734703,2359287,429329
#125657,1156199,2359287
#125657,727502,2359287
#125657,620883,2359287
#125657,667726,2359287
#125657,2669466,2359287
125657,1.16836e+06,2359287,1.54873e+06
#131939,4854175,2359287
#131939,2550993,2359287
#131939,1648584,2359287
#131939,1656981,2359287
#131939,1062529,2359287
131939,2.35465e+06,2359287,2.67448e+06
#138535,1064511,2359287
#138535,789364,2359287
#138535,756732,2359287
#138535,819143,2359287
#138535,1103278,2359287
138535,906606,2359287,293219
#145461,733980,2359287
#145461,707639,2359287
#145461,662453,2359287
#145461,679902,2359287
#145461,754075,2359287
145461,707610,2359287,67297.9
#152734,755260,2359287
#152734,702431,2359287
#152734,702604,2359287
#152734,703104,2359287
#152734,694399,2359287
152734,711560,2359287,44174.6
#160370,794550,2359287
#160370,750220,2359287
#160370,733316,2359287
#160370,753140,2359287
#160370,733460,2359287
160370,752937,2359287,44751.8
#168388,839351,2359287
#168388,784991,2359287
#168388,772433,2359287
#168388,776161,2359287
#168388,772880,2359287
168388,789163,2359287,50992.7
#176807,1072599,2359287
#176807,859781,2359287
#176807,833317,2359287
#176807,817556,2359287
#176807,816868,2359287
176807,880024,2359287,195074
#185647,921832,2359287
#185647,893678,2359287
#185647,881932,2359287
#185647,895346,2359287
#185647,883630,2359287
185647,895284,2359287,28586.3
#194929,963778,2359287
#194929,941405,2359287
#194929,929961,2359287
#194929,933642,2359287
#194929,926195,2359287
194929,938996,2359287,26744.9
#204675,1035077,2359287
#204675,1018999,2359287
#204675,999228,2359287
#204675,1028429,2359287
#204675,1014025,2359287
204675,1.01915e+06,2359287,24705.4
#214908,1184293,2359287
#214908,1120278,2359287
#214908,1096561,2359287
#214908,1093071,2359287
#214908,1096769,2359287
214908,1.11819e+06,2359287,68886
#225653,1284261,2359287
#225653,1250400,2359287
#225653,1227639,2359287
#225653,1229763,2359287
#225653,1276947,2359287
225653,1.2538e+06,2359287,46796.5
#236935,2149351,4718583
#236935,1235049,4718583
#236935,1268569,4718583
#236935,1279063,4718583
#236935,1187419,4718583
236935,1.42389e+06,4718583,728271
#248781,2104126,4718583
#248781,1255546,4718583
#248781,1254410,4718583
#248781,1227866,4718583
#248781,1214052,4718583
248781,1.4112e+06,4718583,693649
#261220,2232308,4718583
#261220,1362270,4718583
#261220,1302725,4718583
#261220,1301939,4718583
#261220,1266368,4718583
261220,1.49312e+06,4718583,741748
#274281,2018858,4718583
#274281,1387027,4718583
#274281,1372676,4718583
#274281,1477044,4718583
#274281,1420300,4718583
274281,1.53518e+06,4718583,488981
#287995,1959851,4718583
#287995,1489643,4718583
#287995,1489184,4718583
#287995,1449334,4718583
#287995,1457668,4718583
287995,1.56914e+06,4718583,392069
#302394,1983309,4718583
#302394,1545115,4718583
#302394,1550772,4718583
#302394,1524568,4718583
#302394,1636430,4718583
302394,1.64804e+06,4718583,343907
#317513,1997294,4718583
#317513,1647425,4718583
#317513,1616636,4718583
#317513,1697303,4718583
#317513,1634782,4718583
317513,1.71869e+06,4718583,283707
#333388,1996439,4718583
#333388,1790750,4718583
#333388,1698069,4718583
#333388,1663912,4718583
#333388,1686065,4718583
333388,1.76705e+06,4718583,245170
#350057,2044812,4718583
#350057,1854406,4718583
#350057,1806548,4718583
#350057,1796378,4718583
#350057,1793415,4718583
350057,1.85911e+06,4718583,190832
#367559,2202497,4718583
#367559,1994147,4718583
#367559,1941994,4718583
#367559,2159061,4718583
#367559,3787696,4718583
367559,2.41708e+06,4718583,1.38442e+06
#385936,2181714,4718583
#385936,2114827,4718583
#385936,2209602,4718583
#385936,2077824,4718583
#385936,2048023,4718583
385936,2.1264e+06,4718583,122045
#405232,2847045,4718583
#405232,2280015,4718583
#405232,2242453,4718583
#405232,2371525,4718583
#405232,2288158,4718583
405232,2.40584e+06,4718583,449191
#425493,2494495,4718583
#425493,2480719,4718583
#425493,2525984,4718583
#425493,2439060,4718583
#425493,2373630,4718583
425493,2.46278e+06,4718583,105196
#446767,4094086,4718583
#446767,10909437,4718583
#446767,11246363,4718583
#446767,10611814,4718583
#446767,6736763,4718583
446767,8.71969e+06,4718583,5.66303e+06
#469105,10863506,9437175
#469105,12489523,9437175
#469105,12655596,9437175
#469105,13086129,9437175
#469105,10558348,9437175
469105,1.19306e+07,9437175,2.03863e+06
#492560,11025889,9437175
#492560,8766232,9437175
#492560,9138572,9437175
#492560,11407920,9437175
#492560,10309954,9437175
492560,1.01297e+07,9437175,2.06124e+06
#517188,8770458,9437175
#517188,8543493,9437175
#517188,11457451,9437175
#517188,9849323,9437175
#517188,10417905,9437175
517188,9.80773e+06,9437175,2.14846e+06
#543047,8200094,9437175
#543047,9712691,9437175
#543047,9601320,9437175
#543047,10369350,9437175
#543047,10799888,9437175
543047,9.73667e+06,9437175,1.76877e+06
#570199,8022650,9437175
#570199,8409126,9437175
#570199,9712208,9437175
#570199,10447861,9437175
#570199,10658634,9437175
570199,9.4501e+06,9437175,2.12528e+06
#598708,8163716,9437175
#598708,9474339,9437175
#598708,10207139,9437175
#598708,10476489,9437175
#598708,11218312,9437175
598708,9.908e+06,9437175,2.07078e+06
#628643,10690304,9437175
#628643,10268191,9437175
#628643,13520698,9437175
#628643,12777011,9437175
#628643,12260701,9437175
628643,1.19034e+07,9437175,2.47419e+06
#660075,9956909,9437175
#660075,11338086,9437175
#660075,22667402,9437175
#660075,19136034,9437175
#660075,15399095,9437175
660075,1.56995e+07,9437175,9.48476e+06
#693078,12015129,9437175
#693078,12982482,9437175
#693078,14208577,9437175
#693078,14278278,9437175
#693078,14781114,9437175
693078,1.36531e+07,9437175,2.02079e+06
#727731,11373697,9437175
#727731,13365949,9437175
#727731,13857507,9437175
#727731,14705928,9437175
#727731,15648592,9437175
727731,1.37903e+07,9437175,2.87279e+06
#764117,11639457,9437175
#764117,13275599,9437175
#764117,14893832,9437175
#764117,16069562,9437175
#764117,16172925,9437175
764117,1.44103e+07,9437175,3.4709e+06
#802322,12567978,9437175
#802322,14623800,9437175
#802322,15777123,9437175
#802322,17106639,9437175
#802322,17039087,9437175
802322,1.54229e+07,9437175,3.38959e+06
#842438,15544302,9437175
#842438,17499517,9437175
#842438,20768227,9437175
#842438,21138706,9437175
#842438,19096962,9437175
842438,1.88095e+07,9437175,4.16865e+06
#884559,13514266,9437175
#884559,19605053,9437175
#884559,18787671,9437175
#884559,18989924,9437175
#884559,20683945,9437175
884559,1.83162e+07,9437175,4.98013e+06
#928786,27969553,18874359
#928786,31952279,18874359
#928786,25545478,18874359
#928786,25447355,18874359
#928786,28067881,18874359
928786,2.77965e+07,18874359,4.72945e+06
#975225,20820247,18874359
#975225,29169100,18874359
#975225,29508255,18874359
#975225,30063364,18874359
#975225,29648618,18874359
975225,2.78419e+07,18874359,7.04505e+06
#1023986,24756106,18874359
#1023986,28374022,18874359
#1023986,36338845,18874359
#1023986,29713715,18874359
#1023986,28800988,18874359
1023986,2.95967e+07,18874359,7.53815e+06
#1075185,27427973,18874359
#1075185,33813907,18874359
#1075185,33497575,18874359
#1075185,35454827,18874359
#1075185,37063832,18874359
1075185,3.34516e+07,18874359,6.54086e+06
#1128944,26308771,18874359
#1128944,31849702,18874359
#1128944,30905762,18874359
#1128944,31570658,18874359
#1128944,31672383,18874359
1128944,3.04615e+07,18874359,4.20153e+06
#1185391,25635509,18874359
#1185391,31428777,18874359
#1185391,32656940,18874359
#1185391,32927157,18874359
#1185391,33235895,18874359
1185391,3.11769e+07,18874359,5.67548e+06
#1244660,26653564,18874359
#1244660,33088449,18874359
#1244660,34984676,18874359
#1244660,33516757,18874359
#1244660,34883469,18874359
1244660,3.26254e+07,18874359,6.15382e+06
#1306893,44952459,18874359
#1306893,46693217,18874359
#1306893,45032028,18874359
#1306893,42578255,18874359
#1306893,44223370,18874359
1306893,4.46959e+07,18874359,2.6647e+06
#1372237,29721002,18874359
#1372237,35598359,18874359
#1372237,37314034,18874359
#1372237,37382214,18874359
#1372237,37369674,18874359
1372237,3.54771e+07,18874359,5.91493e+06
#1440848,32369897,18874359
#1440848,39502048,18874359
#1440848,39862031,18874359
#1440848,40493530,18874359
#1440848,40980754,18874359
1440848,3.86417e+07,18874359,6.35392e+06
#1512890,47597646,18874359
#1512890,66795383,18874359
#1512890,44691537,18874359
#1512890,41979772,18874359
#1512890,43243059,18874359
1512890,4.88615e+07,18874359,1.83202e+07
#1588534,39537082,18874359
#1588534,44703423,18874359
#1588534,45926037,18874359
#1588534,46416294,18874359
#1588534,43870963,18874359
1588534,4.40908e+07,18874359,4.89375e+06
#1667960,38241781,18874359
#1667960,48162699,18874359
#1667960,46975013,18874359
#1667960,49170300,18874359
#1667960,52681775,18874359
1667960,4.70463e+07,18874359,9.59337e+06
#1751358,43942618,18874359
#1751358,53557484,18874359
#1751358,51475270,18874359
#1751358,54026230,18874359
#1751358,50993194,18874359
1751358,5.0799e+07,18874359,7.2404e+06
#1838925,55722692,37748727
#1838925,64734927,37748727
#1838925,67905937,37748727
#1838925,69551183,37748727
#1838925,69249122,37748727
1838925,6.54328e+07,37748727,1.02923e+07
#1930871,60868724,37748727
#1930871,69676338,37748727
#1930871,74506546,37748727
#1930871,69546611,37748727
#1930871,65887248,37748727
1930871,6.80971e+07,37748727,9.06902e+06
#2027414,77190289,37748727
#2027414,105087089,37748727
#2027414,80616219,37748727
#2027414,70678915,37748727
#2027414,94559657,37748727
2027414,8.56264e+07,37748727,2.49515e+07
#2128784,80692458,37748727
#2128784,106538969,37748727
#2128784,72738220,37748727
#2128784,120041676,37748727
#2128784,111204083,37748727
2128784,9.82431e+07,37748727,3.65569e+07
#2235223,69492551,37748727
#2235223,77718149,37748727
#2235223,78284302,37748727
#2235223,79823222,37748727
#2235223,84253864,37748727
2235223,7.79144e+07,37748727,9.58896e+06
#2346984,73985243,37748727
#2346984,81899819,37748727
#2346984,82446438,37748727
#2346984,79556084,37748727
#2346984,83013375,37748727
2346984,8.01802e+07,37748727,6.62642e+06
#2464333,78677703,37748727
#2464333,85412164,37748727
#2464333,86195784,37748727
#2464333,86121784,37748727
#2464333,85980337,37748727
2464333,8.44776e+07,37748727,5.82587e+06
#2587549,83000547,37748727
#2587549,88606461,37748727
#2587549,88933548,37748727
#2587549,89744165,37748727
#2587549,89036804,37748727
2587549,8.78643e+07,37748727,4.92007e+06
#2716926,83228192,37748727
#2716926,92684015,37748727
#2716926,95355713,37748727
#2716926,93206174,37748727
#2716926,92200880,37748727
2716926,9.1335e+07,37748727,8.38844e+06
#2852772,106661735,37748727
#2852772,91767154,37748727
#2852772,96376280,37748727
#2852772,96557874,37748727
#2852772,100033134,37748727
2852772,9.82792e+07,37748727,9.89278e+06
#2995410,98729160,37748727
#2995410,103358044,37748727
#2995410,120342385,37748727
#2995410,104318986,37748727
#2995410,101158820,37748727
2995410,1.05581e+08,37748727,1.52561e+07
#3145180,127432823,37748727
#3145180,124771125,37748727
#3145180,119790270,37748727
#3145180,106623076,37748727
#3145180,107356130,37748727
3145180,1.17195e+08,37748727,1.73785e+07
#3302439,113518886,37748727
#3302439,127392990,37748727
#3302439,123101299,37748727
#3302439,124662704,37748727
#3302439,120184320,37748727
3302439,1.21772e+08,37748727,9.48065e+06
#3467560,130996511,37748727
#3467560,127250640,37748727
#3467560,127370378,37748727
#3467560,126992334,37748727
#3467560,141598314,37748727
3467560,1.30842e+08,37748727,1.11532e+07
#3640938,133453278,37748727
#3640938,134240265,37748727
#3640938,137340677,37748727
#3640938,139917686,37748727
#3640938,147512631,37748727
3640938,1.38493e+08,37748727,1.0127e+07
#3822984,196758156,75497463
#3822984,233653949,75497463
#3822984,238194438,75497463
#3822984,224448525,75497463
#3822984,215262763,75497463
3822984,2.21664e+08,75497463,2.9476e+07
#4014133,160219363,75497463
#4014133,189145859,75497463
#4014133,189499713,75497463
#4014133,200138381,75497463
#4014133,194365209,75497463
4014133,1.86674e+08,75497463,2.76317e+07
#4214839,190027737,75497463
#4214839,212900445,75497463
#4214839,189249648,75497463
#4214839,205362098,75497463
#4214839,206730388,75497463
4214839,2.00854e+08,75497463,1.90124e+07
#4425580,217585230,75497463
#4425580,197216705,75497463
#4425580,218002670,75497463
#4425580,222930482,75497463
#4425580,216081938,75497463
4425580,2.14363e+08,75497463,1.77535e+07
#4646859,201768485,75497463
#4646859,228372008,75497463
#4646859,222406893,75497463
#4646859,231761433,75497463
#4646859,230051315,75497463
4646859,2.22872e+08,75497463,2.20252e+07
#4879201,227194310,75497463
#4879201,241861182,75497463
#4879201,240329684,75497463
#4879201,238507156,75497463
#4879201,235523717,75497463
4879201,2.36683e+08,75497463,1.03853e+07
#5123161,238815931,75497463
#5123161,245263412,75497463
#5123161,246753900,75497463
#5123161,240795089,75497463
#5123161,261622200,75497463
5123161,2.4665e+08,75497463,1.60438e+07
#5379319,258680873,75497463
#5379319,279340934,75497463
#5379319,266328484,75497463
#5379319,263695125,75497463
#5379319,255142971,75497463
5379319,2.64638e+08,75497463,1.66269e+07
#5648284,272967580,75497463
#5648284,277064316,75497463
#5648284,282516664,75497463
#5648284,273116112,75497463
#5648284,258450968,75497463
5648284,2.72823e+08,75497463,1.59654e+07
#5930698,285476244,75497463
#5930698,292051238,75497463
#5930698,296867506,75497463
#5930698,299634412,75497463
#5930698,313268986,75497463
5930698,2.9746e+08,75497463,1.85012e+07
#6227232,347864976,75497463
#6227232,346755123,75497463
#6227232,346531061,75497463
#6227232,401936994,75497463
#6227232,391797649,75497463
6227232,3.66977e+08,75497463,4.92382e+07
#6538593,331352611,75497463
#6538593,347043381,75497463
#6538593,329742498,75497463
#6538593,334600438,75497463
#6538593,339156858,75497463
6538593,3.36379e+08,75497463,1.24552e+07
#6865522,342710763,75497463
#6865522,349327059,75497463
#6865522,335287096,75497463
#6865522,342449803,75497463
#6865522,378814382,75497463
6865522,3.49718e+08,75497463,3.04228e+07
#7208798,362830364,75497463
#7208798,353101056,75497463
#7208798,361520384,75497463
#7208798,379798521,75497463
#7208798,381220320,75497463
7208798,3.67694e+08,75497463,2.19855e+07
#7569237,370800173,150994935
#7569237,363240086,150994935
#7569237,387788523,150994935
#7569237,377382412,150994935
#7569237,384480689,150994935
7569237,3.76738e+08,150994935,1.7887e+07
#7947698,382279033,150994935
#7947698,385171001,150994935
#7947698,450298365,150994935
#7947698,398873202,150994935
#7947698,431234101,150994935
7947698,4.09571e+08,150994935,5.35362e+07
#8345082,413092949,150994935
#8345082,422038769,150994935
#8345082,417538783,150994935
#8345082,431592169,150994935
#8345082,427258861,150994935
8345082,4.22304e+08,150994935,1.32194e+07
#8762336,424818734,150994935
#8762336,536211064,150994935
#8762336,530267771,150994935
#8762336,471989986,150994935
#8762336,473613933,150994935
8762336,4.8738e+08,150994935,8.27725e+07
#9200452,453623094,150994935
#9200452,467938460,150994935
#9200452,459832817,150994935
#9200452,466782903,150994935
#9200452,460905580,150994935
9200452,4.61817e+08,150994935,1.03553e+07
#9660474,525389187,150994935
#9660474,487082269,150994935
#9660474,554868766,150994935
#9660474,499759719,150994935
#9660474,467653616,150994935
9660474,5.06951e+08,150994935,6.08398e+07
