#1,305,256
#1,60,256
#1,26,256
#1,27,256
#1,28,256
1,89.2,256,217.312
#2,51,256
#2,28,256
#2,28,256
#2,30,256
#2,30,256
2,33.4,256,17.6907
#3,51,256
#3,40,256
#3,34,256
#3,34,256
#3,34,256
3,38.6,256,13.2424
#4,56,256
#4,37,256
#4,38,256
#4,39,256
#4,38,256
4,41.6,256,14.4554
#5,41,256
#5,43,256
#5,41,256
#5,41,256
#5,43,256
5,41.8,256,1.95959
#6,48,256
#6,44,256
#6,45,256
#6,46,256
#6,45,256
6,45.6,256,2.71293
#7,54,256
#7,50,256
#7,47,256
#7,47,256
#7,47,256
7,49,256,5.51362
#8,71,256
#8,58,256
#8,52,256
#8,52,256
#8,51,256
8,56.8,256,15.0413
#9,84,256
#9,85,256
#9,74,256
#9,54,256
#9,55,256
9,70.4,256,27.088
#10,71,256
#10,78,256
#10,67,256
#10,62,256
#10,62,256
10,68,256,12.0665
#11,61,256
#11,65,256
#11,63,256
#11,62,256
#11,64,256
11,63,256,2.82843
#12,69,256
#12,68,256
#12,66,256
#12,66,256
#12,66,256
12,67,256,2.52982
#13,81,384
#13,74,384
#13,71,384
#13,70,384
#13,71,384
13,73.4,384,8.05978
#14,79,384
#14,77,384
#14,73,384
#14,75,384
#14,74,384
14,75.6,384,4.30813
#15,76,384
#15,82,384
#15,79,384
#15,77,384
#15,79,384
15,78.6,384,4.11825
#16,80,384
#16,87,384
#16,81,384
#16,85,384
#16,84,384
16,83.4,384,5.15364
#17,89,384
#17,88,384
#17,89,384
#17,89,384
#17,89,384
17,88.8,384,0.8
#18,92,384
#18,93,384
#18,90,384
#18,91,384
#18,92,384
18,91.6,384,2.03961
#19,91,384
#19,99,384
#19,96,384
#19,94,384
#19,92,384
19,94.4,384,5.74108
#20,115,384
#20,112,384
#20,111,384
#20,96,384
#20,96,384
20,106,384,16.5409
#21,97,384
#21,124,384
#21,121,384
#21,121,384
#21,102,384
21,113,384,22.3786
#22,120,384
#22,109,384
#22,108,384
#22,113,384
#22,106,384
22,111.2,384,9.91161
#23,111,384
#23,112,384
#23,109,384
#23,109,384
#23,109,384
23,110,384,2.52982
#24,129,384
#24,129,384
#24,122,384
#24,108,384
#24,109,384
24,119.4,384,18.53
#25,117,640
#25,130,640
#25,132,640
#25,128,640
#25,111,640
25,123.6,640,16.3267
#26,119,640
#26,117,640
#26,115,640
#26,114,640
#26,116,640
26,116.2,640,3.44093
#27,121,640
#27,119,640
#27,119,640
#27,120,640
#27,119,640
27,119.6,640,1.6
#28,146,640
#28,146,640
#28,140,640
#28,135,640
#28,141,640
28,141.6,640,8.25591
#29,136,640
#29,133,640
#29,133,640
#29,133,640
#29,128,640
29,132.6,640,5.15364
#30,177,640
#30,164,640
#30,147,640
#30,133,640
#30,136,640
30,151.4,640,33.5762
#31,143,640
#31,159,640
#31,154,640
#31,159,640
#31,143,640
31,151.6,640,14.5107
#32,142,640
#32,146,640
#32,145,640
#32,144,640
#32,141,640
32,143.6,640,3.70945
#33,180,640
#33,185,640
#33,177,640
#33,171,640
#33,160,640
33,174.6,640,17.186
#34,153,640
#34,146,640
#34,144,640
#34,145,640
#34,148,640
34,147.2,640,6.37495
#35,151,640
#35,150,640
#35,150,640
#35,149,640
#35,151,640
35,150.2,640,1.49666
#36,219,640
#36,211,640
#36,189,640
#36,179,640
#36,171,640
36,193.8,640,36.8
#37,204,1152
#37,185,1152
#37,183,1152
#37,158,1152
#37,156,1152
37,177.2,1152,36.1198
#38,163,1152
#38,191,1152
#38,190,1152
#38,191,1152
#38,160,1152
38,179,1152,28.6496
#39,167,1152
#39,166,1152
#39,165,1152
#39,164,1152
#39,162,1152
39,164.8,1152,3.44093
#40,186,1152
#40,206,1152
#40,187,1152
#40,189,1152
#40,183,1152
40,190.2,1152,16.2678
#42,184,1152
#42,184,1152
#42,176,1152
#42,177,1152
#42,175,1152
42,179.2,1152,7.93977
#44,202,1152
#44,204,1152
#44,204,1152
#44,183,1152
#44,183,1152
44,195.2,1152,19.976
#46,206,1152
#46,219,1152
#46,219,1152
#46,219,1152
#46,203,1152
46,213.2,1152,14.3332
#48,233,1152
#48,232,1152
#48,220,1152
#48,199,1152
#48,199,1152
48,216.6,1152,30.1622
#50,263,1152
#50,263,1152
#50,246,1152
#50,233,1152
#50,217,1152
50,244.4,1152,35.4987
#52,237,1152
#52,228,1152
#52,228,1152
#52,213,1152
#52,212,1152
52,223.6,1152,19.2914
#54,235,1152
#54,252,1152
#54,233,1152
#54,233,1152
#54,233,1152
54,237.2,1152,14.8809
#56,267,1152
#56,262,1152
#56,256,1152
#56,228,1152
#56,228,1152
56,248.2,1152,33.7141
#58,340,1152
#58,318,1152
#58,288,1152
#58,263,1152
#58,267,1152
58,295.2,1152,59.4024
#60,459,1152
#60,419,1152
#60,309,1152
#60,290,1152
#60,280,1152
60,351.4,1152,146.46
#63,267,1536
#63,259,1536
#63,254,1536
#63,255,1536
#63,255,1536
63,258,1536,9.63328
#66,268,1536
#66,265,1536
#66,267,1536
#66,264,1536
#66,266,1536
66,266,1536,2.82843
#69,355,1536
#69,341,1536
#69,340,1536
#69,317,1536
#69,319,1536
69,334.4,1536,28.8333
#72,379,1536
#72,386,1536
#72,304,1536
#72,303,1536
#72,305,1536
72,335.4,1536,77.0517
#75,354,1536
#75,355,1536
#75,329,1536
#75,313,1536
#75,312,1536
75,332.6,1536,37.7486
#78,361,1536
#78,357,1536
#78,325,1536
#78,324,1536
#78,324,1536
78,338.2,1536,34.0682
#81,323,1536
#81,321,1536
#81,324,1536
#81,324,1536
#81,323,1536
81,323,1536,2.19089
#85,468,1536
#85,442,1536
#85,392,1536
#85,369,1536
#85,353,1536
85,404.8,1536,87.2092
#89,465,1536
#89,429,1536
#89,406,1536
#89,395,1536
#89,392,1536
89,417.4,1536,54.238
#93,519,1536
#93,497,1536
#93,445,1536
#93,423,1536
#93,422,1536
93,461.2,1536,79.4018
#97,409,2048
#97,400,2048
#97,418,2048
#97,400,2048
#97,399,2048
97,405.2,2048,14.7187
#101,455,2048
#101,456,2048
#101,453,2048
#101,441,2048
#101,440,2048
101,449,2048,14.0285
#106,446,2048
#106,444,2048
#106,441,2048
#106,443,2048
#106,428,2048
106,440.4,2048,12.8125
#111,503,2048
#111,510,2048
#111,470,2048
#111,453,2048
#111,453,2048
111,477.8,2048,48.6851
#116,552,2048
#116,543,2048
#116,512,2048
#116,496,2048
#116,495,2048
116,519.6,2048,47.4738
#121,544,2048
#121,544,2048
#121,543,2048
#121,514,2048
#121,515,2048
121,532,2048,28.5937
#127,600,2048
#127,570,2048
#127,532,2048
#127,531,2048
#127,533,2048
127,553.2,2048,55.3014
#133,612,2048
#133,603,2048
#133,562,2048
#133,556,2048
#133,558,2048
133,578.2,2048,48.3388
#139,680,2048
#139,645,2048
#139,599,2048
#139,584,2048
#139,582,2048
139,618,2048,76.8687
#145,634,2816
#145,615,2816
#145,596,2816
#145,597,2816
#145,596,2816
145,607.6,2816,30.1091
#152,671,2816
#152,658,2816
#152,640,2816
#152,639,2816
#152,642,2816
152,650,2816,25.1396
#159,672,2816
#159,672,2816
#159,668,2816
#159,670,2816
#159,668,2816
159,670,2816,3.57771
#166,704,2816
#166,689,2816
#166,677,2816
#166,661,2816
#166,654,2816
166,677,2816,36.4198
#174,818,2816
#174,806,2816
#174,771,2816
#174,730,2816
#174,725,2816
174,770,2816,76.0316
#182,786,2816
#182,755,2816
#182,739,2816
#182,739,2816
#182,740,2816
182,751.8,2816,36.2966
#191,912,2816
#191,908,2816
#191,863,2816
#191,840,2816
#191,832,2816
191,871,2816,66.9089
#200,1045,2816
#200,1026,2816
#200,863,2816
#200,859,2816
#200,830,2816
200,924.6,2816,182.921
#210,1059,2816
#210,1011,2816
#210,935,2816
#210,884,2816
#210,874,2816
210,952.6,2816,144.014
#220,972,3840
#220,976,3840
#220,953,3840
#220,903,3840
#220,903,3840
220,941.4,3840,64.6046
#231,946,3840
#231,938,3840
#231,942,3840
#231,927,3840
#231,929,3840
231,936.4,3840,14.6751
#242,990,3840
#242,982,3840
#242,954,3840
#242,953,3840
#242,955,3840
242,966.8,3840,31.7843
#254,1095,3840
#254,1105,3840
#254,1100,3840
#254,1090,3840
#254,1087,3840
254,1095.4,3840,13.0599
#266,1174,3840
#266,1177,3840
#266,1125,3840
#266,1126,3840
#266,1125,3840
266,1145.4,3840,49.1951
#279,1359,3840
#279,1314,3840
#279,1209,3840
#279,1151,3840
#279,1152,3840
279,1237,3840,170.219
#292,1543,3840
#292,1418,3840
#292,1270,3840
#292,1217,3840
#292,1206,3840
292,1330.8,3840,260.545
#306,1534,3840
#306,1482,3840
#306,1352,3840
#306,1313,3840
#306,1257,3840
306,1387.6,3840,208.294
#321,1369,5376
#321,1374,5376
#321,1333,5376
#321,1311,5376
#321,1293,5376
321,1336,5376,63.3467
#337,1480,5376
#337,1454,5376
#337,1422,5376
#337,1376,5376
#337,1373,5376
337,1421,5376,84.3801
#353,1581,5376
#353,1610,5376
#353,1558,5376
#353,1527,5376
#353,1530,5376
353,1561.2,5376,62.7809
#370,1738,5376
#370,1720,5376
#370,1584,5376
#370,1544,5376
#370,1543,5376
370,1625.8,5376,171.48
#388,1633,5376
#388,1636,5376
#388,1626,5376
#388,1592,5376
#388,1588,5376
388,1615,5376,41.415
#407,1872,5376
#407,1877,5376
#407,1704,5376
#407,1666,5376
#407,1685,5376
407,1760.8,5376,187.247
#427,2294,5376
#427,2169,5376
#427,1957,5376
#427,1880,5376
#427,1833,5376
427,2026.6,5376,352.814
#448,2263,5376
#448,2192,5376
#448,1947,5376
#448,1877,5376
#448,1879,5376
448,2031.6,5376,326.949
#470,1941,7552
#470,1906,7552
#470,1880,7552
#470,1863,7552
#470,1870,7552
470,1892,7552,57.0333
#493,2228,7552
#493,2163,7552
#493,2085,7552
#493,2033,7552
#493,2025,7552
493,2106.8,7552,156.105
#517,2275,7552
#517,2205,7552
#517,2121,7552
#517,2114,7552
#517,2111,7552
517,2165.2,7552,130.086
#542,2444,7552
#542,2388,7552
#542,2214,7552
#542,2190,7552
#542,2183,7552
542,2283.8,7552,219.732
#569,2512,7552
#569,2516,7552
#569,2341,7552
#569,2304,7552
#569,2287,7552
569,2392,7552,202.279
#597,2832,7552
#597,2812,7552
#597,2637,7552
#597,2495,7552
#597,2489,7552
597,2653,7552,295.889
#626,2986,7552
#626,2966,7552
#626,2665,7552
#626,2623,7552
#626,2597,7552
626,2767.4,7552,343.629
#657,3289,7552
#657,3051,7552
#657,2794,7552
#657,2712,7552
#657,2709,7552
657,2911,7552,453.059
#689,3112,10624
#689,3065,10624
#689,2896,10624
#689,2835,10624
#689,2848,10624
689,2951.2,10624,229.794
#723,3046,10624
#723,3039,10624
#723,3009,10624
#723,2967,10624
#723,2972,10624
723,3006.6,10624,65.5634
#759,3508,10624
#759,3559,10624
#759,3317,10624
#759,3243,10624
#759,3193,10624
759,3364,10624,289.623
#796,3574,10624
#796,3601,10624
#796,3426,10624
#796,3366,10624
#796,3362,10624
796,3465.8,10624,204.558
#835,3964,10624
#835,3940,10624
#835,3634,10624
#835,3545,10624
#835,3488,10624
835,3714.2,10624,399.613
#876,4274,10624
#876,4027,10624
#876,3748,10624
#876,3749,10624
#876,3694,10624
876,3898.4,10624,442.116
#919,4856,10624
#919,4482,10624
#919,4133,10624
#919,4052,10624
#919,3960,10624
919,4296.6,10624,661.631
#964,3915,14976
#964,3908,14976
#964,3851,14976
#964,3798,14976
#964,3788,14976
964,3852,14976,106.275
#1012,4361,14976
#1012,4310,14976
#1012,4194,14976
#1012,4176,14976
#1012,4160,14976
1012,4240.2,14976,160.382
#1062,4651,14976
#1062,4670,14976
#1062,7518,14976
#1062,4427,14976
#1062,4382,14976
1062,5129.6,14976,2399.55
#1115,4869,14976
#1115,4876,14976
#1115,4653,14976
#1115,4591,14976
#1115,4569,14976
1115,4711.6,14976,268.5
#1170,5164,14976
#1170,5129,14976
#1170,4871,14976
#1170,4862,14976
#1170,4832,14976
1170,4971.6,14976,287.629
#1228,5759,14976
#1228,5598,14976
#1228,5247,14976
#1228,5245,14976
#1228,5214,14976
1228,5412.6,14976,446.606
#1289,6839,14976
#1289,6430,14976
#1289,5918,14976
#1289,5656,14976
#1289,5526,14976
1289,6073.8,14976,984.408
#1353,7270,14976
#1353,6646,14976
#1353,6256,14976
#1353,6037,14976
#1353,5905,14976
1353,6422.8,14976,984.824
#1420,5877,21248
#1420,5914,21248
#1420,5832,21248
#1420,5749,21248
#1420,5747,21248
1420,5823.8,21248,134.244
#1491,6296,21248
#1491,6326,21248
#1491,6254,21248
#1491,6233,21248
#1491,6221,21248
1491,6266,21248,78.7807
#1565,6788,21248
#1565,6821,21248
#1565,6725,21248
#1565,6742,21248
#1565,6710,21248
1565,6757.2,21248,82.5339
#1643,7439,21248
#1643,7368,21248
#1643,7114,21248
#1643,7060,21248
#1643,7031,21248
1643,7202.4,21248,335.706
#1725,8165,21248
#1725,8052,21248
#1725,7597,21248
#1725,7523,21248
#1725,7480,21248
1725,7763.4,21248,572.971
#1811,9274,21248
#1811,8743,21248
#1811,8551,21248
#1811,8153,21248
#1811,8058,21248
1811,8555.8,21248,876.781
#1901,11041,21248
#1901,10452,21248
#1901,9489,21248
#1901,9248,21248
#1901,9033,21248
1901,9852.6,21248,1533.9
#1996,8903,30208
#1996,9284,30208
#1996,8622,30208
#1996,8615,30208
#1996,8588,30208
1996,8802.4,30208,533.434
#2095,9676,30208
#2095,9797,30208
#2095,9459,30208
#2095,9324,30208
#2095,9297,30208
2095,9510.6,30208,392.417
#2199,9614,30208
#2199,9772,30208
#2199,9523,30208
#2199,9398,30208
#2199,9432,30208
2199,9547.8,30208,269.982
#2308,10239,30208
#2308,10302,30208
#2308,10030,30208
#2308,9963,30208
#2308,10277,30208
2308,10162.2,30208,276.809
#2423,12598,30208
#2423,12423,30208
#2423,12080,30208
#2423,11732,30208
#2423,11429,30208
2423,12052.4,30208,861.194
#2544,13426,30208
#2544,13218,30208
#2544,12650,30208
#2544,12406,30208
#2544,12064,30208
2544,12752.8,30208,1009.91
#2671,14323,30208
#2671,13768,30208
#2671,13099,30208
#2671,12705,30208
#2671,12298,30208
2671,13238.6,30208,1454.68
#2804,12113,43008
#2804,16332,43008
#2804,12149,43008
#2804,12015,43008
#2804,12090,43008
2804,12939.8,43008,3393.33
#2944,13440,43008
#2944,13490,43008
#2944,13208,43008
#2944,13098,43008
#2944,13115,43008
2944,13270.2,43008,328.333
#3091,13993,43008
#3091,14138,43008
#3091,13780,43008
#3091,13665,43008
#3091,13618,43008
3091,13838.8,43008,395.692
#3245,15636,43008
#3245,15793,43008
#3245,15373,43008
#3245,15123,43008
#3245,15059,43008
3245,15396.8,43008,568.389
#3407,16406,43008
#3407,16971,43008
#3407,16120,43008
#3407,15813,43008
#3407,15771,43008
3407,16216.2,43008,883.527
#3577,18075,43008
#3577,17872,43008
#3577,17439,43008
#3577,16899,43008
#3577,16870,43008
3577,17431,43008,982.66
#3755,21075,43008
#3755,20418,43008
#3755,19584,43008
#3755,18681,43008
#3755,18268,43008
3755,19605.2,43008,2090.68
#3942,22716,43008
#3942,21824,43008
#3942,20536,43008
#3942,19816,43008
#3942,19483,43008
3942,20875,43008,2443.6
#4139,18799,61312
#4139,18997,61312
#4139,18616,61312
#4139,18501,61312
#4139,18432,61312
4139,18669,61312,411.52
#4345,21357,61312
#4345,20879,61312
#4345,20446,61312
#4345,20089,61312
#4345,20068,61312
4345,20567.8,61312,985.319
#4562,23339,61312
#4562,22643,61312
#4562,22243,61312
#4562,21753,61312
#4562,21615,61312
4562,22318.6,61312,1254.47
#4790,23291,61312
#4790,23411,61312
#4790,23017,61312
#4790,22428,61312
#4790,22370,61312
4790,22903.4,61312,863.165
#5029,25255,61312
#5029,24273,61312
#5029,23672,61312
#5029,23042,61312
#5029,22982,61312
5029,23844.8,61312,1694.88
#5280,27298,61312
#5280,27122,61312
#5280,25988,61312
#5280,25413,61312
#5280,24687,61312
5280,26101.6,61312,1992.14
#5544,31349,61312
#5544,31024,61312
#5544,29567,61312
#5544,28875,61312
#5544,28365,61312
5544,29836,61312,2342.69
#5821,28102,87424
#5821,29153,87424
#5821,28063,87424
#5821,27939,87424
#5821,27949,87424
5821,28241.2,87424,920.529
#6112,29949,87424
#6112,30895,87424
#6112,29656,87424
#6112,29530,87424
#6112,29417,87424
6112,29889.4,87424,1066.43
#6417,31927,87424
#6417,32246,87424
#6417,31796,87424
#6417,31347,87424
#6417,31298,87424
6417,31722.8,87424,716.924
#6737,35408,87424
#6737,35736,87424
#6737,35016,87424
#6737,34068,87424
#6737,34078,87424
6737,34861.2,87424,1365.52
#7073,37056,87424
#7073,37290,87424
#7073,36375,87424
#7073,35524,87424
#7073,35343,87424
7073,36317.6,87424,1568.12
#7426,41255,87424
#7426,41191,87424
#7426,39868,87424
#7426,38822,87424
#7426,38240,87424
7426,39875.2,87424,2436.12
#7797,46206,87424
#7797,46049,87424
#7797,44614,87424
#7797,57287,87424
#7797,43804,87424
7797,47592,87424,9859.5
#8186,41269,124800
#8186,41456,124800
#8186,40849,124800
#8186,53480,124800
#8186,39614,124800
8186,43333.6,124800,10227.3
#8595,41980,124800
#8595,42386,124800
#8595,41627,124800
#8595,41398,124800
#8595,41208,124800
8595,41719.8,124800,841.728
#9024,44524,124800
#9024,44978,124800
#9024,44452,124800
#9024,43954,124800
#9024,43940,124800
9024,44369.6,124800,778.747
#9475,47863,124800
#9475,52216,124800
#9475,47791,124800
#9475,47247,124800
#9475,47003,124800
9475,48424,124800,3847
#9948,52977,124800
#9948,53162,124800
#9948,52036,124800
#9948,51331,124800
#9948,51207,124800
9948,52142.6,124800,1620.08
#10445,58439,124800
#10445,59389,124800
#10445,57253,124800
#10445,56057,124800
#10445,55362,124800
10445,57300,124800,2961.67
#10967,66548,124800
#10967,67641,124800
#10967,64886,124800
#10967,63622,124800
#10967,62587,124800
10967,65056.8,124800,3697.51
#11515,72454,124800
#11515,87405,124800
#11515,72293,124800
#11515,70620,124800
#11515,69811,124800
11515,74516.6,124800,13042.6
#12090,65694,178176
#12090,65830,178176
#12090,65367,178176
#12090,65075,178176
#12090,65058,178176
12090,65404.8,178176,629.221
#12694,70078,178176
#12694,70059,178176
#12694,86040,178176
#12694,69072,178176
#12694,68870,178176
12694,72823.8,178176,13253.2
#13328,73843,178176
#13328,74110,178176
#13328,72957,178176
#13328,72555,178176
#13328,72553,178176
13328,73203.6,178176,1306.96
#13994,77366,178176
#13994,77398,178176
#13994,76734,178176
#13994,76109,178176
#13994,75956,178176
13994,76712.6,178176,1211.26
#14693,87424,178176
#14693,87449,178176
#14693,97645,178176
#14693,82634,178176
#14693,82270,178176
14693,87484.4,178176,11098.1
#15427,93520,178176
#15427,93213,178176
#15427,91016,178176
#15427,103307,178176
#15427,91452,178176
15427,94501.6,178176,9015.92
#16198,107670,178176
#16198,107911,178176
#16198,105632,178176
#16198,117383,178176
#16198,101161,178176
16198,107951,178176,10602.8
#17007,93347,254336
#17007,93294,254336
#17007,104369,254336
#17007,90437,254336
#17007,90306,254336
17007,94350.6,254336,10360.2
#17857,99857,254336
#17857,100636,254336
#17857,99208,254336
#17857,98946,254336
#17857,98614,254336
17857,99452.2,254336,1437.69
#18749,109963,254336
#18749,110627,254336
#18749,109450,254336
#18749,108664,254336
#18749,108526,254336
18749,109446,254336,1579.87
#19686,110312,254336
#19686,110418,254336
#19686,114124,254336
#19686,108778,254336
#19686,108738,254336
19686,110474,254336,3923.47
#20670,123623,254336
#20670,120931,254336
#20670,119737,254336
#20670,118252,254336
#20670,118130,254336
20670,120135,254336,4052.05
#21703,132162,254336
#21703,132922,254336
#21703,130808,254336
#21703,129895,254336
#21703,148299,254336
21703,134817,254336,13644.1
#22788,152339,254336
#22788,152755,254336
#22788,150704,254336
#22788,149401,254336
#22788,153185,254336
22788,151677,254336,2828.61
#23927,147351,363136
#23927,147771,363136
#23927,146639,363136
#23927,146271,363136
#23927,150348,363136
23927,147676,363136,2871.05
#25123,147369,363136
#25123,147810,363136
#25123,146954,363136
#25123,146552,363136
#25123,151125,363136
25123,147962,363136,3272.12
#26379,159629,363136
#26379,159782,363136
#26379,159005,363136
#26379,158665,363136
#26379,158941,363136
26379,159204,363136,855.102
#27697,176247,363136
#27697,176489,363136
#27697,174930,363136
#27697,174060,363136
#27697,173889,363136
27697,175123,363136,2157.65
#29081,179875,363136
#29081,199455,363136
#29081,178424,363136
#29081,181876,363136
#29081,193573,363136
29081,186641,363136,16691.4
#30535,203140,363136
#30535,203481,363136
#30535,201596,363136
#30535,200247,363136
#30535,200042,363136
30535,201701,363136,2844.86
#32061,248754,363136
#32061,235811,363136
#32061,234416,363136
#32061,232839,363136
#32061,242970,363136
32061,238958,363136,12001.1
#33664,254242,363136
#33664,253788,363136
#33664,252684,363136
#33664,251310,363136
#33664,251152,363136
33664,252635,363136,2509.05
#35347,213446,518656
#35347,213475,518656
#35347,212320,518656
#35347,212132,518656
#35347,212015,518656
35347,212678,518656,1293.33
#37114,226800,518656
#37114,226500,518656
#37114,225343,518656
#37114,224751,518656
#37114,224518,518656
37114,225582,518656,1834.34
#38969,248118,518656
#38969,247314,518656
#38969,246352,518656
#38969,262904,518656
#38969,232622,518656
38969,247462,518656,19190.9
#40917,265338,518656
#40917,261977,518656
#40917,260610,518656
#40917,260183,518656
#40917,270201,518656
40917,263662,518656,7473.95
#42962,290789,518656
#42962,290423,518656
#42962,292718,518656
#42962,285758,518656
#42962,271996,518656
42962,286337,518656,15052.8
#45110,324717,518656
#45110,331924,518656
#45110,305657,518656
#45110,304423,518656
#45110,330736,518656
45110,319491,518656,24112.5
#47365,362738,518656
#47365,363289,518656
#47365,362490,518656
#47365,361518,518656
#47365,361809,518656
47365,362369,518656,1275.93
#49733,354791,740736
#49733,320901,740736
#49733,320083,740736
#49733,345021,740736
#49733,328515,740736
49733,333862,740736,27553.4
#52219,341746,740736
#52219,341715,740736
#52219,340798,740736
#52219,339999,740736
#52219,340412,740736
52219,340934,740736,1395.57
#54829,384818,740736
#54829,382293,740736
#54829,396881,740736
#54829,360554,740736
#54829,360819,740736
54829,377073,740736,28518.9
#57570,399246,740736
#57570,415796,740736
#57570,388535,740736
#57570,385741,740736
#57570,407808,740736
57570,399425,740736,22700.8
#60448,433077,740736
#60448,433359,740736
#60448,444735,740736
#60448,419209,740736
#60448,419070,740736
60448,429890,740736,19467.3
#63470,481334,740736
#63470,466250,740736
#63470,468877,740736
#63470,464516,740736
#63470,463632,740736
63470,468922,740736,12918.1
#66643,531604,740736
#66643,530005,740736
#66643,512608,740736
#66643,510621,740736
#66643,510999,740736
66643,519167,740736,19076.9
#69975,456061,1058048
#69975,438604,1058048
#69975,449535,1058048
#69975,425753,1058048
#69975,425749,1058048
69975,439140,1058048,24547
#73473,465397,1058048
#73473,465353,1058048
#73473,463620,1058048
#73473,466946,1058048
#73473,468945,1058048
73473,466052,1058048,3577.81
#77146,495126,1058048
#77146,493153,1058048
#77146,490862,1058048
#77146,490029,1058048
#77146,490311,1058048
77146,491896,1058048,3906.92
#81003,514201,1058048
#81003,514490,1058048
#81003,517144,1058048
#81003,538131,1058048
#81003,527101,1058048
81003,522213,1058048,18478.2
#85053,582220,1058048
#85053,570902,1058048
#85053,568082,1058048
#85053,583986,1058048
#85053,552621,1058048
85053,571562,1058048,22614.3
#89305,609611,1058048
#89305,623820,1058048
#89305,610764,1058048
#89305,607340,1058048
#89305,607133,1058048
89305,611734,1058048,12393.4
#93770,691501,1058048
#93770,694007,1058048
#93770,690870,1058048
#93770,692939,1058048
#93770,712647,1058048
93770,696393,1058048,16401.2
#98458,792304,1058048
#98458,792673,1058048
#98458,792726,1058048
#98458,791701,1058048
#98458,794858,1058048
98458,792852,1058048,2134.86
#103380,691013,1511296
#103380,658605,1511296
#103380,658240,1511296
#103380,683559,1511296
#103380,675759,1511296
103380,673435,1511296,26346.9
#108549,717373,1511296
#108549,703066,1511296
#108549,701390,1511296
#108549,699992,1511296
#108549,702106,1511296
108549,704785,1511296,12746.4
#113976,771496,1511296
#113976,751631,1511296
#113976,747589,1511296
#113976,747552,1511296
#113976,779504,1511296
113976,759554,1511296,26692.3
#119674,807037,1511296
#119674,840055,1511296
#119674,828599,1511296
#119674,832670,1511296
#119674,803546,1511296
119674,822381,1511296,28942.6
#125657,919784,1511296
#125657,895255,1511296
#125657,880419,1511296
#125657,882509,1511296
#125657,877825,1511296
125657,891158,1511296,31037.2
#131939,995507,1511296
#131939,966537,1511296
#131939,968928,1511296
#131939,965980,1511296
#131939,963842,1511296
131939,972159,1511296,23571.6
#138535,1085702,1511296
#138535,1081398,1511296
#138535,1082219,1511296
#138535,1081979,1511296
#138535,1077648,1511296
138535,1.08179e+06,1511296,5125.1
#145461,890227,2158848
#145461,868572,2158848
#145461,862502,2158848
#145461,861212,2158848
#145461,860965,2158848
145461,868696,2158848,22230.5
#152734,942103,2158848
#152734,924377,2158848
#152734,932659,2158848
#152734,948512,2158848
#152734,913580,2158848
152734,932246,2158848,24855.7
#160370,1009489,2158848
#160370,989031,2158848
#160370,983620,2158848
#160370,978596,2158848
#160370,978627,2158848
160370,987873,2158848,22947.4
#168388,1067401,2158848
#168388,1062413,2158848
#168388,1055691,2158848
#168388,1052983,2158848
#168388,1077120,2158848
168388,1.06312e+06,2158848,17269.1
#176807,1131454,2158848
#176807,1123856,2158848
#176807,1176579,2158848
#176807,1236257,2158848
#176807,1189722,2158848
176807,1.17157e+06,2158848,82097.1
#185647,1287315,2158848
#185647,1268238,2158848
#185647,1258877,2158848
#185647,1255756,2158848
#185647,1263106,2158848
185647,1.26666e+06,2158848,22293
#194929,1467198,2158848
#194929,1436836,2158848
#194929,1427069,2158848
#194929,1424944,2158848
#194929,1432853,2158848
194929,1.43778e+06,2158848,30595.1
#204675,1537765,3083904
#204675,1447400,3083904
#204675,1406956,3083904
#204675,1415993,3083904
#204675,1447577,3083904
204675,1.45114e+06,3083904,92598.5
#214908,1522466,3083904
#214908,1519786,3083904
#214908,1504017,3083904
#214908,1496061,3083904
#214908,1512368,3083904
214908,1.51094e+06,3083904,19645.9
#225653,1643756,3083904
#225653,1577565,3083904
#225653,1586695,3083904
#225653,1567719,3083904
#225653,1569601,3083904
225653,1.58907e+06,3083904,56309.7
#236935,1738331,3083904
#236935,1709063,3083904
#236935,1694912,3083904
#236935,1687314,3083904
#236935,1705326,3083904
236935,1.70699e+06,3083904,34898.1
#248781,1901723,3083904
#248781,1816222,3083904
#248781,1818782,3083904
#248781,1810406,3083904
#248781,1812271,3083904
248781,1.83188e+06,3083904,70088.1
#261220,2049411,3083904
#261220,2013498,3083904
#261220,1997659,3083904
#261220,1982199,3083904
#261220,2027084,3083904
261220,2.01397e+06,3083904,46507.7
#274281,2323590,3083904
#274281,2225513,3083904
#274281,2208525,3083904
#274281,2196221,3083904
#274281,2201388,3083904
274281,2.23105e+06,3083904,94634.4
#287995,2537645,3083904
#287995,2500372,3083904
#287995,2490940,3083904
#287995,2489743,3083904
#287995,2594910,3083904
287995,2.52272e+06,3083904,80155
#302394,2043195,4405376
#302394,1913483,4405376
#302394,1869182,4405376
#302394,1878116,4405376
#302394,1874169,4405376
302394,1.91563e+06,4405376,131335
#317513,2102395,4405376
#317513,2022991,4405376
#317513,2013280,4405376
#317513,2028812,4405376
#317513,2017840,4405376
317513,2.03706e+06,4405376,66148.5
#333388,2185392,4405376
#333388,2590144,4405376
#333388,2190424,4405376
#333388,2201557,4405376
#333388,2175836,4405376
333388,2.26867e+06,4405376,321901
#350057,2386934,4405376
#350057,2311017,4405376
#350057,2266006,4405376
#350057,2253328,4405376
#350057,2315160,4405376
350057,2.30649e+06,4405376,93944.9
#367559,2534193,4405376
#367559,2607709,4405376
#367559,2652738,4405376
#367559,2572489,4405376
#367559,2542138,4405376
367559,2.58185e+06,4405376,87770.9
#385936,2999221,4405376
#385936,2828646,4405376
#385936,2808803,4405376
#385936,2852334,4405376
#385936,2849363,4405376
385936,2.86767e+06,4405376,135246
#405232,3238730,4405376
#405232,3318231,4405376
#405232,3223353,4405376
#405232,3275909,4405376
#405232,3228862,4405376
405232,3.25702e+06,4405376,71355.1
#425493,5233805,6293248
#425493,4256665,6293248
#425493,3893180,6293248
#425493,3997743,6293248
#425493,3913363,6293248
425493,4.25895e+06,6293248,1.00868e+06
#446767,4599188,6293248
#446767,4294497,6293248
#446767,4140486,6293248
#446767,4194153,6293248
#446767,4437024,6293248
446767,4.33307e+06,6293248,334065
#469105,4504706,6293248
#469105,4434382,6293248
#469105,4718065,6293248
#469105,4448325,6293248
#469105,4410972,6293248
469105,4.50329e+06,6293248,223468
#492560,5327105,6293248
#492560,4820206,6293248
#492560,4718480,6293248
#492560,4859290,6293248
#492560,4931406,6293248
492560,4.9313e+06,6293248,419029
#517188,5149042,6293248
#517188,5160814,6293248
#517188,5164278,6293248
#517188,5328336,6293248
#517188,5080612,6293248
517188,5.17662e+06,6293248,163458
#543047,5943553,6293248
#543047,5604202,6293248
#543047,5536881,6293248
#543047,5573014,6293248
#543047,5518432,6293248
543047,5.63522e+06,6293248,313957
#570199,6223718,6293248
#570199,6150726,6293248
#570199,6385000,6293248
#570199,6232166,6293248
#570199,6489317,6293248
570199,6.29619e+06,6293248,246083
#598708,9313419,8990208
#598708,8836676,8990208
#598708,9342055,8990208
#598708,8896741,8990208
#598708,8722870,8990208
598708,9.02235e+06,8990208,511369
#628643,10039736,8990208
#628643,10550901,8990208
#628643,10467338,8990208
#628643,9458541,8990208
#628643,9667266,8990208
628643,1.00368e+07,8990208,858189
#660075,9838678,8990208
#660075,9678077,8990208
#660075,9847772,8990208
#660075,9393258,8990208
#660075,10096036,8990208
660075,9.77076e+06,8990208,462555
#693078,10355393,8990208
#693078,10416382,8990208
#693078,9957081,8990208
#693078,10188991,8990208
#693078,10201010,8990208
693078,1.02238e+07,8990208,319092
#727731,10657894,8990208
#727731,10626964,8990208
#727731,10792577,8990208
#727731,10964131,8990208
#727731,10754560,8990208
727731,1.07592e+07,8990208,238129
#764117,12004517,8990208
#764117,11832918,8990208
#764117,11697097,8990208
#764117,11537630,8990208
#764117,11694441,8990208
764117,1.17533e+07,8990208,313159
#802322,12496710,8990208
#802322,12482610,8990208
#802322,12298516,8990208
#802322,12187274,8990208
#802322,12194661,8990208
802322,1.2332e+07,8990208,269431
#842438,13991808,8990208
#842438,13739931,8990208
#842438,14650971,8990208
#842438,16148501,8990208
#842438,14174208,8990208
842438,1.45411e+07,8990208,1.71441e+06
#884559,19335123,12843008
#884559,19060658,12843008
#884559,20440648,12843008
#884559,19022315,12843008
#884559,19143142,12843008
884559,1.94004e+07,12843008,1.06242e+06
#928786,20736675,12843008
#928786,20261889,12843008
#928786,20045113,12843008
#928786,20413221,12843008
#928786,20103320,12843008
928786,2.0312e+07,12843008,496292
#975225,21316640,12843008
#975225,20990060,12843008
#975225,21186415,12843008
#975225,21134202,12843008
#975225,21003707,12843008
975225,2.11262e+07,12843008,242480
#1023986,22500053,12843008
#1023986,22740679,12843008
#1023986,22330029,12843008
#1023986,22976222,12843008
#1023986,22546825,12843008
1023986,2.26188e+07,12843008,442967
#1075185,24146279,12843008
#1075185,24284920,12843008
#1075185,23866841,12843008
#1075185,24052773,12843008
#1075185,23784983,12843008
1075185,2.40272e+07,12843008,364019
#1128944,25827676,12843008
#1128944,25550510,12843008
#1128944,26396129,12843008
#1128944,25962042,12843008
#1128944,25751414,12843008
1128944,2.58976e+07,12843008,565272
#1185391,27993004,12843008
#1185391,27397046,12843008
#1185391,27430880,12843008
#1185391,27501818,12843008
#1185391,27450016,12843008
1185391,2.75546e+07,12843008,443668
#1244660,27952089,18347008
#1244660,27983677,18347008
#1244660,27863615,18347008
#1244660,27870524,18347008
#1244660,27891976,18347008
1244660,2.79124e+07,18347008,94684.1
#1306893,29791898,18347008
#1306893,29620818,18347008
#1306893,29518558,18347008
#1306893,29377001,18347008
#1306893,30603751,18347008
1306893,2.97824e+07,18347008,864767
#1372237,31420350,18347008
#1372237,31341589,18347008
#1372237,31196830,18347008
#1372237,30995439,18347008
#1372237,31180410,18347008
1372237,3.12269e+07,18347008,292870
#1440848,32930339,18347008
#1440848,32872859,18347008
#1440848,32967900,18347008
#1440848,32926199,18347008
#1440848,32830391,18347008
1440848,3.29055e+07,18347008,96523.5
#1512890,35057413,18347008
#1512890,34985084,18347008
#1512890,34861882,18347008
#1512890,34969248,18347008
#1512890,34893801,18347008
1512890,3.49535e+07,18347008,138568
#1588534,37342742,18347008
#1588534,37387095,18347008
#1588534,37111552,18347008
#1588534,37143157,18347008
#1588534,37213426,18347008
1588534,3.72396e+07,18347008,216842
#1667960,40477486,18347008
#1667960,41054856,18347008
#1667960,40351319,18347008
#1667960,40315905,18347008
#1667960,40850026,18347008
1667960,4.06099e+07,18347008,584108
#1751358,46804015,26209920
#1751358,45598228,26209920
#1751358,45741426,26209920
#1751358,45527410,26209920
#1751358,45369302,26209920
1751358,4.58081e+07,26209920,1.02437e+06
#1838925,47874214,26209920
#1838925,47895206,26209920
#1838925,47884405,26209920
#1838925,47942910,26209920
#1838925,47730172,26209920
1838925,4.78654e+07,26209920,143169
#1930871,52094843,26209920
#1930871,50901845,26209920
#1930871,50920386,26209920
#1930871,51112326,26209920
#1930871,50498308,26209920
1930871,5.11055e+07,26209920,1.06706e+06
#2027414,54406598,26209920
#2027414,54143170,26209920
#2027414,53879017,26209920
#2027414,53520770,26209920
#2027414,54456821,26209920
2027414,5.40813e+07,26209920,696147
#2128784,58199229,26209920
#2128784,57436259,26209920
#2128784,57683673,26209920
#2128784,57808148,26209920
#2128784,57843252,26209920
2128784,5.77941e+07,26209920,495570
#2235223,61212109,26209920
#2235223,61415382,26209920
#2235223,62092262,26209920
#2235223,62671525,26209920
#2235223,61927132,26209920
2235223,6.18637e+07,26209920,1.03321e+06
#2346984,65796469,26209920
#2346984,65801554,26209920
#2346984,65599595,26209920
#2346984,65621868,26209920
#2346984,65712972,26209920
2346984,6.57065e+07,26209920,169146
#2464333,68381536,37442560
#2464333,67163953,37442560
#2464333,67540908,37442560
#2464333,67006443,37442560
#2464333,66852799,37442560
2464333,6.73891e+07,37442560,1.09278e+06
#2587549,71718547,37442560
#2587549,71605391,37442560
#2587549,70884914,37442560
#2587549,70316831,37442560
#2587549,70553194,37442560
2587549,7.10158e+07,37442560,1.11756e+06
#2716926,74621739,37442560
#2716926,74707546,37442560
#2716926,74906977,37442560
#2716926,75319879,37442560
#2716926,75948474,37442560
2716926,7.51009e+07,37442560,974992
#2852772,78972688,37442560
#2852772,78971645,37442560
#2852772,79138618,37442560
#2852772,78994679,37442560
#2852772,78517762,37442560
2852772,7.89191e+07,37442560,420100
#2995410,84931721,37442560
#2995410,83977763,37442560
#2995410,83357980,37442560
#2995410,83222362,37442560
#2995410,83312364,37442560
2995410,8.37604e+07,37442560,1.28729e+06
#3145180,88636690,37442560
#3145180,88783306,37442560
#3145180,88704290,37442560
#3145180,88607796,37442560
#3145180,88748593,37442560
3145180,8.86961e+07,37442560,131923
#3302439,95288992,37442560
#3302439,95064176,37442560
#3302439,94997457,37442560
#3302439,95134921,37442560
#3302439,94981846,37442560
3302439,9.50935e+07,37442560,223577
#3467560,104441951,37442560
#3467560,104757271,37442560
#3467560,103111709,37442560
#3467560,102523799,37442560
#3467560,102798327,37442560
3467560,1.03527e+08,37442560,1.80234e+06
#3640938,101635704,53489280
#3640938,101663978,53489280
#3640938,101732914,53489280
#3640938,101526344,53489280
#3640938,101691398,53489280
3640938,1.0165e+08,53489280,139367
#3822984,108591210,53489280
#3822984,108607968,53489280
#3822984,107173033,53489280
#3822984,107437582,53489280
#3822984,107062820,53489280
3822984,1.07775e+08,53489280,1.36922e+06
#4014133,114026876,53489280
#4014133,118725354,53489280
#4014133,118826431,53489280
#4014133,117084599,53489280
#4014133,115950514,53489280
4014133,1.16923e+08,53489280,3.60343e+06
#4214839,122709152,53489280
#4214839,121816356,53489280
#4214839,120873476,53489280
#4214839,120697379,53489280
#4214839,120306698,53489280
4214839,1.21281e+08,53489280,1.73947e+06
#4425580,127761920,53489280
#4425580,127906188,53489280
#4425580,127696933,53489280
#4425580,127673615,53489280
#4425580,127730939,53489280
4425580,1.27754e+08,53489280,163644
#4646859,136710886,53489280
#4646859,136651557,53489280
#4646859,136821109,53489280
#4646859,136617242,53489280
#4646859,136462616,53489280
4646859,1.36653e+08,53489280,235181
#4879201,147364004,53489280
#4879201,147174335,53489280
#4879201,147134114,53489280
#4879201,148472966,53489280
#4879201,150968920,53489280
4879201,1.48223e+08,53489280,2.91559e+06
#5123161,145931374,76413056
#5123161,145239050,76413056
#5123161,145382087,76413056
#5123161,145847905,76413056
#5123161,145308804,76413056
5123161,1.45542e+08,76413056,577527
#5379319,154049514,76413056
#5379319,152755358,76413056
#5379319,152873693,76413056
#5379319,153231758,76413056
#5379319,153235606,76413056
5379319,1.53229e+08,76413056,905041
#5648284,161409854,76413056
#5648284,163916913,76413056
#5648284,161170089,76413056
#5648284,162409642,76413056
#5648284,161933342,76413056
5648284,1.62168e+08,76413056,1.94787e+06
#5930698,170812705,76413056
#5930698,170704304,76413056
#5930698,171028188,76413056
#5930698,170909477,76413056
#5930698,170654630,76413056
5930698,1.70822e+08,76413056,271466
#6227232,182216208,76413056
#6227232,181416356,76413056
#6227232,181431485,76413056
#6227232,181739024,76413056
#6227232,182196352,76413056
6227232,1.818e+08,76413056,702583
#6538593,195464105,76413056
#6538593,194222611,76413056
#6538593,194279000,76413056
#6538593,193951585,76413056
#6538593,194117471,76413056
6538593,1.94407e+08,76413056,1.0804e+06
#6865522,226110040,76413056
#6865522,220347619,76413056
#6865522,217197829,76413056
#6865522,214426847,76413056
#6865522,211792151,76413056
6865522,2.17975e+08,76413056,9.92892e+06
#7208798,208801968,109161344
#7208798,206420011,109161344
#7208798,206895098,109161344
#7208798,206768528,109161344
#7208798,206244124,109161344
7208798,2.07026e+08,109161344,1.83653e+06
#7569237,218114601,109161344
#7569237,219689776,109161344
#7569237,217103638,109161344
#7569237,217135620,109161344
#7569237,217819600,109161344
7569237,2.17973e+08,109161344,1.88635e+06
#7947698,229063437,109161344
#7947698,229290118,109161344
#7947698,229020138,109161344
#7947698,228745677,109161344
#7947698,228928964,109161344
7947698,2.2901e+08,109161344,355367
#8345082,246913947,109161344
#8345082,243835039,109161344
#8345082,247659663,109161344
#8345082,244237520,109161344
#8345082,242884848,109161344
8345082,2.45106e+08,109161344,3.69789e+06
#8762336,257815260,109161344
#8762336,257805093,109161344
#8762336,260525909,109161344
#8762336,258627321,109161344
#8762336,257143362,109161344
8762336,2.58383e+08,109161344,2.34004e+06
#9200452,274160843,109161344
#9200452,275867583,109161344
#9200452,274150759,109161344
#9200452,275228820,109161344
#9200452,274509676,109161344
9200452,2.74784e+08,109161344,1.33764e+06
#9660474,294219247,109161344
#9660474,296279687,109161344
#9660474,295949322,109161344
#9660474,296592335,109161344
#9660474,295346545,109161344
9660474,2.95677e+08,109161344,1.67558e+06
