#1,348,256
#1,115,256
#1,62,256
#1,62,256
#1,63,256
1,130,256,221.785
#2,77,256
#2,69,256
#2,69,256
#2,66,256
#2,67,256
2,69.6,256,7.75629
#3,65,256
#3,79,256
#3,76,256
#3,73,256
#3,77,256
3,74,256,9.79796
#4,73,256
#4,83,256
#4,81,256
#4,82,256
#4,82,256
4,80.2,256,7.31027
#5,90,256
#5,91,256
#5,121,256
#5,86,256
#5,86,256
5,94.8,256,26.5149
#6,90,256
#6,108,256
#6,103,256
#6,103,256
#6,99,256
6,100.6,256,12.0399
#7,162,256
#7,151,256
#7,130,256
#7,106,256
#7,109,256
7,131.6,256,44.445
#8,126,256
#8,157,256
#8,136,256
#8,138,256
#8,113,256
8,134,256,29.0379
#9,120,256
#9,153,256
#9,121,256
#9,120,256
#9,118,256
9,126.4,256,26.6713
#10,174,256
#10,173,256
#10,161,256
#10,161,256
#10,160,256
10,165.8,256,12.6111
#11,154,256
#11,167,256
#11,144,256
#11,143,256
#11,147,256
11,151,256,17.7539
#12,140,256
#12,153,256
#12,143,256
#12,142,256
#12,144,256
12,144.4,256,8.99778
#13,196,384
#13,184,384
#13,146,384
#13,145,384
#13,145,384
13,163.2,384,44.4234
#14,145,384
#14,188,384
#14,192,384
#14,186,384
#14,187,384
14,179.6,384,34.8391
#15,148,384
#15,166,384
#15,163,384
#15,165,384
#15,161,384
15,160.6,384,13.0599
#16,155,384
#16,176,384
#16,171,384
#16,172,384
#16,173,384
16,169.4,384,14.7838
#17,165,384
#17,185,384
#17,183,384
#17,176,384
#17,170,384
17,175.8,384,15.1473
#18,203,384
#18,209,384
#18,208,384
#18,206,384
#18,179,384
18,201,384,22.3786
#19,230,384
#19,233,384
#19,199,384
#19,203,384
#19,203,384
19,213.6,384,29.4374
#20,188,384
#20,204,384
#20,203,384
#20,198,384
#20,191,384
20,196.8,384,12.7373
#21,247,384
#21,229,384
#21,231,384
#21,202,384
#21,200,384
21,221.8,384,36.2083
#22,202,384
#22,252,384
#22,235,384
#22,235,384
#22,209,384
22,226.6,384,36.8912
#23,226,384
#23,226,384
#23,221,384
#23,215,384
#23,216,384
23,220.8,384,9.41488
#24,226,384
#24,229,384
#24,229,384
#24,221,384
#24,221,384
24,225.2,384,7.2
#25,226,640
#25,237,640
#25,236,640
#25,235,640
#25,237,640
25,234.2,640,8.33307
#26,244,640
#26,255,640
#26,249,640
#26,238,640
#26,238,640
26,244.8,640,13.1088
#27,239,640
#27,243,640
#27,246,640
#27,245,640
#27,242,640
27,243,640,4.89898
#28,293,640
#28,306,640
#28,265,640
#28,255,640
#28,256,640
28,275,640,41.4343
#29,279,640
#29,294,640
#29,288,640
#29,262,640
#29,261,640
29,276.8,640,26.7552
#30,261,640
#30,276,640
#30,279,640
#30,271,640
#30,274,640
30,272.2,640,12.3548
#31,369,640
#31,340,640
#31,303,640
#31,299,640
#31,308,640
31,323.8,640,53.6865
#32,463,640
#32,455,640
#32,340,640
#32,297,640
#32,295,640
32,370,640,148.938
#33,283,640
#33,322,640
#33,320,640
#33,317,640
#33,290,640
33,306.4,640,32.9509
#34,393,640
#34,389,640
#34,366,640
#34,323,640
#34,327,640
34,359.6,640,59.4858
#35,352,640
#35,358,640
#35,324,640
#35,327,640
#35,329,640
35,338,640,28.1993
#36,465,640
#36,431,640
#36,395,640
#36,366,640
#36,342,640
36,399.8,640,88.2306
#37,323,896
#37,351,896
#37,349,896
#37,319,896
#37,318,896
37,332,896,29.6108
#38,415,896
#38,376,896
#38,379,896
#38,353,896
#38,352,896
38,375,896,45.8694
#39,552,896
#39,493,896
#39,388,896
#39,339,896
#39,338,896
39,422,896,172.144
#40,352,896
#40,457,896
#40,385,896
#40,397,896
#40,384,896
40,395,896,68.807
#42,384,896
#42,383,896
#42,383,896
#42,384,896
#42,384,896
42,383.6,896,0.979796
#44,356,896
#44,370,896
#44,368,896
#44,368,896
#44,369,896
44,366.2,896,10.3073
#46,409,896
#46,404,896
#46,443,896
#46,401,896
#46,403,896
46,412,896,31.4452
#48,471,896
#48,477,896
#48,474,896
#48,449,896
#48,420,896
48,458.2,896,42.9958
#50,433,1152
#50,450,1152
#50,413,1152
#50,413,1152
#50,414,1152
50,424.6,1152,29.627
#52,611,1152
#52,619,1152
#52,518,1152
#52,464,1152
#52,463,1152
52,535,1152,136.663
#54,522,1152
#54,500,1152
#54,470,1152
#54,472,1152
#54,468,1152
54,486.4,1152,42.5883
#56,587,1152
#56,608,1152
#56,538,1152
#56,514,1152
#56,486,1152
56,546.6,1152,90.3823
#58,498,1152
#58,478,1152
#58,471,1152
#58,475,1152
#58,476,1152
58,479.6,1152,18.9568
#60,653,1152
#60,596,1152
#60,559,1152
#60,527,1152
#60,518,1152
60,570.6,1152,98.9432
#63,651,1280
#63,622,1280
#63,564,1280
#63,564,1280
#63,563,1280
63,592.8,1280,73.6847
#66,631,1280
#66,633,1280
#66,561,1280
#66,559,1280
#66,583,1280
66,593.4,1280,65.2576
#69,547,1280
#69,553,1280
#69,552,1280
#69,552,1280
#69,553,1280
69,551.4,1280,4.48999
#72,728,1280
#72,711,1280
#72,715,1280
#72,655,1280
#72,660,1280
72,693.8,1280,60.4172
#75,626,1536
#75,660,1536
#75,666,1536
#75,660,1536
#75,631,1536
75,648.6,1536,33.265
#78,684,1536
#78,695,1536
#78,671,1536
#78,672,1536
#78,644,1536
78,673.2,1536,34.0682
#81,778,1536
#81,826,1536
#81,755,1536
#81,673,1536
#81,676,1536
81,741.6,1536,118.785
#85,892,1536
#85,881,1536
#85,822,1536
#85,728,1536
#85,722,1536
85,809,1536,145.25
#89,882,1536
#89,899,1536
#89,812,1536
#89,777,1536
#89,783,1536
89,830.6,1536,101.213
#93,961,1536
#93,945,1536
#93,788,1536
#93,788,1536
#93,784,1536
93,853.2,1536,163.313
#97,1041,1536
#97,1000,1536
#97,871,1536
#97,868,1536
#97,849,1536
97,925.8,1536,157.528
#101,1037,1792
#101,999,1792
#101,849,1792
#101,823,1792
#101,825,1792
101,906.6,1792,184.407
#106,1172,1792
#106,1101,1792
#106,884,1792
#106,884,1792
#106,859,1792
106,980,1792,260.12
#111,1077,1792
#111,1064,1792
#111,966,1792
#111,944,1792
#111,943,1792
111,998.8,1792,118.52
#116,1120,1792
#116,1115,1792
#116,924,1792
#116,926,1792
#116,927,1792
116,1002.4,1792,187.994
#121,1201,1792
#121,1175,1792
#121,1020,1792
#121,1026,1792
#121,1018,1792
121,1088,1792,164.21
#127,1225,2048
#127,1144,2048
#127,1008,2048
#127,1011,2048
#127,1008,2048
127,1079.2,2048,179.436
#133,1891,2048
#133,1258,2048
#133,1166,2048
#133,1063,2048
#133,1055,2048
133,1286.6,2048,622.445
#139,1521,2048
#139,1469,2048
#139,1262,2048
#139,1161,2048
#139,1130,2048
139,1308.6,2048,318.367
#145,1558,2048
#145,1543,2048
#145,1247,2048
#145,1187,2048
#145,1157,2048
145,1338.4,2048,351.303
#152,1475,2432
#152,1470,2432
#152,1364,2432
#152,1273,2432
#152,1279,2432
152,1372.2,2432,176.015
#159,1489,2432
#159,1526,2432
#159,1381,2432
#159,1352,2432
#159,1319,2432
159,1413.4,2432,160.313
#166,1852,2432
#166,1798,2432
#166,1558,2432
#166,1379,2432
#166,1381,2432
166,1593.6,2432,401.068
#174,1660,2432
#174,1686,2432
#174,1575,2432
#174,1422,2432
#174,1411,2432
174,1550.8,2432,231.383
#182,2108,2432
#182,2054,2432
#182,1716,2432
#182,1618,2432
#182,1568,2432
182,1812.8,2432,449.502
#191,1762,2816
#191,1779,2816
#191,1516,2816
#191,1507,2816
#191,1504,2816
191,1613.6,2816,256.564
#200,1974,2816
#200,1921,2816
#200,1704,2816
#200,1607,2816
#200,1603,2816
200,1761.8,2816,313.554
#210,2372,2816
#210,2258,2816
#210,1825,2816
#210,1696,2816
#210,1676,2816
210,1965.4,2816,584.451
#220,2253,2816
#220,2321,2816
#220,1821,2816
#220,1815,2816
#220,1745,2816
220,1991,2816,488.21
#231,2814,3328
#231,2263,3328
#231,1999,3328
#231,1974,3328
#231,1948,3328
231,2199.6,3328,654.795
#242,2188,3328
#242,2188,3328
#242,2019,3328
#242,1927,3328
#242,1928,3328
242,2050,3328,235.052
#254,2261,3328
#254,2253,3328
#254,2114,3328
#254,2055,3328
#254,2001,3328
254,2136.8,3328,208.961
#266,2845,3328
#266,2673,3328
#266,2264,3328
#266,2162,3328
#266,2140,3328
266,2416.8,3328,575.418
#279,3082,3840
#279,2976,3840
#279,2459,3840
#279,2418,3840
#279,2330,3840
279,2653,3840,623.256
#292,2867,3840
#292,2722,3840
#292,2368,3840
#292,2305,3840
#292,2254,3840
292,2503.2,3840,489.806
#306,3254,3840
#306,2942,3840
#306,2655,3840
#306,2574,3840
#306,2472,3840
306,2779.4,3840,568.396
#321,3172,4480
#321,3096,4480
#321,2815,4480
#321,2699,4480
#321,2578,4480
321,2872,4480,455.886
#337,3351,4480
#337,3176,4480
#337,2719,4480
#337,2703,4480
#337,2636,4480
337,2917,4480,579.24
#353,3697,4480
#353,3450,4480
#353,3065,4480
#353,2953,4480
#353,2860,4480
353,3205,4480,635.118
#370,3473,4480
#370,3277,4480
#370,2974,4480
#370,2926,4480
#370,2910,4480
370,3112,4480,448.99
#388,3952,5248
#388,4003,5248
#388,3663,5248
#388,3568,5248
#388,3197,5248
388,3676.6,5248,582.668
#407,3681,5248
#407,3620,5248
#407,3296,5248
#407,3130,5248
#407,3119,5248
407,3369.2,5248,477.74
#427,4170,5248
#427,4061,5248
#427,3693,5248
#427,3477,5248
#427,3401,5248
427,3760.4,5248,614.595
#448,4592,5248
#448,4575,5248
#448,3956,5248
#448,3724,5248
#448,3659,5248
448,4101.2,5248,812.047
#470,4237,6144
#470,4201,6144
#470,3912,6144
#470,3829,6144
#470,3721,6144
470,3980,6144,409.288
#493,5047,6144
#493,4552,6144
#493,3976,6144
#493,3865,6144
#493,3841,6144
493,4256.2,6144,945.221
#517,5348,6144
#517,5072,6144
#517,4426,6144
#517,4244,6144
#517,4142,6144
517,4646.4,6144,954.274
#542,4972,7168
#542,4834,7168
#542,4376,7168
#542,4272,7168
#542,4235,7168
542,4537.8,7168,609.774
#569,5524,7168
#569,5461,7168
#569,4888,7168
#569,4685,7168
#569,4528,7168
569,5017.2,7168,810.023
#597,6545,7168
#597,6244,7168
#597,5758,7168
#597,5319,7168
#597,5128,7168
597,5798.8,7168,1072.14
#626,6310,7168
#626,5825,7168
#626,5306,7168
#626,5046,7168
#626,5003,7168
626,5498,7168,1000.99
#657,5642,8320
#657,5468,8320
#657,5250,8320
#657,5186,8320
#657,5175,8320
657,5344.2,8320,365.01
#689,6843,8320
#689,6469,8320
#689,5919,8320
#689,5674,8320
#689,5564,8320
689,6093.8,8320,975.521
#723,8041,8320
#723,7512,8320
#723,6803,8320
#723,6442,8320
#723,6198,8320
723,6999.2,8320,1367.98
#759,6476,9728
#759,6308,9728
#759,5955,9728
#759,5844,9728
#759,5696,9728
759,6055.8,9728,582.854
#796,6853,9728
#796,6521,9728
#796,6165,9728
#796,6058,9728
#796,6020,9728
796,6323.4,9728,636.931
#835,7330,9728
#835,7120,9728
#835,6701,9728
#835,6438,9728
#835,6287,9728
835,6775.2,9728,792.08
#876,10078,9728
#876,9185,9728
#876,8030,9728
#876,7264,9728
#876,7048,9728
876,8321,9728,2307.55
#919,8515,11392
#919,7907,11392
#919,7297,11392
#919,7200,11392
#919,7107,11392
919,7605.2,11392,1068.16
#964,8644,11392
#964,8241,11392
#964,7671,11392
#964,7569,11392
#964,7314,11392
964,7887.8,11392,969.318
#1012,11157,11392
#1012,10167,11392
#1012,9042,11392
#1012,8327,11392
#1012,8135,11392
1012,9365.6,11392,2288.95
#1062,8115,13312
#1062,8131,13312
#1062,7836,13312
#1062,7688,13312
#1062,7609,13312
1062,7875.8,13312,429.305
#1115,9693,13312
#1115,9631,13312
#1115,9192,13312
#1115,8805,13312
#1115,8729,13312
1115,9210,13312,803.114
#1170,11093,13312
#1170,10621,13312
#1170,9470,13312
#1170,9306,13312
#1170,9146,13312
1170,9927.2,13312,1560.93
#1228,11178,15488
#1228,10625,15488
#1228,9919,15488
#1228,9976,15488
#1228,9530,15488
1228,10245.6,15488,1167.82
#1289,11228,15488
#1289,10881,15488
#1289,10413,15488
#1289,10175,15488
#1289,9981,15488
1289,10535.6,15488,917.11
#1353,13080,15488
#1353,12647,15488
#1353,11204,15488
#1353,10871,15488
#1353,10555,15488
1353,11671.4,15488,2008.26
#1420,14535,15488
#1420,13230,15488
#1420,12255,15488
#1420,11752,15488
#1420,11085,15488
1420,12571.4,15488,2411.7
#1491,12380,18048
#1491,11700,18048
#1491,11172,18048
#1491,11093,18048
#1491,10710,18048
1491,11411,18048,1156.59
#1565,13510,18048
#1565,13007,18048
#1565,12360,18048
#1565,11849,18048
#1565,11584,18048
1565,12462,18048,1428.95
#1643,15323,18048
#1643,14605,18048
#1643,13767,18048
#1643,12957,18048
#1643,12524,18048
1643,13835.2,18048,2059.37
#1725,13934,20992
#1725,13704,20992
#1725,13347,20992
#1725,12776,20992
#1725,12635,20992
1725,13279.2,20992,1012.73
#1811,15547,20992
#1811,15225,20992
#1811,14582,20992
#1811,14203,20992
#1811,13595,20992
1811,14630.4,20992,1400.22
#1901,16635,20992
#1901,16467,20992
#1901,15674,20992
#1901,14955,20992
#1901,14414,20992
1901,15629,20992,1708.05
#1996,15468,24448
#1996,15300,24448
#1996,14804,24448
#1996,14513,24448
#1996,14091,24448
1996,14835.2,24448,1009.99
#2095,17865,24448
#2095,17446,24448
#2095,16606,24448
#2095,15893,24448
#2095,15282,24448
2095,16618.4,24448,1908.14
#2199,20064,24448
#2199,19642,24448
#2199,18347,24448
#2199,17556,24448
#2199,17302,24448
2199,18582.2,24448,2202.95
#2308,18839,28544
#2308,18024,28544
#2308,17386,28544
#2308,16861,28544
#2308,16422,28544
2308,17506.4,28544,1708.96
#2423,19381,28544
#2423,19027,28544
#2423,18427,28544
#2423,17571,28544
#2423,17219,28544
2423,18325,28544,1651.69
#2544,21308,28544
#2544,21039,28544
#2544,20288,28544
#2544,19187,28544
#2544,18869,28544
2544,20138.2,28544,1942.77
#2671,25035,28544
#2671,24256,28544
#2671,22716,28544
#2671,21284,28544
#2671,20554,28544
2671,22769,28544,3401.2
#2804,22053,33280
#2804,21672,33280
#2804,20888,33280
#2804,19991,33280
#2804,19380,33280
2804,20796.8,33280,2001.79
#2944,26036,33280
#2944,25046,33280
#2944,23720,33280
#2944,22847,33280
#2944,22252,33280
2944,23980.2,33280,2785.79
#3091,28159,33280
#3091,27520,33280
#3091,26016,33280
#3091,24851,33280
#3091,24244,33280
3091,26158,33280,3000.11
#3245,24765,38784
#3245,24187,38784
#3245,23103,38784
#3245,22515,38784
#3245,21917,38784
3245,23297.4,38784,2097.75
#3407,25573,38784
#3407,25137,38784
#3407,24211,38784
#3407,23245,38784
#3407,22633,38784
3407,24159.8,38784,2213.17
#3577,28622,38784
#3577,28613,38784
#3577,27122,38784
#3577,26215,38784
#3577,25380,38784
3577,27190.4,38784,2577.89
#3755,27661,45184
#3755,27281,45184
#3755,26279,45184
#3755,25247,45184
#3755,24892,45184
3755,26272,45184,2173.01
#3942,28804,45184
#3942,28612,45184
#3942,27496,45184
#3942,26507,45184
#3942,25924,45184
3942,27468.6,45184,2263.07
#4139,33843,45184
#4139,33290,45184
#4139,31506,45184
#4139,30230,45184
#4139,29628,45184
4139,31699.4,45184,3299.97
#4345,29778,52736
#4345,29909,52736
#4345,29067,52736
#4345,28092,52736
#4345,27986,52736
4345,28966.4,52736,1620.63
#4562,31334,52736
#4562,31410,52736
#4562,30246,52736
#4562,29466,52736
#4562,28790,52736
4562,30249.2,52736,2052.69
#4790,36531,52736
#4790,36512,52736
#4790,34704,52736
#4790,33510,52736
#4790,32374,52736
4790,34726.2,52736,3281.32
#5029,33098,61568
#5029,32792,61568
#5029,31932,61568
#5029,30578,61568
#5029,30359,61568
5029,31751.8,61568,2235.07
#5280,34850,61568
#5280,34974,61568
#5280,33758,61568
#5280,33157,61568
#5280,32863,61568
5280,33920.4,61568,1720.81
#5544,37832,61568
#5544,37504,61568
#5544,35931,61568
#5544,34576,61568
#5544,34254,61568
5544,36019.4,61568,2925.39
#5821,44569,61568
#5821,44386,61568
#5821,41744,61568
#5821,40901,61568
#5821,39700,61568
5821,42260,61568,3848.96
#6112,39094,71808
#6112,39190,71808
#6112,37593,71808
#6112,36355,71808
#6112,35987,71808
6112,37643.8,71808,2668.69
#6417,43676,71808
#6417,43204,71808
#6417,41579,71808
#6417,40247,71808
#6417,39502,71808
6417,41641.6,71808,3238.1
#6737,49654,71808
#6737,49611,71808
#6737,46833,71808
#6737,45546,71808
#6737,45058,71808
6737,47340.4,71808,3918.68
#7073,44776,83712
#7073,44516,83712
#7073,43225,83712
#7073,42258,83712
#7073,41816,83712
7073,43318.2,83712,2357.83
#7426,50485,83712
#7426,50618,83712
#7426,48118,83712
#7426,47072,83712
#7426,46321,83712
7426,48522.8,83712,3505.05
#7797,55737,83712
#7797,55356,83712
#7797,53148,83712
#7797,51668,83712
#7797,50677,83712
7797,53317.2,83712,3973.04
#8186,48534,97664
#8186,48913,97664
#8186,47283,97664
#8186,46375,97664
#8186,46133,97664
8186,47447.6,97664,2233.1
#8595,52922,97664
#8595,53192,97664
#8595,51146,97664
#8595,50096,97664
#8595,49768,97664
8595,51424.8,97664,2821.78
#9024,61670,97664
#9024,62083,97664
#9024,60049,97664
#9024,58580,97664
#9024,57472,97664
9024,59970.8,97664,3525.12
#9475,53891,113920
#9475,53635,113920
#9475,52597,113920
#9475,51893,113920
#9475,51726,113920
9475,52748.4,113920,1764.43
#9948,60166,113920
#9948,60604,113920
#9948,58643,113920
#9948,57746,113920
#9948,56518,113920
9948,58735.4,113920,3025.57
#10445,60313,113920
#10445,60014,113920
#10445,58559,113920
#10445,57303,113920
#10445,56619,113920
10445,58561.6,113920,2903.05
#10967,59505,132864
#10967,59635,132864
#10967,57894,132864
#10967,56744,132864
#10967,56242,132864
10967,58004,132864,2773.81
#11515,60947,132864
#11515,61519,132864
#11515,59777,132864
#11515,58812,132864
#11515,58065,132864
11515,59824,132864,2569.76
#12090,65593,132864
#12090,68452,132864
#12090,63722,132864
#12090,62416,132864
#12090,61747,132864
12090,64386,132864,4839.45
#12694,68297,155008
#12694,67892,155008
#12694,66608,155008
#12694,65734,155008
#12694,65228,155008
12694,66751.8,155008,2377.61
#13328,74240,155008
#13328,73983,155008
#13328,72595,155008
#13328,71651,155008
#13328,70881,155008
13328,72670,155008,2597.44
#13994,82843,155008
#13994,83300,155008
#13994,81226,155008
#13994,79829,155008
#13994,79233,155008
13994,81286.2,155008,3202.71
#14693,94284,155008
#14693,94544,155008
#14693,92874,155008
#14693,91241,155008
#14693,89900,155008
14693,92568.6,155008,3557.75
#15427,87535,180864
#15427,87241,180864
#15427,85815,180864
#15427,85024,180864
#15427,83800,180864
15427,85883,180864,2779.16
#16198,94617,180864
#16198,95043,180864
#16198,93194,180864
#16198,91709,180864
#16198,91216,180864
16198,93155.8,180864,3040.28
#17007,110395,180864
#17007,110659,180864
#17007,109309,180864
#17007,108036,180864
#17007,107474,180864
17007,109175,180864,2513.85
#17857,99697,210944
#17857,99606,210944
#17857,97989,210944
#17857,97015,210944
#17857,96219,210944
17857,98105.2,210944,2763.48
#18749,107423,210944
#18749,108050,210944
#18749,108605,210944
#18749,105206,210944
#18749,104677,210944
18749,106792,210944,3131.3
#19686,120367,210944
#19686,120563,210944
#19686,119169,210944
#19686,118187,210944
#19686,117529,210944
19686,119163,210944,2371.87
#20670,116217,246144
#20670,116513,246144
#20670,114428,246144
#20670,113474,246144
#20670,113355,246144
20670,114797,246144,2672.36
#21703,128435,246144
#21703,128546,246144
#21703,126826,246144
#21703,126151,246144
#21703,125233,246144
21703,127038,246144,2579.21
#22788,140216,246144
#22788,140882,246144
#22788,144272,246144
#22788,138185,246144
#22788,137517,246144
22788,140214,246144,4758.51
#23927,138120,287104
#23927,137444,287104
#23927,136107,287104
#23927,135252,287104
#23927,134425,287104
23927,136270,287104,2722.89
#25123,146818,287104
#25123,146882,287104
#25123,160053,287104
#25123,147635,287104
#25123,147428,287104
25123,149763,287104,10308.7
#26379,164039,287104
#26379,164657,287104
#26379,162980,287104
#26379,161592,287104
#26379,177041,287104
26379,166062,287104,11174.4
#27697,159070,334976
#27697,158531,334976
#27697,156636,334976
#27697,155546,334976
#27697,169099,334976
27697,159776,334976,9663.1
#29081,174019,334976
#29081,173391,334976
#29081,185554,334976
#29081,174905,334976
#29081,174449,334976
29081,176464,334976,9145.06
#30535,190024,334976
#30535,190017,334976
#30535,188667,334976
#30535,188226,334976
#30535,187785,334976
30535,188944,334976,1844.62
#32061,192356,390784
#32061,193636,390784
#32061,190005,390784
#32061,189030,390784
#32061,189146,390784
32061,190835,390784,3683.33
#33664,209440,390784
#33664,225467,390784
#33664,212821,390784
#33664,212237,390784
#33664,212057,390784
33664,214404,390784,11304.6
#35347,238096,390784
#35347,247774,390784
#35347,231610,390784
#35347,230794,390784
#35347,245674,390784
35347,238790,390784,13973.5
#37114,268916,390784
#37114,269134,390784
#37114,268081,390784
#37114,268294,390784
#37114,266693,390784
37114,268224,390784,1714.94
#38969,265470,455936
#38969,251101,455936
#38969,249072,455936
#38969,248640,455936
#38969,248226,455936
38969,252502,455936,13117.8
#40917,290955,455936
#40917,276386,455936
#40917,275257,455936
#40917,276821,455936
#40917,274722,455936
40917,278828,455936,12220.2
#42962,318274,455936
#42962,318875,455936
#42962,317385,455936
#42962,316905,455936
#42962,317115,455936
42962,317711,455936,1492.11
#45110,287527,531968
#45110,286537,531968
#45110,285084,531968
#45110,284196,531968
#45110,283434,531968
45110,285356,531968,2996.22
#47365,312654,531968
#47365,312587,531968
#47365,332826,531968
#47365,317923,531968
#47365,317537,531968
47365,318705,531968,14843.8
#49733,362277,531968
#49733,362017,531968
#49733,361542,531968
#49733,363005,531968
#49733,360322,531968
49733,361833,531968,1782.67
#52219,330623,620672
#52219,329335,620672
#52219,328589,620672
#52219,327597,620672
#52219,352055,620672
52219,333640,620672,18520.9
#54829,368421,620672
#54829,366495,620672
#54829,366956,620672
#54829,366526,620672
#54829,365401,620672
54829,366760,620672,1953.29
#57570,417889,620672
#57570,418510,620672
#57570,415822,620672
#57570,416283,620672
#57570,415686,620672
57570,416838,620672,2292.17
#60448,408733,724096
#60448,407787,724096
#60448,407024,724096
#60448,406721,724096
#60448,427360,724096
60448,411525,724096,15896
#63470,462420,724096
#63470,451334,724096
#63470,465815,724096
#63470,454566,724096
#63470,454559,724096
63470,457739,724096,10893.6
#66643,501221,724096
#66643,507918,724096
#66643,488507,724096
#66643,512576,724096
#66643,499963,724096
66643,502037,724096,16338.5
#69975,429561,844800
#69975,428965,844800
#69975,427636,844800
#69975,450974,844800
#69975,436926,844800
69975,434812,844800,17411.1
#73473,477289,844800
#73473,470629,844800
#73473,469658,844800
#73473,469041,844800
#73473,468927,844800
73473,471109,844800,6297.04
#77146,534043,844800
#77146,532248,844800
#77146,534406,844800
#77146,531294,844800
#77146,546305,844800
77146,535659,844800,10888.8
#81003,539873,985600
#81003,542779,985600
#81003,528744,985600
#81003,548434,985600
#81003,536065,985600
81003,539179,985600,13196.5
#85053,580536,985600
#85053,577479,985600
#85053,581155,985600
#85053,575566,985600
#85053,578705,985600
85053,578688,985600,4070.39
#89305,644112,985600
#89305,630358,985600
#89305,626165,985600
#89305,653871,985600
#89305,658853,985600
89305,642672,985600,25509.7
#93770,751440,985600
#93770,757909,985600
#93770,736243,985600
#93770,734251,985600
#93770,731860,985600
93770,742341,985600,20739.1
#98458,717974,1149824
#98458,724080,1149824
#98458,700806,1149824
#98458,724792,1149824
#98458,739423,1149824
98458,721415,1149824,24969.8
#103380,788832,1149824
#103380,787741,1149824
#103380,785972,1149824
#103380,783175,1149824
#103380,788113,1149824
103380,786767,1149824,4055.53
#108549,892128,1149824
#108549,890348,1149824
#108549,893979,1149824
#108549,892447,1149824
#108549,890038,1149824
108549,891788,1149824,2896.41
#113976,738102,1341440
#113976,735448,1341440
#113976,734305,1341440
#113976,734116,1341440
#113976,755215,1341440
113976,739437,1341440,16032.2
#119674,822152,1341440
#119674,821579,1341440
#119674,818866,1341440
#119674,817427,1341440
#119674,844882,1341440
119674,824981,1341440,20200.6
#125657,907098,1341440
#125657,911881,1341440
#125657,907497,1341440
#125657,953881,1341440
#125657,980494,1341440
125657,932170,1341440,59703.1
#131939,933439,1565056
#131939,929886,1565056
#131939,961486,1565056
#131939,944307,1565056
#131939,933637,1565056
131939,940551,1565056,23056.6
#138535,1006842,1565056
#138535,989551,1565056
#138535,990184,1565056
#138535,988246,1565056
#138535,1061385,1565056
138535,1.00724e+06,1565056,55831.3
#145461,1117687,1565056
#145461,1112572,1565056
#145461,1108140,1565056
#145461,1124742,1565056
#145461,1172728,1565056
145461,1.12717e+06,1565056,46875.1
#152734,1099347,1825920
#152734,1106517,1825920
#152734,1136078,1825920
#152734,1151429,1825920
#152734,1120901,1825920
152734,1.12285e+06,1825920,38101.9
#160370,1208907,1825920
#160370,1202015,1825920
#160370,1198236,1825920
#160370,1196563,1825920
#160370,1195077,1825920
160370,1.20016e+06,1825920,9896.59
#168388,1336847,1825920
#168388,1331542,1825920
#168388,1327156,1825920
#168388,1325993,1825920
#168388,1326096,1825920
168388,1.32953e+06,1825920,8367.8
#176807,1121592,2130176
#176807,1116944,2130176
#176807,1150624,2130176
#176807,1171291,2130176
#176807,1160677,2130176
176807,1.14423e+06,2130176,42901.7
#185647,1253327,2130176
#185647,1250907,2130176
#185647,1261344,2130176
#185647,1266272,2130176
#185647,1268301,2130176
185647,1.26003e+06,2130176,13777
#194929,1351692,2130176
#194929,1353652,2130176
#194929,1415389,2130176
#194929,1451824,2130176
#194929,1418298,2130176
194929,1.39817e+06,2130176,78599.9
#204675,1489972,2485248
#204675,1427289,2485248
#204675,1404666,2485248
#204675,1406348,2485248
#204675,1402706,2485248
204675,1.4262e+06,2485248,66198.7
#214908,1663382,2485248
#214908,1606463,2485248
#214908,1586056,2485248
#214908,1561408,2485248
#214908,1590317,2485248
214908,1.60153e+06,2485248,68263.9
#225653,1764759,2485248
#225653,1755443,2485248
#225653,1735957,2485248
#225653,1720312,2485248
#225653,1729704,2485248
225653,1.74124e+06,2485248,32910
#236935,1962854,2485248
#236935,1956541,2485248
#236935,2003018,2485248
#236935,1996291,2485248
#236935,2015369,2485248
236935,1.98681e+06,2485248,46115.6
#248781,1897006,2899456
#248781,1842765,2899456
#248781,1821670,2899456
#248781,1812317,2899456
#248781,1849181,2899456
248781,1.84459e+06,2899456,58915
#261220,2065778,2899456
#261220,2047925,2899456
#261220,2080993,2899456
#261220,2053175,2899456
#261220,2049371,2899456
261220,2.05945e+06,2899456,24946.9
#274281,2306443,2899456
#274281,2429658,2899456
#274281,2334718,2899456
#274281,2318034,2899456
#274281,2315381,2899456
274281,2.34085e+06,2899456,90675.4
#287995,1924655,3382656
#287995,1981031,3382656
#287995,1983528,3382656
#287995,1938193,3382656
#287995,1942093,3382656
287995,1.9539e+06,3382656,47793.7
#302394,2160568,3382656
#302394,2188583,3382656
#302394,2158453,3382656
#302394,2159933,3382656
#302394,2152165,3382656
302394,2.16394e+06,3382656,25352.9
#317513,2431457,3382656
#317513,2499286,3382656
#317513,2458828,3382656
#317513,2459529,3382656
#317513,2457124,3382656
317513,2.46124e+06,3382656,43453.1
#333388,2565850,3946368
#333388,2419016,3946368
#333388,2467817,3946368
#333388,2451419,3946368
#333388,2402719,3946368
333388,2.46136e+06,3946368,114159
#350057,2695538,3946368
#350057,2668613,3946368
#350057,2668605,3946368
#350057,2686066,3946368
#350057,2626637,3946368
350057,2.66909e+06,3946368,47247.4
#367559,2971083,3946368
#367559,2990229,3946368
#367559,2980572,3946368
#367559,3024377,3946368
#367559,2938045,3946368
367559,2.98086e+06,3946368,55930.7
#385936,3140451,4604032
#385936,2901270,4604032
#385936,2894790,4604032
#385936,2856868,4604032
#385936,2857547,4604032
385936,2.93019e+06,4604032,213452
#405232,3201210,4604032
#405232,3130650,4604032
#405232,3119669,4604032
#405232,3415291,4604032
#405232,3122606,4604032
405232,3.19789e+06,4604032,225533
#425493,3466357,4604032
#425493,3500766,4604032
#425493,3542371,4604032
#425493,3471029,4604032
#425493,3524168,4604032
425493,3.50094e+06,4604032,58969.5
#446767,3514096,5371392
#446767,2948761,5371392
#446767,3050534,5371392
#446767,3050483,5371392
#446767,3091456,5371392
446767,3.13107e+06,5371392,394457
#469105,3408957,5371392
#469105,3330692,5371392
#469105,3372121,5371392
#469105,3294775,5371392
#469105,3322049,5371392
469105,3.34572e+06,5371392,80386.5
#492560,3723018,5371392
#492560,3746474,5371392
#492560,3764675,5371392
#492560,3753378,5371392
#492560,3811905,5371392
492560,3.75989e+06,5371392,58722.4
#517188,4848137,6266624
#517188,3700084,6266624
#517188,3754332,6266624
#517188,3860250,6266624
#517188,3810319,6266624
517188,3.99462e+06,6266624,860234
#543047,4414668,6266624
#543047,4097166,6266624
#543047,4161849,6266624
#543047,4235953,6266624
#543047,4180246,6266624
543047,4.21798e+06,6266624,215740
#570199,4519647,6266624
#570199,4556342,6266624
#570199,4609934,6266624
#570199,4612240,6266624
#570199,4548513,6266624
570199,4.56934e+06,6266624,72445.2
#598708,5065066,6266624
#598708,5165909,6266624
#598708,5207459,6266624
#598708,5237232,6266624
#598708,5206496,6266624
598708,5.17643e+06,6266624,120254
#628643,6204384,7311104
#628643,5960396,7311104
#628643,5683241,7311104
#628643,5567321,7311104
#628643,5412878,7311104
628643,5.76564e+06,7311104,566383
#660075,6204067,7311104
#660075,6127604,7311104
#660075,6294006,7311104
#660075,6290478,7311104
#660075,6297808,7311104
660075,6.24279e+06,7311104,134734
#693078,6889720,7311104
#693078,6916091,7311104
#693078,7258325,7311104
#693078,6970906,7311104
#693078,6817152,7311104
693078,6.97044e+06,7311104,304427
#727731,8935489,8529664
#727731,8926917,8529664
#727731,9708232,8529664
#727731,10074960,8529664
#727731,10331406,8529664
727731,9.5954e+06,8529664,1.15473e+06
#764117,9531592,8529664
#764117,9636381,8529664
#764117,10474010,8529664
#764117,10515357,8529664
#764117,10595251,8529664
764117,1.01505e+07,8529664,930784
#802322,10145241,8529664
#802322,11651354,8529664
#802322,12176083,8529664
#802322,12399046,8529664
#802322,12425090,8529664
802322,1.17594e+07,8529664,1.70718e+06
#842438,15522961,9951232
#842438,17083903,9951232
#842438,18276067,9951232
#842438,18537151,9951232
#842438,19052278,9951232
842438,1.76945e+07,9951232,2.5267e+06
#884559,16700528,9951232
#884559,18637978,9951232
#884559,19405830,9951232
#884559,19958486,9951232
#884559,20426507,9951232
884559,1.90259e+07,9951232,2.61283e+06
#928786,19185924,9951232
#928786,20692485,9951232
#928786,21850049,9951232
#928786,22038858,9951232
#928786,21994845,9951232
928786,2.11524e+07,9951232,2.20196e+06
#975225,22708319,11609728
#975225,25643831,11609728
#975225,28009761,11609728
#975225,28028775,11609728
#975225,27919120,11609728
975225,2.6462e+07,11609728,4.16971e+06
#1023986,23965380,11609728
#1023986,27464703,11609728
#1023986,28942847,11609728
#1023986,29556249,11609728
#1023986,30306553,11609728
1023986,2.80471e+07,11609728,4.48862e+06
#1075185,25767351,11609728
#1075185,29343994,11609728
#1075185,31019254,11609728
#1075185,33551861,11609728
#1075185,33389569,11609728
1075185,3.06144e+07,11609728,5.76902e+06
#1128944,25108445,13544704
#1128944,28035048,13544704
#1128944,29618169,13544704
#1128944,30031366,13544704
#1128944,30248222,13544704
1128944,2.86082e+07,13544704,3.82747e+06
#1185391,26923322,13544704
#1185391,30244256,13544704
#1185391,31433504,13544704
#1185391,31976802,13544704
#1185391,32163083,13544704
1185391,3.05482e+07,13544704,3.86416e+06
#1244660,29813766,13544704
#1244660,32896027,13544704
#1244660,34430132,13544704
#1244660,34943119,13544704
#1244660,34801998,13544704
1244660,3.3377e+07,13544704,3.8492e+06
#1306893,40320563,15802112
#1306893,46589717,15802112
#1306893,47036393,15802112
#1306893,49084593,15802112
#1306893,48751729,15802112
1306893,4.63566e+07,15802112,6.3327e+06
#1372237,41665490,15802112
#1372237,48126993,15802112
#1372237,49364315,15802112
#1372237,49335018,15802112
#1372237,49652738,15802112
1372237,4.76289e+07,15802112,6.055e+06
#1440848,46587540,15802112
#1440848,52494860,15802112
#1440848,52766790,15802112
#1440848,53554656,15802112
#1440848,53436005,15802112
1440848,5.1768e+07,15802112,5.24118e+06
#1512890,49248132,18435840
#1512890,56315688,18435840
#1512890,56196401,18435840
#1512890,56727584,18435840
#1512890,56450802,18435840
1512890,5.49877e+07,18435840,5.75048e+06
#1588534,53404478,18435840
#1588534,59665044,18435840
#1588534,59455193,18435840
#1588534,59841210,18435840
#1588534,59927199,18435840
1588534,5.84586e+07,18435840,5.06448e+06
#1667960,58472452,18435840
#1667960,63707690,18435840
#1667960,64584271,18435840
#1667960,65094104,18435840
#1667960,65930766,18435840
1667960,6.35579e+07,18435840,5.28606e+06
#1751358,65039193,18435840
#1751358,70446740,18435840
#1751358,71069299,18435840
#1751358,70392831,18435840
#1751358,70307632,18435840
1751358,6.94511e+07,18435840,4.4448e+06
#1838925,55366178,21508480
#1838925,62790682,21508480
#1838925,62280839,21508480
#1838925,62045297,21508480
#1838925,62313560,21508480
1838925,6.09593e+07,21508480,5.61404e+06
#1930871,62467585,21508480
#1930871,66580708,21508480
#1930871,66923247,21508480
#1930871,65940962,21508480
#1930871,68327490,21508480
1930871,6.6048e+07,21508480,3.90658e+06
#2027414,68673932,21508480
#2027414,72689331,21508480
#2027414,73799473,21508480
#2027414,72917339,21508480
#2027414,72955758,21508480
2027414,7.22072e+07,21508480,3.61291e+06
#2128784,78905961,25093248
#2128784,83207730,25093248
#2128784,83259560,25093248
#2128784,83775635,25093248
#2128784,83028841,25093248
2128784,8.24355e+07,25093248,3.56439e+06
#2235223,86422240,25093248
#2235223,88835892,25093248
#2235223,90661170,25093248
#2235223,89235257,25093248
#2235223,88993227,25093248
2235223,8.88296e+07,25093248,2.7337e+06
#2346984,95531944,25093248
#2346984,97036546,25093248
#2346984,97640646,25093248
#2346984,97236916,25093248
#2346984,97355462,25093248
2346984,9.69603e+07,25093248,1.48096e+06
#2464333,96721992,29275392
#2464333,102706952,29275392
#2464333,103161139,29275392
#2464333,103503610,29275392
#2464333,103006180,29275392
2464333,1.0182e+08,29275392,5.12379e+06
#2587549,105156462,29275392
#2587549,109264599,29275392
#2587549,109532032,29275392
#2587549,109912007,29275392
#2587549,109515272,29275392
2587549,1.08676e+08,29275392,3.54384e+06
#2716926,116992108,29275392
#2716926,118522027,29275392
#2716926,118027198,29275392
#2716926,131445926,29275392
#2716926,121468578,29275392
2716926,1.21291e+08,29275392,1.05813e+07
#2852772,102064598,34154624
#2852772,106941969,34154624
#2852772,106636360,34154624
#2852772,106517626,34154624
#2852772,107011812,34154624
2852772,1.05834e+08,34154624,3.78781e+06
#2995410,110938891,34154624
#2995410,115044166,34154624
#2995410,116160428,34154624
#2995410,115864358,34154624
#2995410,113785081,34154624
2995410,1.14359e+08,34154624,3.79549e+06
#3145180,123146395,34154624
#3145180,129354341,34154624
#3145180,124754535,34154624
#3145180,123958226,34154624
#3145180,124085576,34154624
3145180,1.2506e+08,34154624,4.41452e+06
#3302439,129988148,39847040
#3302439,138253062,39847040
#3302439,138002656,39847040
#3302439,137852990,39847040
#3302439,139262157,39847040
3302439,1.36672e+08,39847040,6.75562e+06
#3467560,142888075,39847040
#3467560,146026922,39847040
#3467560,144090253,39847040
#3467560,136738760,39847040
#3467560,179248464,39847040
3467560,1.49798e+08,39847040,3.00988e+07
#3640938,153098117,39847040
#3640938,155438525,39847040
#3640938,154667394,39847040
#3640938,155097867,39847040
#3640938,154941380,39847040
3640938,1.54649e+08,39847040,1.62872e+06
#3822984,157088350,46488192
#3822984,164559841,46488192
#3822984,164532577,46488192
#3822984,165016690,46488192
#3822984,164747149,46488192
3822984,1.63189e+08,46488192,6.11036e+06
#4014133,171780203,46488192
#4014133,175276996,46488192
#4014133,174112380,46488192
#4014133,173727297,46488192
#4014133,174361533,46488192
4014133,1.73852e+08,46488192,2.30927e+06
#4214839,184108161,46488192
#4214839,187016945,46488192
#4214839,189060462,46488192
#4214839,185909264,46488192
#4214839,186005200,46488192
4214839,1.8642e+08,46488192,3.23801e+06
#4425580,201878181,46488192
#4425580,204144816,46488192
#4425580,204932359,46488192
#4425580,203000786,46488192
#4425580,202723288,46488192
4425580,2.03336e+08,46488192,2.15695e+06
#4646859,194639910,54236160
#4646859,205377696,54236160
#4646859,209611942,54236160
#4646859,198183034,54236160
#4646859,199097104,54236160
4646859,2.01382e+08,54236160,1.07557e+07
#4879201,211815153,54236160
#4879201,212841352,54236160
#4879201,212618927,54236160
#4879201,212923576,54236160
#4879201,211732367,54236160
4879201,2.12386e+08,54236160,1.02125e+06
#5123161,233899341,54236160
#5123161,231045036,54236160
#5123161,230748761,54236160
#5123161,231431008,54236160
#5123161,233096483,54236160
5123161,2.32044e+08,54236160,2.46598e+06
#5379319,228507786,63275520
#5379319,232253759,63275520
#5379319,235373611,63275520
#5379319,232564371,63275520
#5379319,232398522,63275520
5379319,2.3222e+08,63275520,4.37057e+06
#5648284,246881317,63275520
#5648284,248236129,63275520
#5648284,247454420,63275520
#5648284,248204326,63275520
#5648284,247043435,63275520
5648284,2.47564e+08,63275520,1.13519e+06
#5930698,269971075,63275520
#5930698,273180579,63275520
#5930698,273589329,63275520
#5930698,269128924,63275520
#5930698,269289344,63275520
5930698,2.71032e+08,63275520,3.8926e+06
#6227232,263850971,73821440
#6227232,269290398,73821440
#6227232,272251997,73821440
#6227232,265142207,73821440
#6227232,271177162,73821440
6227232,2.68343e+08,73821440,6.61112e+06
#6538593,287044323,73821440
#6538593,288089894,73821440
#6538593,287309047,73821440
#6538593,287802817,73821440
#6538593,287268400,73821440
6538593,2.87503e+08,73821440,768049
#6865522,311285788,73821440
#6865522,310729739,73821440
#6865522,313135077,73821440
#6865522,315825804,73821440
#6865522,315026993,73821440
6865522,3.13201e+08,73821440,4.00034e+06
#7208798,314254240,86125056
#7208798,318373147,86125056
#7208798,319632909,86125056
#7208798,321149769,86125056
#7208798,318887912,86125056
7208798,3.1846e+08,86125056,4.60345e+06
#7569237,338116033,86125056
#7569237,338459102,86125056
#7569237,340265566,86125056
#7569237,339751789,86125056
#7569237,339452964,86125056
7569237,3.39209e+08,86125056,1.60683e+06
#7947698,371331557,86125056
#7947698,368709338,86125056
#7947698,366939925,86125056
#7947698,366377848,86125056
#7947698,365815899,86125056
7947698,3.67835e+08,86125056,3.99916e+06
#8345082,363644519,100479232
#8345082,376638528,100479232
#8345082,370496808,100479232
#8345082,370140853,100479232
#8345082,375376111,100479232
8345082,3.71259e+08,100479232,9.19571e+06
#8762336,394320719,100479232
#8762336,394125449,100479232
#8762336,394280357,100479232
#8762336,392737247,100479232
#8762336,393334609,100479232
8762336,3.9376e+08,100479232,1.24763e+06
#9200452,424090559,100479232
#9200452,426949765,100479232
#9200452,423611847,100479232
#9200452,428909903,100479232
#9200452,425082562,100479232
9200452,4.25729e+08,100479232,3.91848e+06
#9660474,427464611,117225728
#9660474,433969031,117225728
#9660474,431637255,117225728
#9660474,433409803,117225728
#9660474,432699511,117225728
9660474,4.31836e+08,117225728,4.64076e+06
