#1,550,256
#1,74,256
#1,33,256
#1,32,256
#1,32,256
1,144.2,256,407.082
#2,50,256
#2,55,256
#2,39,256
#2,39,256
#2,38,256
2,44.2,256,13.937
#3,42,256
#3,46,256
#3,47,256
#3,42,256
#3,43,256
3,44,256,4.19524
#4,55,256
#4,52,256
#4,46,256
#4,47,256
#4,47,256
4,49.4,256,6.99714
#5,60,256
#5,50,256
#5,51,256
#5,67,256
#5,52,256
5,56,256,13.0843
#6,85,256
#6,65,256
#6,55,256
#6,56,256
#6,57,256
6,63.6,256,22.5424
#7,76,256
#7,70,256
#7,68,256
#7,68,256
#7,67,256
7,69.8,256,6.49923
#8,82,256
#8,76,256
#8,74,256
#8,73,256
#8,73,256
8,75.6,256,6.76461
#9,111,256
#9,111,256
#9,70,256
#9,71,256
#9,71,256
9,86.8,256,39.5252
#10,99,256
#10,104,256
#10,84,256
#10,84,256
#10,82,256
10,90.6,256,18.1373
#11,89,256
#11,90,256
#11,89,256
#11,88,256
#11,101,256
11,91.4,256,9.68297
#12,144,256
#12,140,256
#12,89,256
#12,89,256
#12,88,256
12,110,256,52.3221
#13,115,256
#13,118,256
#13,112,256
#13,114,256
#13,111,256
13,114,256,4.89898
#14,105,384
#14,103,384
#14,102,384
#14,104,384
#14,104,384
14,103.6,384,2.03961
#15,119,384
#15,119,384
#15,109,384
#15,110,384
#15,104,384
15,112.2,384,11.8254
#16,126,384
#16,110,384
#16,124,384
#16,109,384
#16,110,384
16,115.8,384,15.0944
#17,135,384
#17,153,384
#17,147,384
#17,140,384
#17,159,384
17,146.8,384,17.2696
#18,137,384
#18,138,384
#18,121,384
#18,121,384
#18,123,384
18,128,384,15.5949
#19,144,384
#19,163,384
#19,166,384
#19,124,384
#19,129,384
19,145.2,384,34.2088
#20,186,384
#20,176,384
#20,177,384
#20,176,384
#20,143,384
20,171.6,384,29.573
#21,157,384
#21,157,384
#21,176,384
#21,139,384
#21,138,384
21,153.4,384,28.0171
#22,177,384
#22,167,384
#22,158,384
#22,144,384
#22,144,384
22,158,384,25.8302
#23,190,384
#23,197,384
#23,177,384
#23,175,384
#23,162,384
23,180.2,384,24.4426
#24,171,384
#24,160,384
#24,157,384
#24,161,384
#24,158,384
24,161.4,384,10.008
#25,201,384
#25,216,384
#25,213,384
#25,175,384
#25,172,384
25,195.4,384,37.1935
#26,244,384
#26,231,384
#26,196,384
#26,193,384
#26,180,384
26,208.8,384,48.7836
#27,221,384
#27,206,384
#27,200,384
#27,191,384
#27,201,384
27,203.8,384,19.7342
#28,246,640
#28,206,640
#28,197,640
#28,173,640
#28,178,640
28,200,640,51.9538
#29,209,640
#29,209,640
#29,198,640
#29,203,640
#29,189,640
29,201.6,640,15.0519
#30,186,640
#30,188,640
#30,198,640
#30,185,640
#30,186,640
30,188.6,640,9.6
#31,218,640
#31,236,640
#31,224,640
#31,202,640
#31,217,640
31,219.4,640,22.04
#32,226,640
#32,244,640
#32,217,640
#32,205,640
#32,206,640
32,219.6,640,28.861
#33,202,640
#33,200,640
#33,222,640
#33,201,640
#33,198,640
33,204.6,640,17.6
#34,261,640
#34,239,640
#34,229,640
#34,212,640
#34,218,640
34,231.8,640,34.5809
#35,344,640
#35,294,640
#35,263,640
#35,227,640
#35,212,640
35,268,640,95.0537
#36,314,640
#36,276,640
#36,250,640
#36,223,640
#36,215,640
36,255.6,640,72.4939
#37,263,640
#37,273,640
#37,282,640
#37,231,640
#37,221,640
37,254,640,47.6991
#38,230,640
#38,242,640
#38,244,640
#38,243,640
#38,224,640
38,236.6,640,16.179
#39,279,640
#39,289,640
#39,279,640
#39,257,640
#39,262,640
39,273.2,640,23.7453
#40,325,640
#40,306,640
#40,258,640
#40,258,640
#40,253,640
40,280,640,59.3161
#42,270,896
#42,264,896
#42,268,896
#42,267,896
#42,251,896
42,264,896,13.5647
#44,262,896
#44,273,896
#44,288,896
#44,263,896
#44,261,896
44,269.4,896,20.4978
#46,335,896
#46,327,896
#46,310,896
#46,281,896
#46,280,896
46,306.6,896,45.5825
#48,400,896
#48,367,896
#48,344,896
#48,326,896
#48,307,896
48,348.8,896,64.763
#50,396,896
#50,381,896
#50,326,896
#50,304,896
#50,306,896
50,342.6,896,77.1036
#52,434,896
#52,415,896
#52,356,896
#52,339,896
#52,342,896
52,377.2,896,79.0078
#54,478,896
#54,461,896
#54,380,896
#54,328,896
#54,337,896
54,396.8,896,124.28
#56,312,1152
#56,337,1152
#56,338,1152
#56,353,1152
#56,326,1152
56,333.2,1152,27.2881
#58,468,1152
#58,457,1152
#58,364,1152
#58,337,1152
#58,337,1152
58,392.6,1152,116.046
#60,436,1152
#60,445,1152
#60,415,1152
#60,381,1152
#60,358,1152
60,407,1152,65.8847
#63,472,1152
#63,453,1152
#63,432,1152
#63,386,1152
#63,370,1152
63,422.6,1152,77.7648
#66,597,1152
#66,604,1152
#66,410,1152
#66,394,1152
#66,395,1152
66,480,1152,197.152
#69,608,1408
#69,530,1408
#69,435,1408
#69,420,1408
#69,407,1408
69,480,1408,154.5
#72,539,1408
#72,513,1408
#72,430,1408
#72,430,1408
#72,424,1408
72,467.2,1408,97.5164
#75,673,1408
#75,598,1408
#75,530,1408
#75,483,1408
#75,482,1408
75,553.2,1408,146.683
#78,582,1408
#78,569,1408
#78,522,1408
#78,502,1408
#78,511,1408
78,537.2,1408,64.3416
#81,686,1408
#81,640,1408
#81,502,1408
#81,490,1408
#81,478,1408
81,559.2,1408,172.652
#85,759,1664
#85,772,1664
#85,602,1664
#85,581,1664
#85,543,1664
85,651.4,1664,190.303
#89,769,1664
#89,673,1664
#89,579,1664
#89,581,1664
#89,578,1664
89,636,1664,151.515
#93,770,1664
#93,723,1664
#93,595,1664
#93,584,1664
#93,556,1664
93,645.6,1664,169.35
#97,930,1920
#97,849,1920
#97,656,1920
#97,616,1920
#97,619,1920
97,734,1920,260.575
#101,788,1920
#101,761,1920
#101,663,1920
#101,604,1920
#101,586,1920
101,680.4,1920,162.789
#106,1219,1920
#106,1011,1920
#106,782,1920
#106,696,1920
#106,656,1920
106,872.8,1920,424.696
#111,861,2176
#111,825,2176
#111,680,2176
#111,678,2176
#111,653,2176
111,739.4,2176,171.761
#116,887,2176
#116,863,2176
#116,733,2176
#116,690,2176
#116,688,2176
116,772.2,2176,171.597
#121,1022,2176
#121,966,2176
#121,783,2176
#121,738,2176
#121,732,2176
121,848.2,2176,243.279
#127,1073,2432
#127,1027,2432
#127,819,2432
#127,765,2432
#127,752,2432
127,887.2,2432,271.188
#133,1172,2432
#133,1087,2432
#133,908,2432
#133,859,2432
#133,816,2432
133,968.4,2432,274.753
#139,1351,2688
#139,1105,2688
#139,888,2688
#139,879,2688
#139,830,2688
139,1010.6,2688,389.614
#145,1348,2688
#145,1134,2688
#145,955,2688
#145,916,2688
#145,883,2688
145,1047.2,2688,347.207
#152,1169,2944
#152,1108,2944
#152,945,2944
#152,888,2944
#152,891,2944
152,1000.2,2944,232.68
#159,1359,2944
#159,1185,2944
#159,976,2944
#159,964,2944
#159,963,2944
159,1089.4,2944,317.975
#166,1488,3200
#166,1286,3200
#166,1067,3200
#166,1035,3200
#166,1005,3200
166,1176.2,3200,369.266
#174,1912,3200
#174,1505,3200
#174,1285,3200
#174,1219,3200
#174,1205,3200
174,1425.2,3200,532.169
#182,1800,3456
#182,1587,3456
#182,1249,3456
#182,1235,3456
#182,1217,3456
182,1417.6,3456,470.689
#191,2063,3712
#191,1636,3712
#191,1289,3712
#191,1229,3712
#191,1227,3712
191,1488.8,3712,649.51
#200,1546,3712
#200,1473,3712
#200,1345,3712
#200,1293,3712
#200,1268,3712
200,1385,3712,214.323
#210,1874,3968
#210,1718,3968
#210,1420,3968
#210,1393,3968
#210,1362,3968
210,1553.4,3968,409.912
#220,1915,4224
#220,1672,4224
#220,1431,4224
#220,1352,4224
#220,1329,4224
220,1539.8,4224,447.03
#231,2130,4480
#231,2057,4480
#231,1584,4480
#231,1527,4480
#231,1481,4480
231,1755.8,4480,557.227
#242,2347,4480
#242,1978,4480
#242,1590,4480
#242,1517,4480
#242,1467,4480
242,1779.8,4480,671.673
#254,2136,4736
#254,1952,4736
#254,1684,4736
#254,1647,4736
#254,1611,4736
254,1806,4736,408.319
#266,2385,4992
#266,2055,4992
#266,1766,4992
#266,1706,4992
#266,1669,4992
266,1916.2,4992,541.768
#279,2729,5248
#279,2708,5248
#279,2063,5248
#279,1746,5248
#279,1716,5248
279,2192.4,5248,892.976
#292,2591,5376
#292,2213,5376
#292,1831,5376
#292,1729,5376
#292,1701,5376
292,2013,5376,684.227
#306,2900,5504
#306,2366,5504
#306,1975,5504
#306,1899,5504
#306,1806,5504
306,2189.2,5504,806.689
#321,3088,5632
#321,2482,5632
#321,2032,5632
#321,1903,5632
#321,1824,5632
321,2265.8,5632,939.885
#337,3221,5760
#337,2761,5760
#337,2219,5760
#337,2116,5760
#337,2061,5760
337,2475.6,5760,896.269
#353,3487,5888
#353,3138,5888
#353,2454,5888
#353,2257,5888
#353,2172,5888
353,2701.6,5888,1037.98
#370,3380,6144
#370,2809,6144
#370,2343,6144
#370,2210,6144
#370,2186,6144
370,2585.6,6144,912.399
#388,4118,6272
#388,3273,6272
#388,2714,6272
#388,2514,6272
#388,2440,6272
388,3011.8,6272,1250.71
#407,3943,6400
#407,3335,6400
#407,2726,6400
#407,2468,6400
#407,2391,6400
407,2972.6,6400,1175.31
#427,4240,6656
#427,3555,6656
#427,2884,6656
#427,2630,6656
#427,2623,6656
427,3186.4,6656,1253.6
#448,4325,6784
#448,3571,6784
#448,2917,6784
#448,2721,6784
#448,2658,6784
448,3238.4,6784,1264.65
#470,4814,7040
#470,3945,7040
#470,3123,7040
#470,2896,7040
#470,2848,7040
470,3525.2,7040,1510.89
#493,4631,7296
#493,3907,7296
#493,3404,7296
#493,3181,7296
#493,3107,7296
493,3646,7296,1132.66
#517,5027,7552
#517,4409,7552
#517,3530,7552
#517,3215,7552
#517,3076,7552
517,3851.4,7552,1497.33
#542,4949,7680
#542,4125,7680
#542,3609,7680
#542,3331,7680
#542,3313,7680
542,3865.4,7680,1232.25
#569,5012,7936
#569,4211,7936
#569,3489,7936
#569,3291,7936
#569,3269,7936
569,3854.4,7936,1344.87
#597,10167,8192
#597,8860,8192
#597,7226,8192
#597,6199,8192
#597,5665,8192
597,7623.4,8192,3349.18
#626,7195,8576
#626,6362,8576
#626,4803,8576
#626,4263,8576
#626,4093,8576
626,5343.2,8576,2447.65
#657,6056,8832
#657,5333,8832
#657,4432,8832
#657,4100,8832
#657,4024,8832
657,4789,8832,1571.91
#689,6561,9088
#689,5858,9088
#689,4786,9088
#689,4411,9088
#689,4257,9088
689,5174.6,9088,1781.06
#723,10688,9472
#723,8768,9472
#723,6936,9472
#723,5910,9472
#723,5513,9472
723,7563,9472,3851.82
#759,8091,9728
#759,7134,9728
#759,6010,9728
#759,5271,9728
#759,4928,9728
759,6286.8,9728,2354.18
#796,8071,10112
#796,7063,10112
#796,5996,10112
#796,5362,10112
#796,17968,10112
796,8892,10112,9262.43
#835,11014,10496
#835,9644,10496
#835,8092,10496
#835,7148,10496
#835,6714,10496
835,8522.4,10496,3201.32
#876,10105,10880
#876,8685,10880
#876,7557,10880
#876,6769,10880
#876,6437,10880
876,7910.6,10880,2685.5
#919,13098,11264
#919,11544,11264
#919,9493,11264
#919,8605,11264
#919,7923,11264
919,10132.6,11264,3837.77
#964,15042,11648
#964,13252,11648
#964,11602,11648
#964,9948,11648
#964,9170,11648
964,11802.8,11648,4289.97
#1012,12287,12160
#1012,10619,12160
#1012,9262,12160
#1012,8238,12160
#1012,7855,12160
1012,9652.2,12160,3256.87
#1062,13252,12672
#1062,11580,12672
#1062,9726,12672
#1062,8557,12672
#1062,8148,12672
1062,10252.6,12672,3830.42
#1115,12228,13184
#1115,10987,13184
#1115,9584,13184
#1115,8780,13184
#1115,8266,13184
1115,9969,13184,2912.26
#1170,13699,13696
#1170,12208,13696
#1170,10663,13696
#1170,9519,13696
#1170,9059,13696
1170,11029.6,13696,3442.55
#1228,17680,14208
#1228,16369,14208
#1228,14654,14208
#1228,13396,14208
#1228,12872,14208
1228,14994.2,14208,3608.58
#1289,16684,14848
#1289,15727,14848
#1289,14742,14848
#1289,13455,14848
#1289,12664,14848
1289,14654.4,14848,2922.69
#1353,16900,15360
#1353,16002,15360
#1353,14331,15360
#1353,13120,15360
#1353,12393,15360
1353,14549.2,15360,3391.32
#1420,14875,16128
#1420,13724,16128
#1420,12319,16128
#1420,11086,16128
#1420,10705,16128
1420,12541.8,16128,3147.6
#1491,17648,16640
#1491,16331,16640
#1491,14166,16640
#1491,13043,16640
#1491,11975,16640
1491,14632.6,16640,4174.65
#1565,20221,17408
#1565,18579,17408
#1565,17296,17408
#1565,15808,17408
#1565,14946,17408
1565,17370,17408,3785.34
#1643,19863,18176
#1643,19153,18176
#1643,17602,18176
#1643,16381,18176
#1643,15644,18176
1643,17728.6,18176,3195.27
#1725,23503,18944
#1725,21912,18944
#1725,20254,18944
#1725,18724,18944
#1725,17917,18944
1725,20462,18944,4088.14
#1811,20284,19712
#1811,19456,19712
#1811,17773,19712
#1811,16537,19712
#1811,15536,19712
1811,17917.2,19712,3528.8
#1901,29209,20480
#1901,28379,20480
#1901,26146,20480
#1901,24902,20480
#1901,24296,20480
1901,26586.4,20480,3833.38
#1996,24703,21504
#1996,23492,21504
#1996,22183,21504
#1996,20793,21504
#1996,19662,21504
1996,22166.6,21504,3616.64
#2095,39324,22528
#2095,38816,22528
#2095,36791,22528
#2095,35789,22528
#2095,34751,22528
2095,37094.2,22528,3489.72
#2199,44694,23296
#2199,44067,23296
#2199,42226,23296
#2199,40597,23296
#2199,39966,23296
2199,42310,23296,3710.12
#2308,35499,24320
#2308,34775,24320
#2308,33318,24320
#2308,31963,24320
#2308,30521,24320
2308,33215.2,24320,3631.64
#2423,29065,25600
#2423,27488,25600
#2423,25941,25600
#2423,24426,25600
#2423,23293,25600
2423,26042.6,25600,4138.42
#2544,36555,26624
#2544,35703,26624
#2544,34022,26624
#2544,32267,26624
#2544,32016,26624
2544,34112.6,26624,3611.63
#2671,28451,27776
#2671,27314,27776
#2671,25679,27776
#2671,24283,27776
#2671,23622,27776
2671,25869.8,27776,3617.21
#2804,37076,29312
#2804,35842,29312
#2804,34512,29312
#2804,46023,29312
#2804,45372,29312
2804,39765,29312,9831.2
#2944,36174,30464
#2944,35605,30464
#2944,33439,30464
#2944,32055,30464
#2944,31093,30464
2944,33673.2,30464,3931.08
#3091,44184,32000
#3091,43327,32000
#3091,41938,32000
#3091,44489,32000
#3091,39676,32000
3091,42722.8,32000,3523.47
#3245,37200,33152
#3245,36335,33152
#3245,34880,33152
#3245,33714,33152
#3245,32988,33152
3245,35023.4,33152,3141.44
#3407,53236,34688
#3407,52510,34688
#3407,51498,34688
#3407,49703,34688
#3407,49065,34688
3407,51202.4,34688,3193.67
#3577,52163,36608
#3577,52378,36608
#3577,50497,36608
#3577,49082,36608
#3577,48784,36608
3577,50580.8,36608,2995.36
#3755,65483,38144
#3755,64592,38144
#3755,63507,38144
#3755,62111,38144
#3755,60957,38144
3755,63330,38144,3271.27
#3942,62353,39808
#3942,61382,39808
#3942,59862,39808
#3942,58620,39808
#3942,57906,39808
3942,60024.6,39808,3316.84
#4139,55864,41856
#4139,55243,41856
#4139,53310,41856
#4139,52101,41856
#4139,51415,41856
4139,53586.6,41856,3455.96
#4345,85669,43904
#4345,84758,43904
#4345,83511,43904
#4345,82432,43904
#4345,81900,43904
4345,83654,43904,2809.88
#4562,76070,45952
#4562,72473,45952
#4562,70565,45952
#4562,69782,45952
#4562,69373,45952
4562,71652.6,45952,4904.29
#4790,76988,48000
#4790,76178,48000
#4790,74806,48000
#4790,73904,48000
#4790,72897,48000
4790,74954.6,48000,2965.26
#5029,73173,50048
#5029,72547,50048
#5029,71307,50048
#5029,69617,50048
#5029,69606,50048
5029,71250,50048,2932.96
#5280,91712,52864
#5280,91234,52864
#5280,89509,52864
#5280,88170,52864
#5280,87722,52864
5280,89669.4,52864,3185.78
#5544,79630,55424
#5544,92461,55424
#5544,78787,55424
#5544,78065,55424
#5544,77437,55424
5544,81276,55424,11280.3
#5821,88348,57984
#5821,91036,57984
#5821,86984,57984
#5821,85612,57984
#5821,85149,57984
5821,87425.8,57984,4247.62
#6112,126203,60544
#6112,124689,60544
#6112,123737,60544
#6112,122426,60544
#6112,126198,60544
6112,124651,60544,2910.58
#6417,108037,63104
#6417,107071,63104
#6417,105873,63104
#6417,104961,63104
#6417,104205,63104
6417,106029,63104,2772.69
#6737,105479,66816
#6737,116819,66816
#6737,116964,66816
#6737,105986,66816
#6737,105423,66816
6737,110134,66816,11042
#7073,114580,69888
#7073,114048,69888
#7073,112324,69888
#7073,111080,69888
#7073,111246,69888
7073,112656,69888,2859.59
#7426,132208,72960
#7426,116971,72960
#7426,115815,72960
#7426,113569,72960
#7426,114095,72960
7426,118532,72960,13890.1
#7797,167835,76800
#7797,167516,76800
#7797,167156,76800
#7797,166776,76800
#7797,165779,76800
7797,167012,76800,1422.13
#8186,117408,80384
#8186,116527,80384
#8186,114930,80384
#8186,114064,80384
#8186,114343,80384
8186,115454,80384,2593.91
#8595,146557,83968
#8595,147179,83968
#8595,145211,83968
#8595,145546,83968
#8595,144715,83968
8595,145842,83968,1801.04
#9024,178020,88448
#9024,177679,88448
#9024,175967,88448
#9024,175355,88448
#9024,174519,88448
9024,176308,88448,2688.58
#9475,156748,92544
#9475,156950,92544
#9475,154346,92544
#9475,153629,92544
#9475,153739,92544
9475,155082,92544,2928.69
#9948,185866,96640
#9948,184688,96640
#9948,182654,96640
#9948,207295,96640
#9948,181886,96640
9948,188478,96640,19029.2
#10445,173629,101760
#10445,172997,101760
#10445,171436,101760
#10445,170335,101760
#10445,169858,101760
10445,171651,101760,2928.09
#10967,193687,106368
#10967,193198,106368
#10967,192623,106368
#10967,192595,106368
#10967,202116,106368
10967,194844,106368,7316.87
#11515,235222,112128
#11515,237235,112128
#11515,234029,112128
#11515,232903,112128
#11515,233574,112128
11515,234593,112128,3044.78
#12090,213654,117120
#12090,214499,117120
#12090,213036,117120
#12090,219271,117120
#12090,229932,117120
12090,218078,117120,12641
#12694,239822,122240
#12694,238340,122240
#12694,237458,122240
#12694,236076,122240
#12694,236373,122240
12694,237614,122240,2732.35
#13328,265182,128896
#13328,267830,128896
#13328,266324,128896
#13328,268495,128896
#13328,255777,128896
13328,264722,128896,9238.45
#13994,243536,134528
#13994,251107,134528
#13994,242283,134528
#13994,242413,134528
#13994,223300,134528
13994,240528,134528,18426.1
#14693,345409,141824
#14693,346066,141824
#14693,345044,141824
#14693,344043,141824
#14693,348263,141824
14693,345765,141824,2820.28
#15427,259906,149504
#15427,257088,149504
#15427,255740,149504
#15427,256453,149504
#15427,256360,149504
15427,257109,149504,2924.26
#16198,355919,156032
#16198,322097,156032
#16198,321974,156032
#16198,325748,156032
#16198,340925,156032
16198,333333,156032,26541.6
#17007,317745,164480
#17007,293091,164480
#17007,295638,164480
#17007,292646,164480
#17007,293298,164480
17007,298484,164480,19373.1
#17857,324957,171648
#17857,393989,171648
#17857,313308,171648
#17857,316336,171648
#17857,334452,171648
17857,336608,171648,59240.6
#18749,350250,180992
#18749,351071,180992
#18749,351620,180992
#18749,350570,180992
#18749,349140,180992
18749,350530,180992,1671.62
#19686,409658,188800
#19686,387917,188800
#19686,387642,188800
#19686,386409,188800
#19686,385999,188800
19686,391525,188800,18190.4
#20670,651077,199040
#20670,629363,199040
#20670,615597,199040
#20670,621505,199040
#20670,495288,199040
20670,602566,199040,109940
#21703,409821,207744
#21703,413784,207744
#21703,407568,207744
#21703,405570,207744
#21703,408195,207744
21703,408988,207744,5515.32
#22788,452937,219008
#22788,468982,219008
#22788,460302,219008
#22788,458143,219008
#22788,457543,219008
22788,459581,219008,10555.1
#23927,484583,228480
#23927,484897,228480
#23927,486713,228480
#23927,482329,228480
#23927,488773,228480
23927,485459,228480,4329.92
#25123,469928,240768
#25123,469163,240768
#25123,468491,240768
#25123,482533,240768
#25123,454988,240768
25123,469021,240768,17449.9
#26379,524490,253824
#26379,522137,253824
#26379,519944,253824
#26379,518458,253824
#26379,521664,253824
26379,521339,253824,4090.71
#27697,659510,264704
#27697,659007,264704
#27697,662347,264704
#27697,656430,264704
#27697,630970,264704
27697,653653,264704,22991.9
#29081,629866,279040
#29081,630836,279040
#29081,639004,279040
#29081,612587,279040
#29081,599115,279040
29081,622282,279040,28858.5
#30535,623702,291072
#30535,635421,291072
#30535,624161,291072
#30535,625053,291072
#30535,628200,291072
30535,627307,291072,8699.81
#32061,684671,306816
#32061,684359,306816
#32061,686652,306816
#32061,684383,306816
#32061,684632,306816
32061,684939,306816,1731.12
#33664,811455,320000
#33664,799791,320000
#33664,788477,320000
#33664,792767,320000
#33664,792598,320000
33664,797018,320000,16166
#35347,763989,337152
#35347,787116,337152
#35347,811559,337152
#35347,765438,337152
#35347,746214,337152
35347,774863,337152,44940.6
#37114,725504,355328
#37114,749413,355328
#37114,722490,355328
#37114,770066,355328
#37114,689902,355328
37114,731475,355328,54079.5
#38969,760517,370560
#38969,768645,370560
#38969,764780,370560
#38969,763063,370560
#38969,760355,370560
38969,763472,370560,6137.48
#40917,831911,390400
#40917,836547,390400
#40917,835515,390400
#40917,834372,390400
#40917,832944,390400
40917,834258,390400,3354.71
#42962,1076333,411264
#42962,1098611,411264
#42962,1060287,411264
#42962,1073890,411264
#42962,1079097,411264
42962,1.07764e+06,411264,24638.2
#45110,892399,428928
#45110,907652,428928
#45110,896290,428928
#45110,894177,428928
#45110,905111,428928
45110,899126,428928,12208.2
#47365,1220177,451968
#47365,1207486,451968
#47365,1220941,451968
#47365,1301116,451968
#47365,1261455,451968
47365,1.24224e+06,451968,69188.8
#49733,1038349,476160
#49733,1055297,476160
#49733,1037539,476160
#49733,1049874,476160
#49733,1042890,476160
49733,1.04479e+06,476160,13679.7
#52219,1396833,496384
#52219,1353180,496384
#52219,1341734,496384
#52219,1320237,496384
#52219,1340702,496384
52219,1.35054e+06,496384,50932.2
#54829,1393082,523008
#54829,1340444,523008
#54829,1337535,523008
#54829,1336453,523008
#54829,1333207,523008
54829,1.34814e+06,523008,45175.7
#57570,1330079,545280
#57570,1323866,545280
#57570,1314988,545280
#57570,1326532,545280
#57570,1316083,545280
57570,1.32231e+06,545280,11764
#60448,1593821,574592
#60448,1562503,574592
#60448,1588723,574592
#60448,1577722,574592
#60448,1530893,574592
60448,1.57073e+06,574592,45259.3
#63470,1353697,605440
#63470,1360372,605440
#63470,1312898,605440
#63470,1294493,605440
#63470,1354041,605440
63470,1.3351e+06,605440,52802.6
#66643,1806192,631296
#66643,1746620,631296
#66643,1698950,631296
#66643,1696588,631296
#66643,1720607,631296
66643,1.73379e+06,631296,80886.4
#69975,1653870,665088
#69975,1619074,665088
#69975,1574647,665088
#69975,1563293,665088
#69975,1550789,665088
69975,1.59233e+06,665088,76857.8
#73473,1800619,700672
#73473,1790750,700672
#73473,1766917,700672
#73473,1792261,700672
#73473,1780035,700672
73473,1.78612e+06,700672,23240.5
#77146,1961122,730496
#77146,1891237,730496
#77146,1831661,730496
#77146,1836173,730496
#77146,1889656,730496
77146,1.88197e+06,730496,93971.7
#81003,1955592,769536
#81003,1900352,769536
#81003,1829313,769536
#81003,1842612,769536
#81003,1898745,769536
81003,1.88532e+06,769536,90796.9
#85053,2269953,810752
#85053,2151199,810752
#85053,2173929,810752
#85053,2191056,810752
#85053,2192573,810752
85053,2.19574e+06,810752,79995.8
#89305,2353860,845184
#89305,2301083,845184
#89305,2304238,845184
#89305,2279442,845184
#89305,2325109,845184
89305,2.31275e+06,845184,50285.4
#93770,2305280,890368
#93770,2195526,890368
#93770,2160392,890368
#93770,2167969,890368
#93770,2164522,890368
93770,2.19874e+06,890368,109360
#98458,2405792,937984
#98458,2374670,937984
#98458,2335069,937984
#98458,2392880,937984
#98458,2391328,937984
98458,2.37995e+06,937984,49043.9
#103380,2510179,977792
#103380,2450823,977792
#103380,2447253,977792
#103380,2449243,977792
#103380,2458954,977792
103380,2.46329e+06,977792,47558.9
#108549,2809778,1030016
#108549,2735710,1030016
#108549,2810730,1030016
#108549,2726292,1030016
#108549,2732560,1030016
108549,2.76301e+06,1030016,77382.9
#113976,3094143,1085056
#113976,3019666,1085056
#113976,3002278,1085056
#113976,3020207,1085056
#113976,3013667,1085056
113976,3.02999e+06,1085056,65435.7
#119674,2805108,1131136
#119674,2784925,1131136
#119674,2803306,1131136
#119674,2809528,1131136
#119674,2800372,1131136
119674,2.80065e+06,1131136,16807.1
#125657,3410974,1191296
#125657,3323117,1191296
#125657,3373168,1191296
#125657,3283000,1191296
#125657,3325747,1191296
125657,3.3432e+06,1191296,88649.3
#131939,3484334,1254656
#131939,3380088,1254656
#131939,3427871,1254656
#131939,3435679,1254656
#131939,3437136,1254656
131939,3.43302e+06,1254656,66244.7
#138535,3043921,1321600
#138535,2965294,1321600
#138535,3009862,1321600
#138535,3010570,1321600
#138535,3012072,1321600
138535,3.00834e+06,1321600,50121.3
#145461,3643552,1377664
#145461,3571760,1377664
#145461,3535858,1377664
#145461,3538047,1377664
#145461,3552987,1377664
145461,3.56844e+06,1377664,79382.4
#152734,3768682,1451136
#152734,3693479,1451136
#152734,3636326,1451136
#152734,3673909,1451136
#152734,3679692,1451136
152734,3.69042e+06,1451136,86939.8
#160370,4319282,1528448
#160370,4189221,1528448
#160370,4212881,1528448
#160370,4240640,1528448
#160370,4228399,1528448
160370,4.23808e+06,1528448,88164.5
#168388,5021115,1593344
#168388,4608613,1593344
#168388,4483149,1593344
#168388,4446608,1593344
#168388,4457963,1593344
168388,4.60349e+06,1593344,433321
#176807,4367930,1678208
#176807,4244043,1678208
#176807,4227404,1678208
#176807,4273570,1678208
#176807,4233070,1678208
176807,4.2692e+06,1678208,103738
#185647,4909317,1767680
#185647,4762725,1767680
#185647,4721618,1767680
#185647,4742039,1767680
#185647,4766219,1767680
185647,4.78038e+06,1767680,132846
#194929,5363987,1842688
#194929,5298632,1842688
#194929,5313232,1842688
#194929,5261738,1842688
#194929,5298813,1842688
194929,5.30728e+06,1842688,66161.4
#204675,5611401,1940864
#204675,5590314,1940864
#204675,5575957,1940864
#204675,5615715,1940864
#204675,5614632,1940864
204675,5.6016e+06,1940864,31623.6
#214908,6283857,2044288
#214908,6088826,2044288
#214908,6190410,2044288
#214908,6116159,2044288
#214908,6071666,2044288
214908,6.15018e+06,2044288,156395
#225653,6268058,2130944
#225653,6206385,2130944
#225653,6230097,2130944
#225653,6111017,2130944
#225653,6298829,2130944
225653,6.22288e+06,2130944,128520
#236935,5924694,2244480
#236935,5863304,2244480
#236935,5873129,2244480
#236935,5876783,2244480
#236935,5738574,2244480
236935,5.8553e+06,2244480,124206
#248781,6242647,2364160
#248781,6097905,2364160
#248781,6080826,2364160
#248781,6065172,2364160
#248781,6085098,2364160
248781,6.11433e+06,2364160,130011
#261220,6182857,2490240
#261220,6152645,2490240
#261220,7276316,2490240
#261220,6175012,2490240
#261220,6086385,2490240
261220,6.37464e+06,2490240,904223
#274281,8475983,2595712
#274281,7286422,2595712
#274281,7190506,2595712
#274281,7279383,2595712
#274281,7228590,2595712
274281,7.49218e+06,2595712,986296
#287995,6942282,2734080
#287995,6801889,2734080
#287995,6846477,2734080
#287995,6748207,2734080
#287995,6828336,2734080
287995,6.83344e+06,2734080,127445
#302394,7966676,2879744
#302394,7962416,2879744
#302394,7944652,2879744
#302394,7934846,2879744
#302394,7921032,2879744
302394,7.94592e+06,2879744,34018.6
#317513,8346007,3001856
#317513,8412141,3001856
#317513,8337542,3001856
#317513,8308832,3001856
#317513,8281687,3001856
317513,8.33724e+06,3001856,87545.5
#333388,8933855,3161728
#333388,8775250,3161728
#333388,8844943,3161728
#333388,8893269,3161728
#333388,8729236,3161728
333388,8.83531e+06,3161728,149725
#350057,9267706,3330176
#350057,9243760,3330176
#350057,9005729,3330176
#350057,9002830,3330176
#350057,9010511,3330176
350057,9.10611e+06,3330176,244856
#367559,9015364,3471232
#367559,8831013,3471232
#367559,8821042,3471232
#367559,8815596,3471232
#367559,8830076,3471232
367559,8.86262e+06,3471232,153177
#385936,9787993,3656192
#385936,9695910,3656192
#385936,9809466,3656192
#385936,9808089,3656192
#385936,9688429,3656192
385936,9.75798e+06,3656192,108637
#405232,10785388,3850752
#405232,10822516,3850752
#405232,10600203,3850752
#405232,10589347,3850752
#405232,10581944,3850752
405232,1.06759e+07,3850752,210776
#425493,11810272,4013952
#425493,11635266,4013952
#425493,12071179,4013952
#425493,13338241,4013952
#425493,16550345,4013952
425493,1.30811e+07,4013952,3.66902e+06
#446767,12428687,4227584
#446767,15196504,4227584
#446767,12066045,4227584
#446767,12203244,4227584
#446767,12141454,4227584
446767,1.28072e+07,4227584,2.40156e+06
#469105,12103291,4452608
#469105,11980610,4452608
#469105,11947425,4452608
#469105,11969620,4452608
#469105,11938640,4452608
469105,1.19879e+07,4452608,119221
#492560,13849948,4689536
#492560,13600841,4689536
#492560,13633790,4689536
#492560,13621829,4689536
#492560,13684821,4689536
492560,1.36782e+07,4689536,180390
#517188,15163281,4888192
#517188,14943793,4888192
#517188,14978022,4888192
#517188,14933530,4888192
#517188,15050112,4888192
517188,1.50137e+07,4888192,170382
#543047,14571478,5148288
#543047,17255845,5148288
#543047,14054283,5148288
#543047,17413652,5148288
#543047,14739815,5148288
543047,1.5607e+07,5148288,2.85908e+06
#570199,15497520,5422336
#570199,14925021,5422336
#570199,14903322,5422336
#570199,16456151,5422336
#570199,15101066,5422336
570199,1.53766e+07,5422336,1.16065e+06
#598708,15874476,5652096
#598708,15793875,5652096
#598708,15461424,5652096
#598708,15870989,5652096
#598708,16915642,5652096
598708,1.59833e+07,5652096,980593
#628643,16734745,5952896
#628643,16282329,5952896
#628643,16577942,5952896
#628643,16525766,5952896
#628643,16547760,5952896
628643,1.65337e+07,5952896,290963
#660075,17702782,6269696
#660075,17110666,6269696
#660075,17270927,6269696
#660075,17195384,6269696
#660075,17355248,6269696
660075,1.7327e+07,6269696,409172
#693078,18219034,6535296
#693078,20441233,6535296
#693078,18273372,6535296
#693078,18261209,6535296
#693078,18163143,6535296
693078,1.86716e+07,6535296,1.77132e+06
#727731,20574835,6883072
#727731,20210522,6883072
#727731,20248126,6883072
#727731,20123522,6883072
#727731,20434313,6883072
727731,2.03183e+07,6883072,327106
#764117,22320699,7249152
#764117,22135327,7249152
#764117,21786138,7249152
#764117,21809207,7249152
#764117,21726780,7249152
764117,2.19556e+07,7249152,463125
#802322,25647682,7634816
#802322,25301444,7634816
#802322,25826840,7634816
#802322,25497817,7634816
#802322,25393224,7634816
802322,2.55334e+07,7634816,372973
#842438,25454703,7958144
#842438,25179611,7958144
#842438,25263578,7958144
#842438,25087521,7958144
#842438,25172726,7958144
842438,2.52316e+07,7958144,249360
#884559,27989010,8381568
#884559,27569910,8381568
#884559,27811231,8381568
#884559,27540158,8381568
#884559,27541754,8381568
884559,2.76904e+07,8381568,361059
#928786,33326432,8827392
#928786,31536540,8827392
#928786,31581010,8827392
#928786,33440718,8827392
#928786,31308210,8827392
928786,3.22386e+07,8827392,1.8803e+06
#975225,33045423,9201152
#975225,32737938,9201152
#975225,33976779,9201152
#975225,33126445,9201152
#975225,33016573,9201152
975225,3.31806e+07,9201152,838074
#1023986,37590711,9690752
#1023986,37858410,9690752
#1023986,37887901,9690752
#1023986,40404048,9690752
#1023986,37221914,9690752
1023986,3.81926e+07,9690752,2.26266e+06
#1075185,46790022,10206208
#1075185,42187439,10206208
#1075185,45694461,10206208
#1075185,41540056,10206208
#1075185,41547486,10206208
1075185,4.35519e+07,10206208,4.4724e+06
#1128944,48334212,10749184
#1128944,42768452,10749184
#1128944,49399055,10749184
#1128944,42869229,10749184
#1128944,42976991,10749184
1128944,4.52696e+07,10749184,5.9139e+06
#1185391,47108306,11204224
#1185391,47869599,11204224
#1185391,46358508,11204224
#1185391,53045483,11204224
#1185391,47325661,11204224
1185391,4.83415e+07,11204224,4.80292e+06
#1244660,51408372,11800320
#1244660,57108697,11800320
#1244660,52409707,11800320
#1244660,64653156,11800320
#1244660,55002796,11800320
1244660,5.61165e+07,11800320,9.42363e+06
#1306893,59734143,12428160
#1306893,64236755,12428160
#1306893,63840950,12428160
#1306893,62521600,12428160
#1306893,60409462,12428160
1306893,6.21486e+07,12428160,3.60197e+06
#1372237,58690953,12954368
#1372237,59152760,12954368
#1372237,63357976,12954368
#1372237,64238234,12954368
#1372237,60112995,12954368
1372237,6.11106e+07,12954368,4.51804e+06
#1440848,68470793,13643648
#1440848,67087029,13643648
#1440848,66820335,13643648
#1440848,76593707,13643648
#1440848,77870098,13643648
1440848,7.13684e+07,13643648,9.67417e+06
#1512890,73568485,14369536
#1512890,73481857,14369536
#1512890,73265392,14369536
#1512890,70003389,14369536
#1512890,76758710,14369536
1512890,7.34156e+07,14369536,4.27737e+06
#1588534,75625135,14977920
#1588534,76291152,14977920
#1588534,76029414,14977920
#1588534,76160260,14977920
#1588534,76579597,14977920
1588534,7.61371e+07,14977920,628507
#1667960,77296492,15774720
#1667960,81261424,15774720
#1667960,84369666,15774720
#1667960,84323324,15774720
#1667960,82861395,15774720
1667960,8.20225e+07,15774720,5.24756e+06
#1751358,85432051,16613760
#1751358,82985716,16613760
#1751358,83646542,16613760
#1751358,82945145,16613760
#1751358,82766090,16613760
1751358,8.35551e+07,16613760,1.96979e+06
#1838925,100818203,17497472
#1838925,97506097,17497472
#1838925,96245497,17497472
#1838925,98073884,17497472
#1838925,100510927,17497472
1838925,9.86309e+07,17497472,3.53094e+06
#1930871,101775509,18238080
#1930871,103141371,18238080
#1930871,101250366,18238080
#1930871,97225902,18238080
#1930871,97072342,18238080
1930871,1.00093e+08,18238080,4.96448e+06
#2027414,104209714,19208192
#2027414,103963206,19208192
#2027414,105149343,19208192
#2027414,107986868,19208192
#2027414,106570947,19208192
2027414,1.05576e+08,19208192,3.02682e+06
#2128784,109355262,20229888
#2128784,108004767,20229888
#2128784,108733784,20229888
#2128784,109923559,20229888
#2128784,109847996,20229888
2128784,1.09173e+08,20229888,1.44495e+06
#2235223,120218309,21086336
#2235223,119302488,21086336
#2235223,119323211,21086336
#2235223,121732262,21086336
#2235223,120143004,21086336
2235223,1.20144e+08,21086336,1.7686e+06
#2346984,129126310,22207872
#2346984,128867779,22207872
#2346984,129623257,22207872
#2346984,136908469,22207872
#2346984,128709807,22207872
2346984,1.30647e+08,22207872,6.29189e+06
#2464333,137756475,23389056
#2464333,141794964,23389056
#2464333,143783518,23389056
#2464333,139822324,23389056
#2464333,135551820,23389056
2464333,1.39742e+08,23389056,5.80034e+06
#2587549,156896546,24633216
#2587549,157362595,24633216
#2587549,141401467,24633216
#2587549,140518374,24633216
#2587549,139823083,24633216
2587549,1.472e+08,24633216,1.62478e+07
#2716926,152481685,25675904
#2716926,161239342,25675904
#2716926,147801207,25675904
#2716926,146755299,25675904
#2716926,146424056,25675904
2716926,1.5094e+08,25675904,1.11789e+07
#2852772,153089048,27041664
#2852772,155721351,27041664
#2852772,153881604,27041664
#2852772,156408902,27041664
#2852772,153294674,27041664
2852772,1.54479e+08,27041664,2.67723e+06
#2995410,171927508,28479872
#2995410,168483772,28479872
#2995410,176306135,28479872
#2995410,177093673,28479872
#2995410,175214622,28479872
2995410,1.73805e+08,28479872,6.38113e+06
#3145180,182120247,29685376
#3145180,180276987,29685376
#3145180,176797569,29685376
#3145180,176837815,29685376
#3145180,177739367,29685376
3145180,1.78754e+08,29685376,4.21236e+06
#3302439,188332992,31264128
#3302439,189249581,31264128
#3302439,188431547,31264128
#3302439,199358192,31264128
#3302439,185557156,31264128
3302439,1.90186e+08,31264128,9.50553e+06
#3467560,190395592,32926976
#3467560,192615248,32926976
#3467560,193339109,32926976
#3467560,190916444,32926976
#3467560,194891617,32926976
3467560,1.92432e+08,32926976,3.26803e+06
#3640938,211065626,34320768
#3640938,211485150,34320768
#3640938,218306767,34320768
#3640938,212071342,34320768
#3640938,212516770,34320768
3640938,2.13089e+08,34320768,5.31071e+06
#3822984,230091559,36146176
#3822984,226981736,36146176
#3822984,220622468,36146176
#3822984,220865055,36146176
#3822984,220202482,36146176
3822984,2.23753e+08,36146176,8.06715e+06
#4014133,244084796,38068736
#4014133,253762203,38068736
#4014133,244679057,38068736
#4014133,237260034,38068736
#4014133,249814727,38068736
4014133,2.4592e+08,38068736,1.11919e+07
#4214839,247826054,40093440
#4214839,246414549,40093440
#4214839,247599892,40093440
#4214839,247943785,40093440
#4214839,246127904,40093440
4214839,2.47182e+08,40093440,1.51522e+06
#4425580,258661866,41790336
#4425580,261652865,41790336
#4425580,263448911,41790336
#4425580,264583261,41790336
#4425580,263070958,41790336
4425580,2.62284e+08,41790336,4.07736e+06
#4646859,282571603,44012928
#4646859,272869560,44012928
#4646859,274385504,44012928
#4646859,277176652,44012928
#4646859,275853081,44012928
4646859,2.76571e+08,44012928,6.65531e+06
#4879201,316239658,46353664
#4879201,302138539,46353664
#4879201,308347056,46353664
#4879201,338327300,46353664
#4879201,296439843,46353664
4879201,3.12298e+08,46353664,2.91667e+07
#5123161,332004139,48315776
#5123161,315389531,48315776
#5123161,312971947,48315776
#5123161,314140586,48315776
#5123161,316451644,48315776
5123161,3.18192e+08,48315776,1.40092e+07
#5379319,332269763,50885376
#5379319,332053470,50885376
#5379319,331627940,50885376
#5379319,332196595,50885376
#5379319,331575770,50885376
5379319,3.31945e+08,50885376,577854
#5648284,345304879,53591680
#5648284,345158122,53591680
#5648284,345767376,53591680
#5648284,345305304,53591680
#5648284,340991654,53591680
5648284,3.44505e+08,53591680,3.53769e+06
#5930698,371025083,56441856
#5930698,368025933,56441856
#5930698,366651866,56441856
#5930698,366803076,56441856
#5930698,369484600,56441856
5930698,3.68398e+08,56441856,3.32427e+06
#6227232,395523114,58830848
#6227232,401731611,58830848
#6227232,389404817,58830848
#6227232,384087537,58830848
#6227232,389406415,58830848
6227232,3.92031e+08,58830848,1.21056e+07
#6538593,411678957,61959680
#6538593,437596585,61959680
#6538593,418143162,61959680
#6538593,421122551,61959680
#6538593,413354712,61959680
6538593,4.20379e+08,61959680,1.8483e+07
#6865522,428700404,65254912
#6865522,427324390,65254912
#6865522,427868512,65254912
#6865522,428619889,65254912
#6865522,431862565,65254912
6865522,4.28875e+08,65254912,3.15449e+06
#7208798,498989691,68016896
#7208798,492319862,68016896
#7208798,463453634,68016896
#7208798,505129886,68016896
#7208798,475129574,68016896
7208798,4.87005e+08,68016896,3.09333e+07
#7569237,466695517,71634176
#7569237,466655210,71634176
#7569237,466814742,71634176
#7569237,474463281,71634176
#7569237,488619087,71634176
7569237,4.7265e+08,71634176,1.70586e+07
#7947698,491982663,75443968
#7947698,508009809,75443968
#7947698,522734555,75443968
#7947698,518322780,75443968
#7947698,511859524,75443968
7947698,5.10582e+08,75443968,2.11998e+07
#8345082,528324786,79456384
#8345082,545471750,79456384
#8345082,570852013,79456384
#8345082,533286634,79456384
#8345082,526319528,79456384
8345082,5.40851e+08,79456384,3.28232e+07
#8762336,638310693,82819456
#8762336,547605550,82819456
#8762336,553134383,82819456
#8762336,554302284,82819456
#8762336,550827078,82819456
8762336,5.68836e+08,82819456,6.9625e+07
#9200452,580325254,87223808
#9200452,595468355,87223808
#9200452,582119050,87223808
#9200452,596728995,87223808
#9200452,596489760,87223808
9200452,5.90226e+08,87223808,1.47717e+07
#9660474,604117520,91862656
#9660474,618514373,91862656
#9660474,607341492,91862656
#9660474,622370297,91862656
#9660474,624933356,91862656
9660474,6.15455e+08,91862656,1.6526e+07
