#1,316,256
#1,39,256
#1,33,256
#1,32,256
#1,33,256
1,90.6,256,225.455
#2,61,256
#2,38,256
#2,35,256
#2,37,256
#2,37,256
2,41.6,256,19.4977
#3,43,256
#3,42,256
#3,39,256
#3,39,256
#3,38,256
3,40.2,256,3.87814
#4,61,256
#4,73,256
#4,43,256
#4,43,256
#4,45,256
4,53,256,24.133
#5,88,256
#5,75,256
#5,47,256
#5,64,256
#5,49,256
5,64.6,256,31.1024
#6,73,256
#6,76,256
#6,58,256
#6,55,256
#6,72,256
6,66.8,256,17.1301
#7,76,256
#7,89,256
#7,87,256
#7,84,256
#7,66,256
7,80.4,256,16.9044
#8,79,256
#8,73,256
#8,67,256
#8,68,256
#8,68,256
8,71,256,9.03327
#9,80,256
#9,78,256
#9,74,256
#9,73,256
#9,72,256
9,75.4,256,6.14492
#10,111,256
#10,96,256
#10,106,256
#10,93,256
#10,79,256
10,97,256,22.2351
#11,102,256
#11,101,256
#11,91,256
#11,90,256
#11,79,256
11,92.6,256,16.8095
#12,113,256
#12,111,256
#12,97,256
#12,114,256
#12,95,256
12,106,256,16.4924
#13,116,384
#13,121,384
#13,111,384
#13,102,384
#13,102,384
13,110.4,384,15.105
#14,107,384
#14,120,384
#14,108,384
#14,106,384
#14,106,384
14,109.4,384,10.7033
#15,107,384
#15,120,384
#15,103,384
#15,102,384
#15,102,384
15,106.8,384,13.7055
#16,112,384
#16,111,384
#16,110,384
#16,111,384
#16,108,384
16,110.4,384,2.71293
#17,118,384
#17,126,384
#17,112,384
#17,112,384
#17,113,384
17,116.2,384,10.7629
#18,127,384
#18,138,384
#18,127,384
#18,119,384
#18,114,384
18,125,384,16.3463
#19,154,384
#19,140,384
#19,117,384
#19,117,384
#19,134,384
19,132.4,384,28.3012
#20,140,384
#20,137,384
#20,140,384
#20,141,384
#20,141,384
20,139.8,384,2.93939
#21,173,384
#21,159,384
#21,137,384
#21,133,384
#21,136,384
21,147.6,384,31.435
#22,155,384
#22,151,384
#22,172,384
#22,146,384
#22,147,384
22,154.2,384,18.9061
#23,180,384
#23,165,384
#23,166,384
#23,143,384
#23,137,384
23,158.2,384,31.7843
#24,215,384
#24,175,384
#24,191,384
#24,181,384
#24,180,384
24,188.4,384,28.5545
#25,187,384
#25,186,384
#25,168,384
#25,183,384
#25,149,384
25,174.6,384,29.0269
#26,209,640
#26,168,640
#26,158,640
#26,145,640
#26,148,640
26,165.6,640,46.3137
#27,163,640
#27,150,640
#27,152,640
#27,151,640
#27,148,640
27,152.8,640,10.5376
#28,183,640
#28,170,640
#28,166,640
#28,169,640
#28,168,640
28,171.2,640,12.093
#29,161,640
#29,158,640
#29,164,640
#29,163,640
#29,159,640
29,161,640,4.5607
#30,187,640
#30,183,640
#30,176,640
#30,163,640
#30,164,640
30,174.6,640,19.4566
#31,263,640
#31,247,640
#31,212,640
#31,167,640
#31,168,640
31,211.4,640,78.9187
#32,284,640
#32,239,640
#32,213,640
#32,187,640
#32,188,640
32,222.2,640,72.635
#33,260,640
#33,249,640
#33,201,640
#33,175,640
#33,177,640
33,212.4,640,71.4826
#34,223,640
#34,226,640
#34,209,640
#34,192,640
#34,190,640
34,208,640,30.0666
#35,277,640
#35,230,640
#35,211,640
#35,206,640
#35,198,640
35,224.4,640,56.6618
#36,262,640
#36,219,640
#36,220,640
#36,217,640
#36,204,640
36,224.4,640,39.3263
#37,223,640
#37,238,640
#37,222,640
#37,206,640
#37,209,640
37,219.6,640,22.8596
#38,247,896
#38,249,896
#38,232,896
#38,211,896
#38,215,896
38,230.8,896,31.4554
#39,246,896
#39,235,896
#39,236,896
#39,206,896
#39,204,896
39,225.4,896,34.2134
#40,213,896
#40,227,896
#40,224,896
#40,225,896
#40,225,896
40,222.8,896,9.992
#42,219,896
#42,221,896
#42,223,896
#42,221,896
#42,219,896
42,220.6,896,2.99333
#44,261,896
#44,274,896
#44,246,896
#44,238,896
#44,241,896
44,252,896,27.0998
#46,369,896
#46,279,896
#46,265,896
#46,254,896
#46,257,896
46,284.8,896,85.9619
#48,252,896
#48,247,896
#48,246,896
#48,246,896
#48,248,896
48,247.8,896,4.45421
#50,420,896
#50,414,896
#50,312,896
#50,292,896
#50,291,896
50,345.8,896,117.292
#52,329,1152
#52,289,1152
#52,291,1152
#52,287,1152
#52,295,1152
52,298.2,1152,31.2512
#54,309,1152
#54,322,1152
#54,305,1152
#54,291,1152
#54,291,1152
54,303.6,1152,23.447
#56,359,1152
#56,361,1152
#56,363,1152
#56,333,1152
#56,316,1152
56,346.4,1152,37.4294
#58,326,1152
#58,310,1152
#58,309,1152
#58,307,1152
#58,320,1152
58,314.4,1152,14.6751
#60,418,1152
#60,401,1152
#60,357,1152
#60,336,1152
#60,338,1152
60,370,1152,67.0164
#63,464,1152
#63,405,1152
#63,371,1152
#63,369,1152
#63,363,1152
63,394.4,1152,75.5524
#66,435,1408
#66,408,1408
#66,389,1408
#66,382,1408
#66,386,1408
66,400,1408,39.2938
#69,454,1408
#69,440,1408
#69,432,1408
#69,397,1408
#69,402,1408
69,425,1408,44.0727
#72,569,1408
#72,563,1408
#72,481,1408
#72,388,1408
#72,389,1408
72,478,1408,158.836
#75,521,1408
#75,523,1408
#75,452,1408
#75,396,1408
#75,398,1408
75,458,1408,111.979
#78,676,1536
#78,661,1536
#78,497,1536
#78,412,1536
#78,410,1536
78,531.2,1536,233.037
#81,478,1536
#81,469,1536
#81,446,1536
#81,433,1536
#81,436,1536
81,452.4,1536,35.9689
#85,576,1536
#85,588,1536
#85,481,1536
#85,13160,1536
#85,464,1536
85,3053.8,1536,10106.7
#89,692,1664
#89,632,1664
#89,545,1664
#89,516,1664
#89,522,1664
89,581.4,1664,138.342
#93,669,1664
#93,642,1664
#93,536,1664
#93,517,1664
#93,519,1664
93,576.6,1664,130.639
#97,723,1664
#97,703,1664
#97,592,1664
#97,545,1664
#97,523,1664
97,617.2,1664,163.161
#101,699,1792
#101,670,1792
#101,621,1792
#101,596,1792
#101,584,1792
101,634,1792,87.7907
#106,808,1792
#106,830,1792
#106,662,1792
#106,652,1792
#106,650,1792
106,720.4,1792,161.818
#111,724,1792
#111,691,1792
#111,669,1792
#111,643,1792
#111,646,1792
111,674.6,1792,60.3801
#116,743,1920
#116,712,1920
#116,674,1920
#116,647,1920
#116,644,1920
116,684,1920,76.5977
#121,845,1920
#121,810,1920
#121,710,1920
#121,664,1920
#121,651,1920
121,736,1920,156.056
#127,857,2176
#127,898,2176
#127,757,2176
#127,730,2176
#127,732,2176
127,794.8,2176,138.826
#133,1017,2176
#133,868,2176
#133,722,2176
#133,724,2176
#133,725,2176
133,811.2,2176,234.215
#139,1014,2176
#139,1016,2176
#139,783,2176
#139,790,2176
#139,787,2176
139,878,2176,223.768
#145,1136,2176
#145,1089,2176
#145,885,2176
#145,826,2176
#145,809,2176
145,949,2176,273.341
#152,1027,2432
#152,950,2432
#152,839,2432
#152,840,2432
#152,816,2432
152,894.4,2432,162.109
#159,1064,2432
#159,1018,2432
#159,907,2432
#159,882,2432
#159,879,2432
159,950,2432,152.667
#166,1159,2432
#166,1147,2432
#166,994,2432
#166,947,2432
#166,915,2432
166,1032.4,2432,203.394
#174,1283,2432
#174,1199,2432
#174,1017,2432
#174,997,2432
#174,976,2432
174,1094.4,2432,246.588
#182,1297,2688
#182,1249,2688
#182,1087,2688
#182,1082,2688
#182,1029,2688
182,1148.8,2688,209.068
#191,1358,2688
#191,1230,2688
#191,1046,2688
#191,1043,2688
#191,1043,2688
191,1144,2688,257.989
#200,1376,2688
#200,1308,2688
#200,1080,2688
#200,1108,2688
#200,1074,2688
200,1189.2,2688,254.239
#210,1462,2944
#210,1360,2944
#210,1203,2944
#210,1214,2944
#210,1183,2944
210,1284.4,2944,217.479
#220,1550,2944
#220,1387,2944
#220,1222,2944
#220,1199,2944
#220,1193,2944
220,1310.2,2944,278.974
#231,1737,3200
#231,1539,3200
#231,1303,3200
#231,1240,3200
#231,1232,3200
231,1410.2,3200,395.578
#242,1469,3200
#242,1476,3200
#242,1367,3200
#242,1333,3200
#242,1310,3200
242,1391,3200,138.014
#254,1496,3584
#254,1485,3584
#254,1410,3584
#254,1342,3584
#254,1362,3584
254,1419,3584,125.041
#266,1811,3584
#266,1750,3584
#266,1603,3584
#266,1543,3584
#266,1506,3584
266,1642.6,3584,236.713
#279,1913,3584
#279,1733,3584
#279,1506,3584
#279,1471,3584
#279,1465,3584
279,1617.6,3584,355.315
#292,1643,3968
#292,1641,3968
#292,1526,3968
#292,1508,3968
#292,1511,3968
292,1565.8,3968,125.037
#306,2140,3968
#306,2031,3968
#306,1770,3968
#306,1808,3968
#306,1742,3968
306,1898.2,3968,316.32
#321,2364,3968
#321,2192,3968
#321,1874,3968
#321,1773,3968
#321,1724,3968
321,1985.4,3968,499.5
#337,2492,4352
#337,2171,4352
#337,1865,4352
#337,1840,4352
#337,1819,4352
337,2037.4,4352,522.224
#353,3064,4352
#353,2628,4352
#353,2169,4352
#353,2051,4352
#353,1996,4352
353,2381.6,4352,814.648
#370,2756,4736
#370,2424,4736
#370,2123,4736
#370,2091,4736
#370,2065,4736
370,2291.8,4736,531.572
#388,3040,4736
#388,2561,4736
#388,2206,4736
#388,2164,4736
#388,2129,4736
388,2420,4736,692.99
#407,2640,5248
#407,2354,5248
#407,2180,5248
#407,2191,5248
#407,2157,5248
407,2304.4,5248,363.482
#427,2925,5248
#427,2692,5248
#427,2324,5248
#427,2272,5248
#427,2265,5248
427,2495.6,5248,533.35
#448,3599,5248
#448,3008,5248
#448,2680,5248
#448,2609,5248
#448,2545,5248
448,2888.2,5248,779.063
#470,3464,5760
#470,3090,5760
#470,2665,5760
#470,2633,5760
#470,2587,5760
470,2887.8,5760,679.962
#493,3404,5760
#493,3023,5760
#493,2733,5760
#493,2693,5760
#493,2680,5760
493,2906.6,5760,557.182
#517,3798,6400
#517,3411,6400
#517,3134,6400
#517,3035,6400
#517,2997,6400
517,3275,6400,597.856
#542,3707,6400
#542,3400,6400
#542,3022,6400
#542,2929,6400
#542,2898,6400
542,3191.2,6400,628.007
#569,4065,7040
#569,3811,7040
#569,3395,7040
#569,3341,7040
#569,3370,7040
569,3596.4,7040,581.506
#597,4256,7040
#597,3899,7040
#597,3543,7040
#597,3427,7040
#597,3411,7040
597,3707.2,7040,651.875
#626,4939,7040
#626,4163,7040
#626,3840,7040
#626,3629,7040
#626,3583,7040
626,4030.8,7040,996.264
#657,4283,7808
#657,4027,7808
#657,3798,7808
#657,3751,7808
#657,3680,7808
657,3907.8,7808,441.379
#689,6257,7808
#689,5274,7808
#689,4463,7808
#689,4310,7808
#689,4236,7808
689,4908,7808,1539.08
#723,5275,8576
#723,4739,8576
#723,4401,8576
#723,4341,8576
#723,4318,8576
723,4614.8,8576,726.667
#759,5716,8576
#759,5213,8576
#759,4582,8576
#759,4435,8576
#759,4425,8576
759,4874.2,8576,1021.16
#796,5502,9472
#796,4952,9472
#796,4702,9472
#796,4587,9472
#796,4523,9472
796,4853.2,9472,711.876
#835,6290,9472
#835,5614,9472
#835,5155,9472
#835,4957,9472
#835,4912,9472
835,5385.6,9472,1032
#876,6227,10368
#876,5724,10368
#876,5151,10368
#876,5154,10368
#876,5067,10368
876,5464.6,10368,895.073
#919,6601,10368
#919,5902,10368
#919,5371,10368
#919,5288,10368
#919,5237,10368
919,5679.8,10368,1036.5
#964,6158,11392
#964,5914,11392
#964,5600,11392
#964,5447,11392
#964,5429,11392
964,5709.6,11392,567.485
#1012,7384,11392
#1012,6510,11392
#1012,5979,11392
#1012,5953,11392
#1012,5858,11392
1012,6336.8,11392,1142.35
#1062,7019,12544
#1062,6722,12544
#1062,6404,12544
#1062,6257,12544
#1062,6148,12544
1062,6510,12544,638.945
#1115,8271,12544
#1115,7502,12544
#1115,6807,12544
#1115,6714,12544
#1115,6522,12544
1115,7163.2,12544,1290.52
#1170,9871,12544
#1170,8570,12544
#1170,7621,12544
#1170,7357,12544
#1170,7087,12544
1170,8101.2,12544,2032.73
#1228,8460,13824
#1228,7752,13824
#1228,7185,13824
#1228,7072,13824
#1228,7008,13824
1228,7495.4,13824,1098.9
#1289,10142,13824
#1289,8918,13824
#1289,7946,13824
#1289,7792,13824
#1289,7670,13824
1289,8493.6,13824,1869.28
#1353,9794,15232
#1353,9045,15232
#1353,8272,15232
#1353,8102,15232
#1353,7939,15232
1353,8630.4,15232,1388.97
#1420,11100,15232
#1420,9894,15232
#1420,9222,15232
#1420,8794,15232
#1420,8636,15232
1420,9529.2,15232,1796.26
#1491,10642,16768
#1491,9959,16768
#1491,9317,16768
#1491,9062,16768
#1491,8962,16768
1491,9588.4,16768,1261.92
#1565,12423,16768
#1565,10945,16768
#1565,10182,16768
#1565,9961,16768
#1565,9565,16768
1565,10615.2,16768,2019
#1643,11289,18432
#1643,10699,18432
#1643,10208,18432
#1643,10088,18432
#1643,9876,18432
1643,10432,18432,1013.27
#1725,12629,18432
#1725,11869,18432
#1725,11007,18432
#1725,10530,18432
#1725,10446,18432
1725,11296.2,18432,1672.84
#1811,13897,20224
#1811,12701,20224
#1811,11756,20224
#1811,11297,20224
#1811,15166,20224
1811,12963.4,20224,2832.19
#1901,14450,20224
#1901,13374,20224
#1901,12021,20224
#1901,11606,20224
#1901,11422,20224
1901,12574.6,20224,2320.23
#1996,13807,22272
#1996,13026,22272
#1996,12468,22272
#1996,12148,22272
#1996,11934,22272
1996,12676.6,22272,1348.86
#2095,18908,22272
#2095,17189,22272
#2095,15724,22272
#2095,14481,22272
#2095,14170,22272
2095,16094.4,22272,3527.95
#2199,15753,24448
#2199,14525,24448
#2199,13667,24448
#2199,13368,24448
#2199,13200,24448
2199,14102.6,24448,1886.01
#2308,17659,24448
#2308,15954,24448
#2308,14765,24448
#2308,14315,24448
#2308,14103,24448
2308,15359.2,24448,2632.77
#2423,18276,26880
#2423,16854,26880
#2423,15590,26880
#2423,15082,26880
#2423,15029,26880
2423,16166.2,26880,2485.97
#2544,19281,26880
#2544,17738,26880
#2544,16554,26880
#2544,15867,26880
#2544,15617,26880
2544,17011.4,26880,2704.4
#2671,21533,29568
#2671,19963,29568
#2671,18596,29568
#2671,17633,29568
#2671,17573,29568
2671,19059.6,29568,3019.13
#2804,22842,29568
#2804,20866,29568
#2804,19526,29568
#2804,18561,29568
#2804,18188,29568
2804,19996.6,29568,3394.77
#2944,23058,32512
#2944,21764,32512
#2944,20078,32512
#2944,19542,32512
#2944,19045,32512
2944,20697.4,32512,2987.86
#3091,24702,32512
#3091,23048,32512
#3091,21222,32512
#3091,20536,32512
#3091,20286,32512
3091,21958.8,32512,3355.83
#3245,23084,35712
#3245,21781,35712
#3245,20894,35712
#3245,20492,35712
#3245,20137,35712
3245,21277.6,35712,2113.15
#3407,29096,35712
#3407,27180,35712
#3407,25367,35712
#3407,24116,35712
#3407,23276,35712
3407,25807,35712,4210.62
#3577,30295,39296
#3577,28596,39296
#3577,30294,39296
#3577,25453,39296
#3577,24582,39296
3577,27844,39296,4811.06
#3755,33382,39296
#3755,31388,39296
#3755,28665,39296
#3755,27260,39296
#3755,26515,39296
3755,29442,39296,5156.95
#3942,30463,43264
#3942,28545,43264
#3942,27077,43264
#3942,26552,43264
#3942,25764,43264
3942,27680.2,43264,3322.69
#4139,35775,43264
#4139,33906,43264
#4139,31164,43264
#4139,30067,43264
#4139,29243,43264
4139,32031,43264,4892.04
#4345,35023,47616
#4345,33040,47616
#4345,31469,47616
#4345,30251,47616
#4345,29895,47616
4345,31935.6,47616,3791.72
#4562,39847,47616
#4562,37620,47616
#4562,35248,47616
#4562,33618,47616
#4562,32950,47616
4562,35856.6,47616,5127.41
#4790,37975,52352
#4790,36600,52352
#4790,34515,52352
#4790,33298,52352
#4790,32915,52352
4790,35060.6,52352,3885.51
#5029,42015,52352
#5029,40568,52352
#5029,37926,52352
#5029,36575,52352
#5029,35904,52352
5029,38597.6,52352,4678.34
#5280,41268,57600
#5280,39770,57600
#5280,39602,57600
#5280,36173,57600
#5280,35626,57600
5280,38487.8,57600,4396.65
#5544,47029,57600
#5544,45515,57600
#5544,42952,57600
#5544,41412,57600
#5544,40567,57600
5544,43495,57600,4880.69
#5821,48085,63360
#5821,46183,63360
#5821,43766,63360
#5821,42808,63360
#5821,42167,63360
5821,44601.8,63360,4425.15
#6112,52918,63360
#6112,51478,63360
#6112,49034,63360
#6112,47848,63360
#6112,46508,63360
6112,49557.2,63360,4688.47
#6417,50323,69760
#6417,48423,69760
#6417,45930,69760
#6417,44709,69760
#6417,44027,69760
6417,46682.4,69760,4715.52
#6737,69920,69760
#6737,55279,69760
#6737,52319,69760
#6737,50788,69760
#6737,49444,69760
6737,55550,69760,14885.4
#7073,56913,76800
#7073,55214,76800
#7073,52719,76800
#7073,51576,76800
#7073,50582,76800
7073,53400.8,76800,4678.77
#7426,65635,76800
#7426,64492,76800
#7426,62168,76800
#7426,60210,76800
#7426,59138,76800
7426,62328.6,76800,4923.96
#7797,63923,84480
#7797,62638,84480
#7797,60197,84480
#7797,58159,84480
#7797,57318,84480
7797,60447,84480,5057.36
#8186,70974,84480
#8186,70277,84480
#8186,66353,84480
#8186,65491,84480
#8186,63951,84480
8186,67409.2,84480,5490.81
#8595,68822,92928
#8595,66491,92928
#8595,64609,92928
#8595,62803,92928
#8595,61772,92928
8595,64899.4,92928,5073.84
#9024,80098,92928
#9024,78899,92928
#9024,76807,92928
#9024,75272,92928
#9024,73890,92928
9024,76993.2,92928,4551.83
#9475,81892,102272
#9475,80991,102272
#9475,78593,102272
#9475,77288,102272
#9475,75745,102272
9475,78901.8,102272,4558.17
#9948,90406,102272
#9948,91001,102272
#9948,87716,102272
#9948,86533,102272
#9948,85140,102272
9948,88159.2,102272,4479.33
#10445,86215,112512
#10445,85499,112512
#10445,83200,112512
#10445,81502,112512
#10445,79622,112512
10445,83207.6,112512,4903.93
#10967,97312,112512
#10967,96884,112512
#10967,94216,112512
#10967,92515,112512
#10967,91494,112512
10967,94484.2,112512,4617.05
#11515,94129,123776
#11515,93068,123776
#11515,90594,123776
#11515,88842,123776
#11515,87274,123776
11515,90781.4,123776,5101.62
#12090,107653,123776
#12090,107715,123776
#12090,105242,123776
#12090,104079,123776
#12090,105079,123776
12090,105954,123776,2936.11
#12694,103220,136192
#12694,101827,136192
#12694,99530,136192
#12694,97992,136192
#12694,97021,136192
12694,99918,136192,4630.34
#13328,120245,136192
#13328,120831,136192
#13328,118566,136192
#13328,116932,136192
#13328,116526,136192
13328,118620,136192,3437
#13994,118009,149760
#13994,117512,149760
#13994,115034,149760
#13994,113935,149760
#13994,112646,149760
13994,115427,149760,4111.29
#14693,117075,164736
#14693,117977,164736
#14693,113809,164736
#14693,112139,164736
#14693,111083,164736
14693,114417,164736,5397.26
#15427,129129,164736
#15427,129016,164736
#15427,127544,164736
#15427,126390,164736
#15427,125340,164736
15427,127484,164736,2946.21
#16198,126737,181248
#16198,125607,181248
#16198,123380,181248
#16198,122060,181248
#16198,121507,181248
16198,123858,181248,4033.47
#17007,143541,181248
#17007,143405,181248
#17007,141316,181248
#17007,139983,181248
#17007,138960,181248
17007,141441,181248,3640.22
#17857,145206,199424
#17857,145088,199424
#17857,142273,199424
#17857,141344,199424
#17857,140589,199424
17857,142900,199424,3822.04
#18749,163590,199424
#18749,164172,199424
#18749,162326,199424
#18749,161009,199424
#18749,160338,199424
18749,162287,199424,2923.62
#19686,160103,219392
#19686,159466,219392
#19686,156741,219392
#19686,157832,219392
#19686,154783,219392
19686,157785,219392,3826.54
#20670,185559,219392
#20670,185956,219392
#20670,187275,219392
#20670,194900,219392
#20670,178245,219392
20670,186387,219392,10599
#21703,177756,241280
#21703,177116,241280
#21703,174976,241280
#21703,174052,241280
#21703,172872,241280
21703,175354,241280,3673.98
#22788,199914,241280
#22788,200476,241280
#22788,198508,241280
#22788,212260,241280
#22788,191896,241280
22788,200611,241280,13162.9
#23927,202608,265472
#23927,201109,265472
#23927,201748,265472
#23927,197410,265472
#23927,197267,265472
23927,200028,265472,4495.37
#25123,229631,265472
#25123,229436,265472
#25123,227522,265472
#25123,227494,265472
#25123,226385,265472
25123,228094,265472,2493.38
#26379,227814,291968
#26379,227524,291968
#26379,228543,291968
#26379,220919,291968
#26379,217802,291968
26379,224520,291968,8679.06
#27697,262882,291968
#27697,278620,291968
#27697,254853,291968
#27697,254064,291968
#27697,253669,291968
27697,260818,291968,19046.8
#29081,245156,321152
#29081,244659,321152
#29081,242617,321152
#29081,242314,321152
#29081,241307,321152
29081,243211,321152,2920.6
#30535,280294,321152
#30535,280206,321152
#30535,278739,321152
#30535,278264,321152
#30535,280352,321152
30535,279571,321152,1774.57
#32061,295580,353280
#32061,295408,353280
#32061,293434,353280
#32061,292933,353280
#32061,292422,353280
32061,293955,353280,2595.05
#33664,327508,353280
#33664,328050,353280
#33664,327265,353280
#33664,326230,353280
#33664,326350,353280
33664,327081,353280,1389.59
#35347,313073,388608
#35347,334707,388608
#35347,319086,388608
#35347,318614,388608
#35347,317715,388608
35347,320639,388608,14702.8
#37114,361272,388608
#37114,361917,388608
#37114,360851,388608
#37114,363232,388608
#37114,359627,388608
37114,361380,388608,2380.38
#38969,358043,427520
#38969,345451,427520
#38969,344480,427520
#38969,343612,427520
#38969,343435,427520
38969,347004,427520,11131.4
#40917,396448,427520
#40917,397197,427520
#40917,395897,427520
#40917,395770,427520
#40917,395730,427520
40917,396208,427520,1114.55
#42962,409004,470272
#42962,408296,470272
#42962,407032,470272
#42962,408101,470272
#42962,406008,470272
42962,407688,470272,2102.35
#45110,455271,470272
#45110,454887,470272
#45110,454706,470272
#45110,454290,470272
#45110,454830,470272
45110,454797,470272,631.946
#47365,452262,517248
#47365,453629,517248
#47365,450851,517248
#47365,450166,517248
#47365,450578,517248
47365,451497,517248,2555.63
#49733,520573,517248
#49733,521532,517248
#49733,523068,517248
#49733,519611,517248
#49733,519723,517248
49733,520901,517248,2569.58
#52219,487604,568960
#52219,486211,568960
#52219,484980,568960
#52219,486602,568960
#52219,485008,568960
52219,486081,568960,1994.27
#54829,546250,568960
#54829,547204,568960
#54829,549483,568960
#54829,548136,568960
#54829,547472,568960
54829,547709,568960,2148.35
#57570,584404,625920
#57570,583302,625920
#57570,588332,625920
#57570,552473,625920
#57570,552207,625920
57570,572144,625920,32512.1
#60448,645118,625920
#60448,646779,625920
#60448,648998,625920
#60448,644840,625920
#60448,647343,625920
60448,646616,625920,3049.88
#63470,636874,688512
#63470,636654,688512
#63470,637581,688512
#63470,635085,688512
#63470,636506,688512
63470,636540,688512,1631.3
#66643,720441,688512
#66643,723268,688512
#66643,721855,688512
#66643,722215,688512
#66643,722856,688512
66643,722127,688512,1950.93
#69975,670917,757376
#69975,670680,757376
#69975,669196,757376
#69975,670151,757376
#69975,671583,757376
69975,670505,757376,1600.31
#73473,771031,757376
#73473,771626,757376
#73473,771102,757376
#73473,773199,757376
#73473,771366,757376
73473,771665,757376,1590.72
#77146,795131,833152
#77146,793498,833152
#77146,804269,833152
#77146,772599,833152
#77146,774329,833152
77146,787965,833152,24816.8
#81003,896070,833152
#81003,894635,833152
#81003,896472,833152
#81003,894267,833152
#81003,893284,833152
81003,894946,833152,2351.52
#85053,877188,916480
#85053,877519,916480
#85053,873897,916480
#85053,853730,916480
#85053,879198,916480
85053,872306,916480,18891.4
#89305,998772,916480
#89305,1001523,916480
#89305,1020168,916480
#89305,999340,916480
#89305,998586,916480
89305,1.00368e+06,916480,16622.4
#93770,922912,1008128
#93770,936667,1008128
#93770,902164,1008128
#93770,898564,1008128
#93770,898235,1008128
93770,911708,1008128,30904.4
#98458,1052999,1008128
#98458,1054194,1008128
#98458,1051140,1008128
#98458,1052051,1008128
#98458,1050265,1008128
98458,1.05213e+06,1008128,2753.88
#103380,1077389,1108992
#103380,1070769,1108992
#103380,1062952,1108992
#103380,1061475,1108992
#103380,1061527,1108992
103380,1.06682e+06,1108992,12612.5
#108549,1208564,1108992
#108549,1208447,1108992
#108549,1207554,1108992
#108549,1206603,1108992
#108549,1219801,1108992
108549,1.21019e+06,1108992,9710.54
#113976,1217459,1219840
#113976,1177150,1219840
#113976,1180761,1219840
#113976,1180595,1219840
#113976,1178969,1219840
113976,1.18699e+06,1219840,30583.9
#119674,1359536,1219840
#119674,1355851,1219840
#119674,1356138,1219840
#119674,1352651,1219840
#119674,1354619,1219840
119674,1.35576e+06,1219840,4505.74
#125657,1213341,1341824
#125657,1217061,1341824
#125657,1214323,1341824
#125657,1215326,1341824
#125657,1214348,1341824
125657,1.21488e+06,1341824,2516.74
#131939,1429221,1341824
#131939,1431312,1341824
#131939,1430312,1341824
#131939,1430943,1341824
#131939,1430844,1341824
131939,1.43053e+06,1341824,1453.72
#138535,1489123,1475968
#138535,1483865,1475968
#138535,1479947,1475968
#138535,1482663,1475968
#138535,1480282,1475968
138535,1.48318e+06,1475968,6627.6
#145461,1504981,1623552
#145461,1489992,1623552
#145461,1453112,1623552
#145461,1455793,1623552
#145461,1458262,1623552
145461,1.47243e+06,1623552,42130.3
#152734,1635764,1623552
#152734,1631778,1623552
#152734,1636176,1623552
#152734,1628042,1623552
#152734,1630761,1623552
152734,1.6325e+06,1623552,6169.98
#160370,1486671,1785856
#160370,1484951,1785856
#160370,1477429,1785856
#160370,1478314,1785856
#160370,1479146,1785856
160370,1.4813e+06,1785856,7521.59
#168388,1689153,1785856
#168388,1742195,1785856
#168388,1744763,1785856
#168388,1731578,1785856
#168388,1727610,1785856
168388,1.72706e+06,1785856,40001.2
#176807,1876758,1964416
#176807,1795016,1964416
#176807,1786578,1964416
#176807,1788123,1964416
#176807,1786437,1964416
176807,1.80658e+06,1964416,70456.6
#185647,2089378,1964416
#185647,2042589,1964416
#185647,2002561,1964416
#185647,2081573,1964416
#185647,2020713,1964416
185647,2.04736e+06,1964416,67384.4
#194929,2116828,2160896
#194929,2007825,2160896
#194929,1976506,2160896
#194929,1981890,2160896
#194929,1983270,2160896
194929,2.01326e+06,2160896,105793
#204675,2315317,2160896
#204675,2243010,2160896
#204675,2220614,2160896
#204675,2211932,2160896
#204675,2204523,2160896
204675,2.23908e+06,2160896,80497
#214908,2144374,2376960
#214908,2080507,2376960
#214908,2035272,2376960
#214908,2022636,2376960
#214908,2023684,2376960
214908,2.06129e+06,2376960,93198.8
#225653,2313170,2376960
#225653,2341644,2376960
#225653,2363386,2376960
#225653,2346866,2376960
#225653,2345152,2376960
225653,2.34204e+06,2376960,32524
#236935,2675592,2614656
#236935,2449712,2614656
#236935,2428161,2614656
#236935,2428479,2614656
#236935,2433153,2614656
236935,2.48302e+06,2614656,193214
#248781,2839912,2614656
#248781,2781429,2614656
#248781,2754527,2614656
#248781,2748626,2614656
#248781,2737969,2614656
248781,2.77249e+06,2614656,73263.9
#261220,2841832,2876160
#261220,2720293,2876160
#261220,2705949,2876160
#261220,2710900,2876160
#261220,2706012,2876160
261220,2.737e+06,2876160,105355
#274281,3092150,2876160
#274281,3063473,2876160
#274281,3043868,2876160
#274281,3037133,2876160
#274281,3039767,2876160
274281,3.05528e+06,2876160,41247.8
#287995,2972885,3163776
#287995,2804487,3163776
#287995,2833631,3163776
#287995,2835926,3163776
#287995,2825495,3163776
287995,2.85448e+06,3163776,120459
#302394,3200894,3163776
#302394,3161526,3163776
#302394,3127053,3163776
#302394,3198304,3163776
#302394,3206236,3163776
302394,3.1788e+06,3163776,60646
#317513,3741438,3480192
#317513,3402858,3480192
#317513,3378056,3480192
#317513,3349535,3480192
#317513,3338079,3480192
317513,3.44199e+06,3480192,302831
#333388,3883042,3480192
#333388,3789058,3480192
#333388,3756782,3480192
#333388,3749894,3480192
#333388,3747452,3480192
333388,3.78525e+06,3480192,102243
#350057,4062139,3828224
#350057,3730650,3828224
#350057,3704354,3828224
#350057,3700608,3828224
#350057,3683799,3828224
350057,3.77631e+06,3828224,287402
#367559,4278101,3828224
#367559,4226954,3828224
#367559,4182351,3828224
#367559,4184821,3828224
#367559,4166477,3828224
367559,4.20774e+06,3828224,80956.1
#385936,4270436,4211072
#385936,3977943,4211072
#385936,3942422,4211072
#385936,3916849,4211072
#385936,3905062,4211072
385936,4.00254e+06,4211072,272518
#405232,4562375,4211072
#405232,4526517,4211072
#405232,4465488,4211072
#405232,4458323,4211072
#405232,4442962,4211072
405232,4.49113e+06,4211072,91135.3
#425493,5148774,4632192
#425493,4735386,4632192
#425493,4685958,4632192
#425493,4667066,4632192
#425493,4564169,4632192
425493,4.76027e+06,4632192,404197
#446767,5439559,4632192
#446767,5454347,4632192
#446767,5335090,4632192
#446767,5322959,4632192
#446767,5303246,4632192
446767,5.37104e+06,4632192,125969
#469105,5668588,5095424
#469105,5212348,5095424
#469105,5209797,5095424
#469105,5190772,5095424
#469105,5193833,5095424
469105,5.29507e+06,5095424,373906
#492560,5941925,5095424
#492560,5921129,5095424
#492560,5837982,5095424
#492560,5880031,5095424
#492560,5749488,5095424
492560,5.86611e+06,5095424,136706
#517188,5935350,5604992
#517188,5619483,5604992
#517188,5613752,5604992
#517188,5593577,5604992
#517188,5542214,5604992
517188,5.66088e+06,5604992,279828
#543047,6323872,5604992
#543047,6608610,5604992
#543047,6151195,5604992
#543047,6334382,5604992
#543047,6268845,5604992
543047,6.33738e+06,5604992,300824
#570199,7679991,6165504
#570199,7229667,6165504
#570199,7205487,6165504
#570199,7245587,6165504
#570199,7195264,6165504
570199,7.3112e+06,6165504,370487
#598708,8441891,6165504
#598708,8310591,6165504
#598708,8317761,6165504
#598708,8330750,6165504
#598708,8262930,6165504
598708,8.33278e+06,6165504,118343
#628643,8923735,6782080
#628643,8660440,6782080
#628643,8719324,6782080
#628643,8651316,6782080
#628643,8650346,6782080
628643,8.72103e+06,6782080,209035
#660075,9673153,6782080
#660075,9616453,6782080
#660075,9632775,6782080
#660075,9494666,6782080
#660075,9751394,6782080
660075,9.63369e+06,6782080,167421
#693078,11925190,7460352
#693078,10092591,7460352
#693078,9852165,7460352
#693078,10163441,7460352
#693078,11010627,7460352
693078,1.06088e+07,7460352,1.53145e+06
#727731,11955941,7460352
#727731,11228657,7460352
#727731,11173450,7460352
#727731,11140730,7460352
#727731,11208103,7460352
727731,1.13414e+07,7460352,617489
#764117,13732410,8206336
#764117,13416834,8206336
#764117,15033537,8206336
#764117,13747970,8206336
#764117,13237885,8206336
764117,1.38337e+07,8206336,1.26047e+06
#802322,14908339,8206336
#802322,14781236,8206336
#802322,15097514,8206336
#802322,14757976,8206336
#802322,14999523,8206336
802322,1.49089e+07,8206336,257471
#842438,16598918,9026944
#842438,16607143,9026944
#842438,16448143,9026944
#842438,16427323,9026944
#842438,16782626,9026944
842438,1.65728e+07,9026944,257047
#884559,18636110,9026944
#884559,17951384,9026944
#884559,18266908,9026944
#884559,17993870,9026944
#884559,19362791,9026944
884559,1.84422e+07,9026944,1.0422e+06
#928786,18627151,9929600
#928786,18582277,9929600
#928786,18497671,9929600
#928786,18694688,9929600
#928786,18698825,9929600
928786,1.86201e+07,9929600,150280
#975225,20500625,9929600
#975225,20485647,9929600
#975225,20712198,9929600
#975225,20477466,9929600
#975225,20586453,9929600
975225,2.05525e+07,9929600,177644
#1023986,23952056,10922624
#1023986,24441998,10922624
#1023986,24029468,10922624
#1023986,23576514,10922624
#1023986,23878912,10922624
1023986,2.39758e+07,10922624,558284
#1075185,26367660,12014848
#1075185,25969658,12014848
#1075185,25749890,12014848
#1075185,25883544,12014848
#1075185,25938683,12014848
1075185,2.59819e+07,12014848,414083
#1128944,27993270,12014848
#1128944,28177402,12014848
#1128944,28258496,12014848
#1128944,28102673,12014848
#1128944,29046803,12014848
1128944,2.83157e+07,12014848,751666
#1185391,27892115,13216384
#1185391,27588801,13216384
#1185391,27614514,13216384
#1185391,27760317,13216384
#1185391,27396548,13216384
1185391,2.76505e+07,13216384,334701
#1244660,29846622,13216384
#1244660,30185583,13216384
#1244660,29996288,13216384
#1244660,30219473,13216384
#1244660,30118628,13216384
1244660,3.00733e+07,13216384,273265
#1306893,34927584,14537984
#1306893,34904989,14537984
#1306893,34821415,14537984
#1306893,34931991,14537984
#1306893,34965037,14537984
1306893,3.49102e+07,14537984,96722.6
#1372237,37577174,14537984
#1372237,37299196,14537984
#1372237,37460043,14537984
#1372237,38003262,14537984
#1372237,38010368,14537984
1372237,3.767e+07,14537984,577656
#1440848,40461830,15991808
#1440848,39909708,15991808
#1440848,39319724,15991808
#1440848,39543511,15991808
#1440848,39781605,15991808
1440848,3.98033e+07,15991808,772938
#1512890,43106051,15991808
#1512890,43177217,15991808
#1512890,42943129,15991808
#1512890,43051237,15991808
#1512890,43604144,15991808
1512890,4.31764e+07,15991808,454309
#1588534,41168524,17591040
#1588534,41157146,17591040
#1588534,41245882,17591040
#1588534,41033090,17591040
#1588534,41164345,17591040
1588534,4.11538e+07,17591040,136789
#1667960,44660548,17591040
#1667960,44857360,17591040
#1667960,44686394,17591040
#1667960,45230973,17591040
#1667960,45586071,17591040
1667960,4.50043e+07,17591040,710301
#1751358,50744021,19350144
#1751358,50628990,19350144
#1751358,50804226,19350144
#1751358,52628653,19350144
#1751358,50933040,19350144
1751358,5.11478e+07,19350144,1.4938e+06
#1838925,55003707,19350144
#1838925,55383669,19350144
#1838925,55545221,19350144
#1838925,55572262,19350144
#1838925,55276442,19350144
1838925,5.53563e+07,19350144,413549
#1930871,57306898,21285120
#1930871,58122942,21285120
#1930871,59257355,21285120
#1930871,58525654,21285120
#1930871,58236807,21285120
1930871,5.82899e+07,21285120,1.26128e+06
#2027414,61727783,21285120
#2027414,62132754,21285120
#2027414,62851595,21285120
#2027414,62704845,21285120
#2027414,62732672,21285120
2027414,6.24299e+07,21285120,860863
#2128784,58716185,23413632
#2128784,59033013,23413632
#2128784,58910495,23413632
#2128784,58848140,23413632
#2128784,58913597,23413632
2128784,5.88843e+07,23413632,206359
#2235223,64070372,23413632
#2235223,64513269,23413632
#2235223,64343298,23413632
#2235223,64626737,23413632
#2235223,64426426,23413632
2235223,6.4396e+07,23413632,376009
#2346984,99378344,25755008
#2346984,75293741,25755008
#2346984,72697077,25755008
#2346984,86826086,25755008
#2346984,84324345,25755008
2346984,8.37039e+07,25755008,1.89252e+07
#2464333,78625913,25755008
#2464333,78925277,25755008
#2464333,78591360,25755008
#2464333,78980665,25755008
#2464333,79540661,25755008
2464333,7.89328e+07,25755008,682703
#2587549,80338460,28330496
#2587549,80660554,28330496
#2587549,80642010,28330496
#2587549,80808146,28330496
#2587549,81197802,28330496
2587549,8.07294e+07,28330496,559151
#2716926,87325451,28330496
#2716926,88384739,28330496
#2716926,88030275,28330496
#2716926,87822817,28330496
#2716926,88570712,28330496
2716926,8.80268e+07,28330496,875202
#2852772,82804759,31163520
#2852772,83527684,31163520
#2852772,83790183,31163520
#2852772,83467691,31163520
#2852772,83360478,31163520
2852772,8.33902e+07,31163520,650242
#2995410,91450193,31163520
#2995410,91598556,31163520
#2995410,91659115,31163520
#2995410,91162207,31163520
#2995410,95477296,31163520
2995410,9.22695e+07,31163520,3.22615e+06
#3145180,100163180,34279936
#3145180,100380881,34279936
#3145180,100345472,34279936
#3145180,100516453,34279936
#3145180,100580362,34279936
3145180,1.00397e+08,34279936,290485
#3302439,108702673,34279936
#3302439,108661666,34279936
#3302439,111456215,34279936
#3302439,109928232,34279936
#3302439,108937984,34279936
3302439,1.09537e+08,34279936,2.12745e+06
#3467560,111378965,37707904
#3467560,111875053,37707904
#3467560,112280934,37707904
#3467560,111701220,37707904
#3467560,111761267,37707904
3467560,1.11799e+08,37707904,583409
#3640938,121444105,37707904
#3640938,122153394,37707904
#3640938,124223698,37707904
#3640938,122717342,37707904
#3640938,121732218,37707904
3640938,1.22454e+08,37707904,1.96619e+06
#3822984,123434424,41478656
#3822984,123633914,41478656
#3822984,124378003,41478656
#3822984,123887193,41478656
#3822984,127778486,41478656
3822984,1.24622e+08,41478656,3.21864e+06
#4014133,136494828,41478656
#4014133,136819216,41478656
#4014133,135728362,41478656
#4014133,134954849,41478656
#4014133,135490852,41478656
4014133,1.35898e+08,41478656,1.3532e+06
#4214839,137694557,45626496
#4214839,137883731,45626496
#4214839,137301988,45626496
#4214839,137440603,45626496
#4214839,137501565,45626496
4214839,1.37564e+08,45626496,406986
#4425580,151443109,45626496
#4425580,150520235,45626496
#4425580,150548966,45626496
#4425580,150444980,45626496
#4425580,150431700,45626496
4425580,1.50678e+08,45626496,770399
#4646859,152575190,50189184
#4646859,152785226,50189184
#4646859,152412025,50189184
#4646859,154356384,50189184
#4646859,154895312,50189184
4646859,1.53405e+08,50189184,2.03664e+06
#4879201,167129039,50189184
#4879201,167508481,50189184
#4879201,167766847,50189184
#4879201,169277468,50189184
#4879201,167720626,50189184
4879201,1.6788e+08,50189184,1.46781e+06
#5123161,265811382,55208064
#5123161,220868910,55208064
#5123161,261919967,55208064
#5123161,184420573,55208064
#5123161,170250662,55208064
5123161,2.20654e+08,55208064,7.79511e+07
#5379319,185723510,55208064
#5379319,186133701,55208064
#5379319,186178023,55208064
#5379319,185995840,55208064
#5379319,186156262,55208064
5379319,1.86037e+08,55208064,338740
#5648284,188287774,60728832
#5648284,188180331,60728832
#5648284,188299816,60728832
#5648284,187946375,60728832
#5648284,188490621,60728832
5648284,1.88241e+08,60728832,356025
#5930698,206857001,60728832
#5930698,206494830,60728832
#5930698,205685590,60728832
#5930698,206332629,60728832
#5930698,206893724,60728832
5930698,2.06453e+08,60728832,877547
#6227232,208241214,66801664
#6227232,208308452,66801664
#6227232,209502604,66801664
#6227232,208911383,66801664
#6227232,208799075,66801664
6227232,2.08753e+08,66801664,915931
#6538593,229166642,66801664
#6538593,230043766,66801664
#6538593,229438438,66801664
#6538593,229519778,66801664
#6538593,229115701,66801664
6538593,2.29457e+08,66801664,662947
#6865522,232152659,73481856
#6865522,231934015,73481856
#6865522,231062799,73481856
#6865522,230705501,73481856
#6865522,231606259,73481856
6865522,2.31492e+08,73481856,1.07618e+06
#7208798,255318209,73481856
#7208798,259174630,73481856
#7208798,254538495,73481856
#7208798,255342351,73481856
#7208798,333059664,73481856
7208798,2.71487e+08,73481856,6.16579e+07
#7569237,256196003,80830080
#7569237,256731101,80830080
#7569237,257052531,80830080
#7569237,257954980,80830080
#7569237,257076935,80830080
7569237,2.57002e+08,80830080,1.1452e+06
#7947698,283552311,80830080
#7947698,346784246,80830080
#7947698,284457777,80830080
#7947698,288475559,80830080
#7947698,283893369,80830080
7947698,2.97433e+08,80830080,4.94783e+07
#8345082,284085952,88913152
#8345082,285251342,88913152
#8345082,286776941,88913152
#8345082,286816157,88913152
#8345082,284706434,88913152
8345082,2.85527e+08,88913152,2.20004e+06
#8762336,291710874,97804416
#8762336,291131001,97804416
#8762336,291179587,97804416
#8762336,290988913,97804416
#8762336,290650267,97804416
8762336,2.91132e+08,97804416,686965
#9200452,315153409,97804416
#9200452,316460659,97804416
#9200452,314809378,97804416
#9200452,315169691,97804416
#9200452,315762271,97804416
9200452,3.15471e+08,97804416,1.16401e+06
#9660474,321686154,107584896
#9660474,320826160,107584896
#9660474,321690440,107584896
#9660474,321429206,107584896
#9660474,321161845,107584896
9660474,3.21359e+08,107584896,660060
