#1,334,9
#1,56,9
#1,29,9
#1,26,9
#1,31,9
1,95.2,9,239.758
#2,52,27
#2,29,27
#2,30,27
#2,31,27
#2,32,27
2,34.8,27,17.3159
#3,39,27
#3,33,27
#3,33,27
#3,32,27
#3,32,27
3,33.8,27,5.27636
#4,37,63
#4,39,63
#4,36,63
#4,34,63
#4,35,63
4,36.2,63,3.44093
#5,33,63
#5,40,63
#5,38,63
#5,38,63
#5,37,63
5,37.2,63,4.63033
#6,45,63
#6,44,63
#6,40,63
#6,39,63
#6,39,63
6,41.4,63,5.15364
#7,45,63
#7,41,63
#7,40,63
#7,41,63
#7,40,63
7,41.4,63,3.70945
#8,44,135
#8,48,135
#8,47,135
#8,44,135
#8,48,135
8,46.2,135,3.66606
#9,50,135
#9,46,135
#9,48,135
#9,48,135
#9,48,135
9,48,135,2.52982
#10,53,135
#10,49,135
#10,51,135
#10,49,135
#10,52,135
10,50.8,135,3.2
#11,52,135
#11,57,135
#11,50,135
#11,51,135
#11,51,135
11,52.2,135,4.96387
#12,52,135
#12,59,135
#12,54,135
#12,54,135
#12,56,135
12,55,135,4.73286
#13,56,135
#13,63,135
#13,60,135
#13,56,135
#13,56,135
13,58.2,135,5.71314
#14,68,135
#14,62,135
#14,62,135
#14,61,135
#14,61,135
14,62.8,135,5.27636
#15,66,279
#15,72,279
#15,69,279
#15,64,279
#15,68,279
15,67.8,279,5.42586
#16,71,279
#16,73,279
#16,74,279
#16,71,279
#16,74,279
16,72.6,279,2.71293
#17,74,279
#17,74,279
#17,70,279
#17,71,279
#17,71,279
17,72,279,3.34664
#18,77,279
#18,76,279
#18,75,279
#18,76,279
#18,74,279
18,75.6,279,2.03961
#19,74,279
#19,83,279
#19,82,279
#19,82,279
#19,83,279
19,80.8,279,6.85857
#20,73,279
#20,82,279
#20,83,279
#20,74,279
#20,76,279
20,77.6,279,8.25591
#21,74,279
#21,87,279
#21,81,279
#21,79,279
#21,80,279
21,80.2,279,8.33307
#22,80,279
#22,83,279
#22,81,279
#22,82,279
#22,82,279
22,81.6,279,2.03961
#23,89,279
#23,85,279
#23,84,279
#23,89,279
#23,90,279
23,87.4,279,4.83322
#24,91,279
#24,89,279
#24,93,279
#24,86,279
#24,87,279
24,89.2,279,5.1225
#25,104,279
#25,104,279
#25,104,279
#25,91,279
#25,97,279
25,100,279,10.5071
#26,103,279
#26,108,279
#26,96,279
#26,96,279
#26,90,279
26,98.6,279,12.4964
#27,90,279
#27,99,279
#27,94,279
#27,94,279
#27,95,279
27,94.4,279,5.74108
#28,96,279
#28,98,279
#28,95,279
#28,96,279
#28,97,279
28,96.4,279,2.03961
#29,121,567
#29,113,567
#29,107,567
#29,98,567
#29,99,567
29,107.6,567,17.3251
#30,108,567
#30,113,567
#30,101,567
#30,104,567
#30,104,567
30,106,567,8.29458
#31,105,567
#31,111,567
#31,103,567
#31,102,567
#31,103,567
31,104.8,567,6.49923
#32,128,567
#32,127,567
#32,107,567
#32,104,567
#32,104,567
32,114,567,22.163
#33,136,567
#33,120,567
#33,122,567
#33,105,567
#33,104,567
33,117.4,567,23.7857
#34,120,567
#34,115,567
#34,119,567
#34,113,567
#34,109,567
34,115.2,567,8.0399
#35,130,567
#35,130,567
#35,129,567
#35,128,567
#35,113,567
35,126,567,13.0843
#36,128,567
#36,131,567
#36,119,567
#36,117,567
#36,115,567
36,122,567,12.6491
#37,123,567
#37,124,567
#37,124,567
#37,121,567
#37,117,567
37,121.8,567,5.27636
#38,124,567
#38,122,567
#38,123,567
#38,119,567
#38,121,567
38,121.8,567,3.44093
#39,130,567
#39,133,567
#39,132,567
#39,125,567
#39,124,567
39,128.8,567,7.31027
#40,191,567
#40,171,567
#40,163,567
#40,138,567
#40,127,567
40,158,567,45.9913
#42,128,567
#42,149,567
#42,151,567
#42,135,567
#42,129,567
42,138.4,567,19.5796
#44,141,567
#44,141,567
#44,142,567
#44,136,567
#44,134,567
44,138.8,567,6.37495
#46,141,567
#46,145,567
#46,146,567
#46,140,567
#46,137,567
46,141.8,567,6.62118
#48,142,567
#48,147,567
#48,149,567
#48,146,567
#48,142,567
48,145.2,567,5.57136
#50,186,567
#50,188,567
#50,162,567
#50,150,567
#50,152,567
50,167.6,567,32.7316
#52,152,567
#52,170,567
#52,171,567
#52,171,567
#52,155,567
52,163.8,567,16.9423
#54,190,567
#54,184,567
#54,177,567
#54,162,567
#54,163,567
54,175.2,567,22.3213
#56,285,567
#56,316,567
#56,165,567
#56,168,567
#56,167,567
56,220.2,567,132.601
#58,169,1143
#58,202,1143
#58,200,1143
#58,178,1143
#58,166,1143
58,183,1143,30.4631
#60,175,1143
#60,180,1143
#60,179,1143
#60,177,1143
#60,176,1143
60,177.4,1143,3.70945
#63,176,1143
#63,185,1143
#63,182,1143
#63,181,1143
#63,184,1143
63,181.6,1143,6.27375
#66,189,1143
#66,195,1143
#66,195,1143
#66,196,1143
#66,189,1143
66,192.8,1143,6.2482
#69,188,1143
#69,198,1143
#69,200,1143
#69,198,1143
#69,195,1143
69,195.8,1143,8.42852
#72,194,1143
#72,210,1143
#72,207,1143
#72,204,1143
#72,202,1143
72,203.4,1143,10.8517
#75,214,1143
#75,213,1143
#75,213,1143
#75,209,1143
#75,202,1143
75,210.2,1143,8.89044
#78,242,1143
#78,245,1143
#78,245,1143
#78,233,1143
#78,214,1143
78,235.8,1143,23.5083
#81,247,1143
#81,250,1143
#81,254,1143
#81,242,1143
#81,238,1143
81,246.2,1143,11.342
#85,309,1143
#85,273,1143
#85,248,1143
#85,238,1143
#85,233,1143
85,260.2,1143,56.0486
#89,259,1143
#89,265,1143
#89,255,1143
#89,239,1143
#89,241,1143
89,251.8,1143,20.3332
#93,272,1143
#93,272,1143
#93,263,1143
#93,254,1143
#93,251,1143
93,262.4,1143,17.5545
#97,278,1143
#97,275,1143
#97,272,1143
#97,264,1143
#97,265,1143
97,270.8,1143,10.9836
#101,342,1143
#101,345,1143
#101,286,1143
#101,275,1143
#101,275,1143
101,304.6,1143,64.0575
#106,315,1143
#106,324,1143
#106,320,1143
#106,287,1143
#106,291,1143
106,307.4,1143,30.6881
#111,502,1143
#111,461,1143
#111,380,1143
#111,344,1143
#111,319,1143
111,401.2,1143,139.183
#116,319,2295
#116,329,2295
#116,332,2295
#116,322,2295
#116,326,2295
116,325.6,2295,9.34666
#121,359,2295
#121,350,2295
#121,334,2295
#121,317,2295
#121,317,2295
121,335.4,2295,34.0494
#127,330,2295
#127,345,2295
#127,347,2295
#127,349,2295
#127,335,2295
127,341.2,2295,14.7729
#133,349,2295
#133,348,2295
#133,347,2295
#133,347,2295
#133,350,2295
133,348.2,2295,2.33238
#139,371,2295
#139,378,2295
#139,371,2295
#139,373,2295
#139,373,2295
139,373.2,2295,5.1225
#145,392,2295
#145,392,2295
#145,392,2295
#145,387,2295
#145,389,2295
145,390.4,2295,4.11825
#152,430,2295
#152,429,2295
#152,407,2295
#152,405,2295
#152,409,2295
152,416,2295,22.1991
#159,462,2295
#159,470,2295
#159,428,2295
#159,422,2295
#159,419,2295
159,440.2,2295,42.828
#166,437,2295
#166,442,2295
#166,437,2295
#166,436,2295
#166,437,2295
166,437.8,2295,4.27083
#174,516,2295
#174,490,2295
#174,485,2295
#174,446,2295
#174,444,2295
174,476.2,2295,55.142
#182,540,2295
#182,525,2295
#182,487,2295
#182,488,2295
#182,476,2295
182,503.2,2295,49.4999
#191,527,2295
#191,526,2295
#191,527,2295
#191,505,2295
#191,504,2295
191,517.8,2295,21.7403
#200,732,2295
#200,673,2295
#200,594,2295
#200,540,2295
#200,529,2295
200,613.6,2295,156.218
#210,629,2295
#210,643,2295
#210,595,2295
#210,589,2295
#210,591,2295
210,609.4,2295,44.499
#220,663,2295
#220,679,2295
#220,602,2295
#220,572,2295
#220,577,2295
220,618.6,2295,88.5311
#231,580,4599
#231,586,4599
#231,582,4599
#231,576,4599
#231,585,4599
231,581.8,4599,7.2
#242,612,4599
#242,617,4599
#242,609,4599
#242,608,4599
#242,607,4599
242,610.6,4599,7.22219
#254,641,4599
#254,646,4599
#254,636,4599
#254,636,4599
#254,634,4599
254,638.6,4599,8.72697
#266,696,4599
#266,702,4599
#266,695,4599
#266,684,4599
#266,686,4599
266,692.6,4599,13.3626
#279,713,4599
#279,718,4599
#279,712,4599
#279,711,4599
#279,709,4599
279,712.6,4599,6.01332
#292,727,4599
#292,743,4599
#292,724,4599
#292,728,4599
#292,736,4599
292,731.6,4599,13.891
#306,793,4599
#306,809,4599
#306,792,4599
#306,775,4599
#306,776,4599
306,789,4599,25.1396
#321,902,4599
#321,920,4599
#321,841,4599
#321,809,4599
#321,810,4599
321,856.4,4599,92.7845
#337,911,4599
#337,936,4599
#337,903,4599
#337,892,4599
#337,877,4599
337,903.8,4599,39.4644
#353,1011,4599
#353,1015,4599
#353,929,4599
#353,894,4599
#353,890,4599
353,947.8,4599,109.905
#370,1024,4599
#370,1017,4599
#370,951,4599
#370,942,4599
#370,933,4599
370,973.4,4599,77.8779
#388,1094,4599
#388,1059,4599
#388,976,4599
#388,977,4599
#388,963,4599
388,1013.8,4599,105.219
#407,1544,4599
#407,1428,4599
#407,1228,4599
#407,1118,4599
#407,1077,4599
407,1279,4599,359.724
#427,1385,4599
#427,1286,4599
#427,1182,4599
#427,1196,4599
#427,1165,4599
427,1242.8,4599,164.989
#448,1657,4599
#448,1496,4599
#448,1242,4599
#448,1162,4599
#448,1150,4599
448,1341.4,4599,402.197
#470,1206,9207
#470,1213,9207
#470,1191,9207
#470,1191,9207
#470,1187,9207
470,1197.6,9207,20.1435
#493,1274,9207
#493,1266,9207
#493,1260,9207
#493,1252,9207
#493,1243,9207
493,1259,9207,21.5407
#517,1342,9207
#517,1307,9207
#517,1282,9207
#517,1283,9207
#517,1278,9207
517,1298.4,9207,48.1431
#542,1330,9207
#542,1343,9207
#542,1332,9207
#542,1330,9207
#542,1328,9207
542,1332.6,9207,10.7033
#569,1420,9207
#569,1430,9207
#569,1410,9207
#569,1414,9207
#569,1413,9207
569,1417.4,9207,14.176
#597,1548,9207
#597,1555,9207
#597,1517,9207
#597,1494,9207
#597,1481,9207
597,1519,9207,58.0345
#626,1624,9207
#626,1669,9207
#626,1619,9207
#626,1590,9207
#626,1575,9207
626,1615.4,9207,64.7284
#657,1692,9207
#657,1673,9207
#657,1648,9207
#657,1640,9207
#657,1636,9207
657,1657.8,9207,42.7907
#689,1919,9207
#689,1910,9207
#689,1801,9207
#689,1814,9207
#689,1764,9207
689,1841.6,9207,123.616
#723,2041,9207
#723,2001,9207
#723,1852,9207
#723,1813,9207
#723,1824,9207
723,1906.2,9207,190.869
#759,2020,9207
#759,2029,9207
#759,1961,9207
#759,1904,9207
#759,1888,9207
759,1960.4,9207,115.52
#796,2270,9207
#796,2230,9207
#796,2057,9207
#796,2003,9207
#796,1996,9207
796,2111.2,9207,231.943
#835,2587,9207
#835,2460,9207
#835,2243,9207
#835,2152,9207
#835,2147,9207
835,2317.8,9207,352.076
#876,3316,9207
#876,2841,9207
#876,2431,9207
#876,2310,9207
#876,2254,9207
876,2630.4,9207,799.246
#919,2293,18423
#919,2351,18423
#919,2315,18423
#919,2289,18423
#919,2283,18423
919,2306.2,18423,49.7417
#964,2379,18423
#964,2424,18423
#964,2402,18423
#964,2398,18423
#964,2392,18423
964,2399,18423,29.4483
#1012,2460,18423
#1012,2518,18423
#1012,2488,18423
#1012,2491,18423
#1012,2486,18423
1012,2488.6,18423,36.8261
#1062,2583,18423
#1062,2633,18423
#1062,15831,18423
#1062,2740,18423
#1062,2734,18423
1062,5304.2,18423,10527.5
#1115,2867,18423
#1115,2903,18423
#1115,2885,18423
#1115,2885,18423
#1115,2874,18423
1115,2882.8,18423,24.4098
#1170,3140,18423
#1170,3194,18423
#1170,3147,18423
#1170,3151,18423
#1170,3131,18423
1170,3152.6,18423,43.5725
#1228,3169,18423
#1228,3229,18423
#1228,3177,18423
#1228,3181,18423
#1228,3186,18423
1228,3188.4,18423,42.097
#1289,3447,18423
#1289,3492,18423
#1289,3393,18423
#1289,3378,18423
#1289,3357,18423
1289,3413.4,18423,98.6193
#1353,3592,18423
#1353,3629,18423
#1353,3554,18423
#1353,3542,18423
#1353,3555,18423
1353,3574.4,18423,64.0824
#1420,4093,18423
#1420,4073,18423
#1420,3915,18423
#1420,3740,18423
#1420,3726,18423
1420,3909.4,18423,313.48
#1491,4244,18423
#1491,4142,18423
#1491,3930,18423
#1491,3894,18423
#1491,3893,18423
1491,4020.6,18423,290.053
#1565,4334,18423
#1565,4391,18423
#1565,4187,18423
#1565,4128,18423
#1565,4149,18423
1565,4237.8,18423,210.232
#1643,5578,18423
#1643,5116,18423
#1643,4619,18423
#1643,4497,18423
#1643,4397,18423
1643,4841.4,18423,887.04
#1725,5921,18423
#1725,5418,18423
#1725,4825,18423
#1725,4707,18423
#1725,4603,18423
1725,5094.8,18423,1000.84
#1811,4713,36855
#1811,4838,36855
#1811,4771,36855
#1811,4773,36855
#1811,4781,36855
1811,4775.2,36855,79.3413
#1901,4940,36855
#1901,5052,36855
#1901,4983,36855
#1901,5007,36855
#1901,5010,36855
1901,4998.4,36855,73.3714
#1996,5151,36855
#1996,5283,36855
#1996,5219,36855
#1996,5227,36855
#1996,5232,36855
1996,5222.4,36855,84.3573
#2095,5451,36855
#2095,5651,36855
#2095,5545,36855
#2095,5503,36855
#2095,5496,36855
2095,5529.2,36855,135.614
#2199,5738,36855
#2199,5910,36855
#2199,5842,36855
#2199,5769,36855
#2199,5785,36855
2199,5808.8,36855,121.678
#2308,6088,36855
#2308,6243,36855
#2308,6147,36855
#2308,6142,36855
#2308,6120,36855
2308,6148,36855,103.715
#2423,6346,36855
#2423,6549,36855
#2423,6441,36855
#2423,6399,36855
#2423,6395,36855
2423,6426,36855,136.95
#2544,6823,36855
#2544,6925,36855
#2544,6827,36855
#2544,6843,36855
#2544,6779,36855
2544,6839.4,36855,95.5456
#2671,7501,36855
#2671,7580,36855
#2671,7220,36855
#2671,7198,36855
#2671,7191,36855
2671,7338,36855,334.982
#2804,7873,36855
#2804,7945,36855
#2804,7707,36855
#2804,7652,36855
#2804,7590,36855
2804,7753.4,36855,268.55
#2944,8715,36855
#2944,8653,36855
#2944,8213,36855
#2944,8114,36855
#2944,8144,36855
2944,8367.8,36855,521.805
#3091,9587,36855
#3091,9368,36855
#3091,8710,36855
#3091,8562,36855
#3091,8486,36855
3091,8942.6,36855,896.062
#3245,10518,36855
#3245,10034,36855
#3245,9278,36855
#3245,9114,36855
#3245,9087,36855
3245,9606.2,36855,1143.31
#3407,12032,36855
#3407,11352,36855
#3407,10033,36855
#3407,9521,36855
#3407,9539,36855
3407,10495.4,36855,2034.28
#3577,13822,36855
#3577,12568,36855
#3577,11238,36855
#3577,10573,36855
#3577,10197,36855
3577,11679.6,36855,2682.81
#3755,10376,73719
#3755,10697,73719
#3755,10488,73719
#3755,10485,73719
#3755,10456,73719
3755,10500.4,73719,212.583
#3942,11215,73719
#3942,11646,73719
#3942,11396,73719
#3942,11403,73719
#3942,11394,73719
3942,11410.8,73719,274.545
#4139,11697,73719
#4139,12054,73719
#4139,11888,73719
#4139,11869,73719
#4139,11842,73719
4139,11870,73719,227.849
#4345,12460,73719
#4345,12768,73719
#4345,12605,73719
#4345,12561,73719
#4345,12507,73719
4345,12580.2,73719,211.771
#4562,12968,73719
#4562,13313,73719
#4562,13088,73719
#4562,13141,73719
#4562,13120,73719
4562,13126,73719,222.059
#4790,13991,73719
#4790,14237,73719
#4790,14074,73719
#4790,13825,73719
#4790,13902,73719
4790,14005.8,73719,285.358
#5029,15014,73719
#5029,15253,73719
#5029,15000,73719
#5029,14904,73719
#5029,14891,73719
5029,15012.4,73719,260.051
#5280,16106,73719
#5280,16212,73719
#5280,15777,73719
#5280,15668,73719
#5280,15777,73719
5280,15908,73719,422.887
#5544,16762,73719
#5544,16982,73719
#5544,16561,73719
#5544,16473,73719
#5544,16496,73719
5544,16654.8,73719,385.351
#5821,32703,73719
#5821,18328,73719
#5821,17959,73719
#5821,17483,73719
#5821,17432,73719
5821,20781,73719,11940.1
#6112,20344,73719
#6112,20005,73719
#6112,18777,73719
#6112,18447,73719
#6112,18373,73719
6112,19189.2,73719,1645.85
#6417,21587,73719
#6417,21393,73719
#6417,20318,73719
#6417,19660,73719
#6417,19531,73719
6417,20497.8,73719,1710.36
#6737,25663,73719
#6737,24436,73719
#6737,22703,73719
#6737,21786,73719
#6737,21197,73719
6737,23157,73719,3327.85
#7073,28221,73719
#7073,26681,73719
#7073,24441,73719
#7073,23095,73719
#7073,22674,73719
7073,25022.4,73719,4247.34
#7426,25265,147447
#7426,25508,147447
#7426,25360,147447
#7426,25416,147447
#7426,25364,147447
7426,25382.6,147447,158.814
#7797,29582,147447
#7797,26789,147447
#7797,26718,147447
#7797,26752,147447
#7797,26517,147447
7797,27271.6,147447,2318.06
#8186,27924,147447
#8186,28342,147447
#8186,28230,147447
#8186,28102,147447
#8186,27877,147447
8186,28095,147447,353.325
#8595,29169,147447
#8595,29802,147447
#8595,29574,147447
#8595,29529,147447
#8595,29647,147447
8595,29544.2,147447,418.495
#9024,29894,147447
#9024,30339,147447
#9024,30296,147447
#9024,30170,147447
#9024,30155,147447
9024,30170.8,147447,310.915
#9475,31751,147447
#9475,32287,147447
#9475,31946,147447
#9475,31893,147447
#9475,31951,147447
9475,31965.6,147447,352.385
#9948,33375,147447
#9948,33723,147447
#9948,33504,147447
#9948,33405,147447
#9948,33431,147447
9948,33487.6,147447,250.419
#10445,36668,147447
#10445,37097,147447
#10445,36799,147447
#10445,36260,147447
#10445,36096,147447
10445,36584,147447,726.399
#10967,38770,147447
#10967,38974,147447
#10967,38699,147447
#10967,38131,147447
#10967,37948,147447
10967,38504.4,147447,788.896
#11515,41581,147447
#11515,41736,147447
#11515,40793,147447
#11515,40547,147447
#11515,40143,147447
11515,40960,147447,1217.79
#12090,44034,147447
#12090,43692,147447
#12090,42616,147447
#12090,42278,147447
#12090,42001,147447
12090,42924.2,147447,1596.5
#12694,48010,147447
#12694,47372,147447
#12694,45486,147447
#12694,44526,147447
#12694,44103,147447
12694,45899.4,147447,3086.4
#13328,52968,147447
#13328,51615,147447
#13328,48651,147447
#13328,47527,147447
#13328,46722,147447
13328,49496.6,147447,4802.58
#13994,59983,147447
#13994,58467,147447
#13994,54938,147447
#13994,53210,147447
#13994,51968,147447
13994,55713.2,147447,6112.81
#14693,57457,294903
#14693,57716,294903
#14693,57651,294903
#14693,57576,294903
#14693,57544,294903
14693,57588.8,294903,177.968
#15427,60610,294903
#15427,60780,294903
#15427,60719,294903
#15427,60481,294903
#15427,60668,294903
15427,60651.6,294903,204.222
#16198,63578,294903
#16198,64109,294903
#16198,63768,294903
#16198,63903,294903
#16198,63835,294903
16198,63838.6,294903,346.61
#17007,66724,294903
#17007,67209,294903
#17007,67075,294903
#17007,66802,294903
#17007,66862,294903
17007,66934.4,294903,360.237
#17857,68860,294903
#17857,69194,294903
#17857,68894,294903
#17857,68749,294903
#17857,68650,294903
17857,68869.4,294903,367.359
#18749,74262,294903
#18749,74323,294903
#18749,74207,294903
#18749,74136,294903
#18749,74009,294903
18749,74187.4,294903,216.897
#19686,80570,294903
#19686,80929,294903
#19686,80650,294903
#19686,80412,294903
#19686,80328,294903
19686,80577.8,294903,418.095
#20670,81839,294903
#20670,81943,294903
#20670,81759,294903
#20670,81333,294903
#20670,81583,294903
20670,81691.4,294903,428.821
#21703,87519,294903
#21703,87552,294903
#21703,87132,294903
#21703,86623,294903
#21703,86106,294903
21703,86986.4,294903,1107.04
#22788,93407,294903
#22788,92833,294903
#22788,91934,294903
#22788,91460,294903
#22788,91042,294903
22788,92135.2,294903,1742.61
#23927,100748,294903
#23927,100434,294903
#23927,98331,294903
#23927,97306,294903
#23927,96858,294903
23927,98735.4,294903,3183.35
#25123,107529,294903
#25123,106830,294903
#25123,107895,294903
#25123,103933,294903
#25123,103143,294903
25123,105866,294903,3894.91
#26379,121095,294903
#26379,120337,294903
#26379,116580,294903
#26379,114523,294903
#26379,113879,294903
26379,117283,294903,5903.04
#27697,132984,294903
#27697,132011,294903
#27697,129273,294903
#27697,127934,294903
#27697,127049,294903
27697,129850,294903,4590.55
#29081,137400,589815
#29081,136971,589815
#29081,137012,589815
#29081,136858,589815
#29081,136884,589815
29081,137025,589815,391.387
#30535,143638,589815
#30535,143708,589815
#30535,143634,589815
#30535,143558,589815
#30535,146364,589815
30535,144180,589815,2185.66
#32061,147125,589815
#32061,147086,589815
#32061,147222,589815
#32061,146902,589815
#32061,147032,589815
32061,147073,589815,211.651
#33664,154808,589815
#33664,154511,589815
#33664,154274,589815
#33664,154374,589815
#33664,154376,589815
33664,154469,589815,371.358
#35347,162699,589815
#35347,162651,589815
#35347,162746,589815
#35347,162568,589815
#35347,162584,589815
35347,162650,589815,134.751
#37114,171831,589815
#37114,171446,589815
#37114,171558,589815
#37114,191412,589815
#37114,180885,589815
37114,177426,589815,15724.4
#38969,186417,589815
#38969,186419,589815
#38969,186206,589815
#38969,185445,589815
#38969,185938,589815
38969,186085,589815,730.824
#40917,190400,589815
#40917,190666,589815
#40917,190265,589815
#40917,189499,589815
#40917,189492,589815
40917,190064,589815,964.203
#42962,201728,589815
#42962,226656,589815
#42962,212474,589815
#42962,212329,589815
#42962,211520,589815
42962,212941,589815,15910.9
#45110,220039,589815
#45110,219840,589815
#45110,219109,589815
#45110,218431,589815
#45110,217548,589815
45110,218993,589815,1839.31
#47365,228888,589815
#47365,228904,589815
#47365,226795,589815
#47365,229796,589815
#47365,225169,589815
47365,227910,589815,3377.32
#49733,265001,589815
#49733,258216,589815
#49733,255757,589815
#49733,254164,589815
#49733,265554,589815
49733,259738,589815,9413.15
#52219,268775,589815
#52219,282495,589815
#52219,267699,589815
#52219,266082,589815
#52219,265335,589815
52219,270077,589815,12649.2
#54829,293399,589815
#54829,292810,589815
#54829,290180,589815
#54829,288912,589815
#54829,288630,589815
54829,290786,589815,3944.8
#57570,305184,1179639
#57570,297973,1179639
#57570,297832,1179639
#57570,297940,1179639
#57570,297633,1179639
57570,299312,1179639,5876.4
#60448,313460,1179639
#60448,320929,1179639
#60448,313676,1179639
#60448,313396,1179639
#60448,313125,1179639
60448,314917,1179639,6022.08
#63470,338686,1179639
#63470,351595,1179639
#63470,329332,1179639
#63470,329346,1179639
#63470,332257,1179639
63470,336243,1179639,16801.7
#66643,354627,1179639
#66643,355350,1179639
#66643,354638,1179639
#66643,354825,1179639
#66643,359989,1179639
66643,355886,1179639,4136.69
#69975,364889,1179639
#69975,365233,1179639
#69975,364954,1179639
#69975,365057,1179639
#69975,365166,1179639
69975,365060,1179639,255.579
#73473,394073,1179639
#73473,398487,1179639
#73473,383703,1179639
#73473,383241,1179639
#73473,382848,1179639
73473,388470,1179639,13066.2
#77146,404436,1179639
#77146,404449,1179639
#77146,403881,1179639
#77146,403587,1179639
#77146,403686,1179639
77146,404008,1179639,734.694
#81003,425364,1179639
#81003,425869,1179639
#81003,425289,1179639
#81003,424577,1179639
#81003,429061,1179639
81003,426032,1179639,3139.01
#85053,469036,1179639
#85053,480230,1179639
#85053,460504,1179639
#85053,467842,1179639
#85053,447476,1179639
85053,465018,1179639,21607.8
#89305,498873,1179639
#89305,477082,1179639
#89305,481095,1179639
#89305,474759,1179639
#89305,479674,1179639
89305,482297,1179639,17137.2
#93770,520638,1179639
#93770,529535,1179639
#93770,505243,1179639
#93770,508561,1179639
#93770,511822,1179639
93770,515160,1179639,17656.4
#98458,543151,1179639
#98458,542553,1179639
#98458,540739,1179639
#98458,542296,1179639
#98458,554988,1179639
98458,544745,1179639,10365.7
#103380,590220,1179639
#103380,588821,1179639
#103380,586967,1179639
#103380,586358,1179639
#103380,586167,1179639
103380,587707,1179639,3136.26
#108549,645249,1179639
#108549,647643,1179639
#108549,647215,1179639
#108549,647970,1179639
#108549,626106,1179639
108549,642837,1179639,16837
#113976,745583,1179639
#113976,759462,1179639
#113976,717487,1179639
#113976,716804,1179639
#113976,721826,1179639
113976,732232,1179639,34449.3
#119674,792630,2359287
#119674,681170,2359287
#119674,665878,2359287
#119674,637654,2359287
#119674,640387,2359287
119674,683544,2359287,113792
#125657,800654,2359287
#125657,721384,2359287
#125657,709598,2359287
#125657,687157,2359287
#125657,687718,2359287
125657,721302,2359287,83558.3
#131939,780474,2359287
#131939,744773,2359287
#131939,748331,2359287
#131939,739528,2359287
#131939,722590,2359287
131939,747139,2359287,37723.4
#138535,844467,2359287
#138535,783322,2359287
#138535,791567,2359287
#138535,748512,2359287
#138535,743082,2359287
138535,782190,2359287,72835.6
#145461,845410,2359287
#145461,842489,2359287
#145461,800494,2359287
#145461,807532,2359287
#145461,782033,2359287
145461,815592,2359287,49247.8
#152734,926420,2359287
#152734,871991,2359287
#152734,873659,2359287
#152734,843084,2359287
#152734,852132,2359287
152734,873457,2359287,57858.8
#160370,931723,2359287
#160370,916518,2359287
#160370,904693,2359287
#160370,869084,2359287
#160370,875389,2359287
160370,899481,2359287,47844.5
#168388,973434,2359287
#168388,949367,2359287
#168388,939226,2359287
#168388,943936,2359287
#168388,929738,2359287
168388,947140,2359287,29285.6
#176807,1084213,2359287
#176807,1067379,2359287
#176807,1028246,2359287
#176807,1015177,2359287
#176807,993181,2359287
176807,1.03764e+06,2359287,67069.4
#185647,1092533,2359287
#185647,1089883,2359287
#185647,1066861,2359287
#185647,1053480,2359287
#185647,1023121,2359287
185647,1.06518e+06,2359287,51124.2
#194929,1190677,2359287
#194929,1162312,2359287
#194929,1135486,2359287
#194929,1120689,2359287
#194929,1072002,2359287
194929,1.13623e+06,2359287,80060.3
#204675,1280310,2359287
#204675,1256296,2359287
#204675,1238952,2359287
#204675,1180797,2359287
#204675,1180814,2359287
204675,1.22743e+06,2359287,80548
#214908,1427931,2359287
#214908,1424826,2359287
#214908,1363048,2359287
#214908,1333229,2359287
#214908,1300777,2359287
214908,1.36996e+06,2359287,100216
#225653,1614531,2359287
#225653,3762681,2359287
#225653,1915321,2359287
#225653,1473091,2359287
#225653,1467268,2359287
225653,2.04658e+06,2359287,1.74663e+06
#236935,2761662,4718583
#236935,1493063,4718583
#236935,1881202,4718583
#236935,1559972,4718583
#236935,1397226,4718583
236935,1.81862e+06,4718583,997478
#248781,2453151,4718583
#248781,1555733,4718583
#248781,1569282,4718583
#248781,1757964,4718583
#248781,1983251,4718583
248781,1.86388e+06,4718583,666003
#261220,2679156,4718583
#261220,1677873,4718583
#261220,1628543,4718583
#261220,1611247,4718583
#261220,1619604,4718583
261220,1.84328e+06,4718583,837153
#274281,2671548,4718583
#274281,1771023,4718583
#274281,1706926,4718583
#274281,1708680,4718583
#274281,2039948,4718583
274281,1.97962e+06,4718583,734132
#287995,2314540,4718583
#287995,1801940,4718583
#287995,1820444,4718583
#287995,1781418,4718583
#287995,1711602,4718583
287995,1.88599e+06,4718583,434845
#302394,2593857,4718583
#302394,2208493,4718583
#302394,1974603,4718583
#302394,1901475,4718583
#302394,1902343,4718583
302394,2.11615e+06,4718583,528065
#317513,2650040,4718583
#317513,2154260,4718583
#317513,2038395,4718583
#317513,1930111,4718583
#317513,1990864,4718583
317513,2.15273e+06,4718583,518576
#333388,2572928,4718583
#333388,2159048,4718583
#333388,2091374,4718583
#333388,2063291,4718583
#333388,2190302,4718583
333388,2.21539e+06,4718583,368946
#350057,2677816,4718583
#350057,2338351,4718583
#350057,2252764,4718583
#350057,2238022,4718583
#350057,2197752,4718583
350057,2.34094e+06,4718583,349127
#367559,2749284,4718583
#367559,2470222,4718583
#367559,2355106,4718583
#367559,2305874,4718583
#367559,2360658,4718583
367559,2.44823e+06,4718583,319654
#385936,2971463,4718583
#385936,2579178,4718583
#385936,2549487,4718583
#385936,2495785,4718583
#385936,2487990,4718583
385936,2.61678e+06,4718583,361075
#405232,3197139,4718583
#405232,2886717,4718583
#405232,2747611,4718583
#405232,2947006,4718583
#405232,2768091,4718583
405232,2.90931e+06,4718583,323563
#425493,3173157,4718583
#425493,3109519,4718583
#425493,2944644,4718583
#425493,2885698,4718583
#425493,2870413,4718583
425493,2.99669e+06,4718583,244696
#446767,3574136,4718583
#446767,3304442,4718583
#446767,3355340,4718583
#446767,3199165,4718583
#446767,3203554,4718583
446767,3.32733e+06,4718583,274180
#469105,6893321,9437175
#469105,6218149,9437175
#469105,6139200,9437175
#469105,6152640,9437175
#469105,6428760,9437175
469105,6.36641e+06,9437175,566269
#492560,7145480,9437175
#492560,6491057,9437175
#492560,6798178,9437175
#492560,6518761,9437175
#492560,6754774,9437175
492560,6.74165e+06,9437175,472375
#517188,7385220,9437175
#517188,6983830,9437175
#517188,7148527,9437175
#517188,7653669,9437175
#517188,7062046,9437175
517188,7.24666e+06,9437175,487973
#543047,7649472,9437175
#543047,7243632,9437175
#543047,7203000,9437175
#543047,7329434,9437175
#543047,7351867,9437175
543047,7.35548e+06,9437175,313538
#570199,7998029,9437175
#570199,7696090,9437175
#570199,7728951,9437175
#570199,7774776,9437175
#570199,7543806,9437175
570199,7.74833e+06,9437175,293916
#598708,8347383,9437175
#598708,8075540,9437175
#598708,8006604,9437175
#598708,8123352,9437175
#598708,8998110,9437175
598708,8.3102e+06,9437175,724845
#628643,8765630,9437175
#628643,8806444,9437175
#628643,8451989,9437175
#628643,8418186,9437175
#628643,8438602,9437175
628643,8.57617e+06,9437175,344356
#660075,9161816,9437175
#660075,9164076,9437175
#660075,9150683,9437175
#660075,9269314,9437175
#660075,8903034,9437175
660075,9.12978e+06,9437175,242525
#693078,9606273,9437175
#693078,9388506,9437175
#693078,9796602,9437175
#693078,9854902,9437175
#693078,9763877,9437175
693078,9.68203e+06,9437175,336578
#727731,10473854,9437175
#727731,9960536,9437175
#727731,9908984,9437175
#727731,10296368,9437175
#727731,9919056,9437175
727731,1.01118e+07,9437175,461575
#764117,10728861,9437175
#764117,10484313,9437175
#764117,10318587,9437175
#764117,10505408,9437175
#764117,10281810,9437175
764117,1.04638e+07,9437175,318266
#802322,11335901,9437175
#802322,11630904,9437175
#802322,11024575,9437175
#802322,10872415,9437175
#802322,10902266,9437175
802322,1.11532e+07,9437175,579609
#842438,11833170,9437175
#842438,12438262,9437175
#842438,11741896,9437175
#842438,11938737,9437175
#842438,11902980,9437175
842438,1.1971e+07,9437175,486199
#884559,12580241,9437175
#884559,12821516,9437175
#884559,12852460,9437175
#884559,12684804,9437175
#884559,12781148,9437175
884559,1.2744e+07,9437175,198944
#928786,17535755,18874359
#928786,17151197,18874359
#928786,17147705,18874359
#928786,17127860,18874359
#928786,17084512,18874359
928786,1.72094e+07,18874359,329784
#975225,18301765,18874359
#975225,17886080,18874359
#975225,17940431,18874359
#975225,18331126,18874359
#975225,18459971,18874359
975225,1.81839e+07,18874359,455857
#1023986,19532935,18874359
#1023986,19319840,18874359
#1023986,19115117,18874359
#1023986,18945471,18874359
#1023986,19024731,18874359
1023986,1.91876e+07,18874359,426287
#1075185,20840675,18874359
#1075185,20109047,18874359
#1075185,20498325,18874359
#1075185,19945271,18874359
#1075185,20263310,18874359
1075185,2.03313e+07,18874359,626353
#1128944,21322151,18874359
#1128944,20802180,18874359
#1128944,20925223,18874359
#1128944,20744401,18874359
#1128944,20766384,18874359
1128944,2.09121e+07,18874359,428721
#1185391,22386360,18874359
#1185391,23396966,18874359
#1185391,23052082,18874359
#1185391,22339135,18874359
#1185391,22040781,18874359
1185391,2.26431e+07,18874359,1.00267e+06
#1244660,23379427,18874359
#1244660,23089692,18874359
#1244660,23181330,18874359
#1244660,24815367,18874359
#1244660,23415167,18874359
1244660,2.35762e+07,18874359,1.26263e+06
#1306893,24556028,18874359
#1306893,24427794,18874359
#1306893,24360490,18874359
#1306893,24504465,18874359
#1306893,24360975,18874359
1306893,2.4442e+07,18874359,155731
#1372237,25729459,18874359
#1372237,25669146,18874359
#1372237,25612648,18874359
#1372237,25652931,18874359
#1372237,25627981,18874359
1372237,2.56584e+07,18874359,81059.6
#1440848,27482615,18874359
#1440848,27110436,18874359
#1440848,26992257,18874359
#1440848,26917515,18874359
#1440848,26846890,18874359
1440848,2.70699e+07,18874359,448071
#1512890,28420180,18874359
#1512890,28352782,18874359
#1512890,28301651,18874359
#1512890,28333136,18874359
#1512890,28236117,18874359
1512890,2.83288e+07,18874359,120901
#1588534,31803190,18874359
#1588534,30566527,18874359
#1588534,30193948,18874359
#1588534,29969795,18874359
#1588534,29970347,18874359
1588534,3.05008e+07,18874359,1.37348e+06
#1667960,31934905,18874359
#1667960,31517610,18874359
#1667960,31507689,18874359
#1667960,31552193,18874359
#1667960,31684727,18874359
1667960,3.16394e+07,18874359,321451
#1751358,33671084,18874359
#1751358,33566408,18874359
#1751358,33462219,18874359
#1751358,33535573,18874359
#1751358,33350711,18874359
1751358,3.35172e+07,18874359,213880
#1838925,46545911,37748727
#1838925,46110054,37748727
#1838925,44859963,37748727
#1838925,44870708,37748727
#1838925,44861107,37748727
1838925,4.54495e+07,37748727,1.46074e+06
#1930871,47462455,37748727
#1930871,47789412,37748727
#1930871,49458306,37748727
#1930871,49222071,37748727
#1930871,48253106,37748727
1930871,4.84371e+07,37748727,1.5652e+06
#2027414,49966264,37748727
#2027414,53489592,37748727
#2027414,51132432,37748727
#2027414,51122836,37748727
#2027414,50596760,37748727
2027414,5.12616e+07,37748727,2.3866e+06
#2128784,52828200,37748727
#2128784,53386712,37748727
#2128784,52945301,37748727
#2128784,53230487,37748727
#2128784,52168280,37748727
2128784,5.29118e+07,37748727,842869
#2235223,54664146,37748727
#2235223,54955978,37748727
#2235223,55063306,37748727
#2235223,54567788,37748727
#2235223,54505943,37748727
2235223,5.47514e+07,37748727,438829
#2346984,59368775,37748727
#2346984,57673840,37748727
#2346984,58161349,37748727
#2346984,57310989,37748727
#2346984,57473723,37748727
2346984,5.79977e+07,37748727,1.4853e+06
#2464333,60395129,37748727
#2464333,60509789,37748727
#2464333,60153671,37748727
#2464333,60276848,37748727
#2464333,60274088,37748727
2464333,6.03219e+07,37748727,242126
#2587549,64617298,37748727
#2587549,64500649,37748727
#2587549,63297492,37748727
#2587549,63670540,37748727
#2587549,64351365,37748727
2587549,6.40875e+07,37748727,1.02722e+06
#2716926,66572364,37748727
#2716926,67113478,37748727
#2716926,68093545,37748727
#2716926,68375438,37748727
#2716926,67853799,37748727
2716926,6.76017e+07,37748727,1.32726e+06
#2852772,71615401,37748727
#2852772,71372225,37748727
#2852772,71375521,37748727
#2852772,70661347,37748727
#2852772,70074543,37748727
2852772,7.10198e+07,37748727,1.14105e+06
#2995410,74263240,37748727
#2995410,74071100,37748727
#2995410,73342221,37748727
#2995410,73719708,37748727
#2995410,73682842,37748727
2995410,7.38158e+07,37748727,642849
#3145180,78283819,37748727
#3145180,78761226,37748727
#3145180,79687158,37748727
#3145180,80206466,37748727
#3145180,80358504,37748727
3145180,7.94594e+07,37748727,1.6218e+06
#3302439,87201013,37748727
#3302439,85813800,37748727
#3302439,83778356,37748727
#3302439,83884302,37748727
#3302439,83522061,37748727
3302439,8.48399e+07,37748727,2.87055e+06
#3467560,92115290,37748727
#3467560,89772122,37748727
#3467560,87962232,37748727
#3467560,87744908,37748727
#3467560,88065882,37748727
3467560,8.91321e+07,37748727,3.31527e+06
#3640938,94138980,37748727
#3640938,95556056,37748727
#3640938,95250062,37748727
#3640938,98777461,37748727
#3640938,95679973,37748727
3640938,9.58805e+07,37748727,3.09428e+06
#3822984,112604932,75497463
#3822984,112642788,75497463
#3822984,113412075,75497463
#3822984,112827548,75497463
#3822984,112611238,75497463
3822984,1.1282e+08,75497463,614394
#4014133,118679714,75497463
#4014133,118153112,75497463
#4014133,118131093,75497463
#4014133,118781983,75497463
#4014133,117957843,75497463
4014133,1.18341e+08,75497463,654440
#4214839,124392195,75497463
#4214839,124610137,75497463
#4214839,124344134,75497463
#4214839,125850143,75497463
#4214839,124411504,75497463
4214839,1.24722e+08,75497463,1.14304e+06
#4425580,130590846,75497463
#4425580,130420245,75497463
#4425580,130090068,75497463
#4425580,130765347,75497463
#4425580,130972238,75497463
4425580,1.30568e+08,75497463,602081
#4646859,136727139,75497463
#4646859,136391673,75497463
#4646859,136889351,75497463
#4646859,136452306,75497463
#4646859,137664444,75497463
4646859,1.36825e+08,75497463,914355
#4879201,144825292,75497463
#4879201,145317225,75497463
#4879201,144525023,75497463
#4879201,149394920,75497463
#4879201,144770732,75497463
4879201,1.45767e+08,75497463,3.66453e+06
#5123161,282732735,75497463
#5123161,207981988,75497463
#5123161,165069064,75497463
#5123161,158034034,75497463
#5123161,154411975,75497463
5123161,1.93646e+08,75497463,9.70201e+07
#5379319,158634421,75497463
#5379319,160425872,75497463
#5379319,161326756,75497463
#5379319,158301800,75497463
#5379319,158497798,75497463
5379319,1.59437e+08,75497463,2.42717e+06
#5648284,169667436,75497463
#5648284,167591854,75497463
#5648284,167736245,75497463
#5648284,168768810,75497463
#5648284,170171649,75497463
5648284,1.68787e+08,75497463,2.04455e+06
#5930698,177336217,75497463
#5930698,177381088,75497463
#5930698,176831124,75497463
#5930698,176009511,75497463
#5930698,175597564,75497463
5930698,1.76631e+08,75497463,1.42948e+06
#6227232,186333667,75497463
#6227232,186043425,75497463
#6227232,185810928,75497463
#6227232,194008263,75497463
#6227232,187101416,75497463
6227232,1.8786e+08,75497463,6.20999e+06
#6538593,196809392,75497463
#6538593,198711142,75497463
#6538593,195255159,75497463
#6538593,195854604,75497463
#6538593,195605129,75497463
6538593,1.96447e+08,75497463,2.48802e+06
#6865522,207646290,75497463
#6865522,218173598,75497463
#6865522,208975481,75497463
#6865522,207464155,75497463
#6865522,206874305,75497463
6865522,2.09827e+08,75497463,8.45921e+06
#7208798,226970495,75497463
#7208798,221443985,75497463
#7208798,220047796,75497463
#7208798,220768750,75497463
#7208798,220441749,75497463
7208798,2.21935e+08,75497463,5.1185e+06
#7569237,243546334,150994935
#7569237,241060746,150994935
#7569237,241305793,150994935
#7569237,241426957,150994935
#7569237,240519582,150994935
7569237,2.41572e+08,150994935,2.07053e+06
#7947698,254369616,150994935
#7947698,253703576,150994935
#7947698,252784683,150994935
#7947698,254475329,150994935
#7947698,257099973,150994935
7947698,2.54487e+08,150994935,2.87794e+06
#8345082,265356905,150994935
#8345082,265685941,150994935
#8345082,264464707,150994935
#8345082,267351174,150994935
#8345082,264040535,150994935
8345082,2.6538e+08,150994935,2.29984e+06
#8762336,279681115,150994935
#8762336,279954065,150994935
#8762336,281137919,150994935
#8762336,280327769,150994935
#8762336,278472220,150994935
8762336,2.79915e+08,150994935,1.74442e+06
#9200452,291929347,150994935
#9200452,292486883,150994935
#9200452,298939749,150994935
#9200452,294081973,150994935
#9200452,293835286,150994935
9200452,2.94255e+08,150994935,4.95483e+06
#9660474,316477207,150994935
#9660474,307343450,150994935
#9660474,312177899,150994935
#9660474,313283271,150994935
#9660474,311798013,150994935
9660474,3.12216e+08,150994935,5.87979e+06
