#1,894,2621440
#1,122,2621440
#1,60,2621440
#1,51,2621440
1,281.75,2621440,709.076
#2,155,2621440
#2,95,2621440
#2,66,2621440
#2,90,2621440
2,101.5,2621440,65.5515
#3,118,2621440
#3,131,2621440
#3,104,2621440
#3,91,2621440
3,111,2621440,29.9666
#4,137,2621440
#4,114,2621440
#4,107,2621440
#4,105,2621440
4,115.75,2621440,25.4313
#5,176,2621440
#5,172,2621440
#5,131,2621440
#5,120,2621440
5,149.75,2621440,49.2011
#6,191,2621440
#6,151,2621440
#6,146,2621440
#6,143,2621440
6,157.75,2621440,38.8169
#7,189,2621440
#7,183,2621440
#7,159,2621440
#7,158,2621440
7,172.25,2621440,27.8343
#8,335,2621440
#8,192,2621440
#8,171,2621440
#8,173,2621440
8,217.75,2621440,136.377
#9,445,2621440
#9,194,2621440
#9,190,2621440
#9,187,2621440
9,254,2621440,220.604
#10,504,2621440
#10,218,2621440
#10,206,2621440
#10,200,2621440
10,282,2621440,256.671
#12,349,2621440
#12,262,2621440
#12,231,2621440
#12,233,2621440
12,268.75,2621440,95.858
#14,311,2621440
#14,295,2621440
#14,283,2621440
#14,274,2621440
14,290.75,2621440,27.7263
#16,362,2621440
#16,336,2621440
#16,315,2621440
#16,324,2621440
16,334.25,2621440,35.3377
#19,396,2621440
#19,399,2621440
#19,387,2621440
#19,382,2621440
19,391,2621440,13.6382
#22,465,2621440
#22,462,2621440
#22,415,2621440
#22,414,2621440
22,439,2621440,49.051
#26,569,2621440
#26,521,2621440
#26,498,2621440
#26,489,2621440
26,519.25,2621440,62.006
#31,632,2621440
#31,620,2621440
#31,609,2621440
#31,579,2621440
31,610,2621440,39.3192
#37,758,2621440
#37,753,2621440
#37,685,2621440
#37,679,2621440
37,718.75,2621440,73.7072
#44,904,2621440
#44,878,2621440
#44,835,2621440
#44,825,2621440
44,860.5,2621440,64.1015
#52,21809,2621440
#52,1012,2621440
#52,989,2621440
#52,952,2621440
52,6190.5,2621440,18034.7
#62,1220,2621440
#62,1156,2621440
#62,1109,2621440
#62,1076,2621440
62,1140.25,2621440,108.225
#74,1586,2621440
#74,1314,2621440
#74,1298,2621440
#74,1284,2621440
74,1370.5,2621440,249.742
#88,1811,2621440
#88,1657,2621440
#88,1592,2621440
#88,1615,2621440
88,1668.75,2621440,170.742
#105,2088,2621440
#105,2014,2621440
#105,1936,2621440
#105,1921,2621440
105,1989.75,2621440,133.629
#126,2643,2621440
#126,2539,2621440
#126,2404,2621440
#126,2417,2621440
126,2500.75,2621440,195.122
#151,3051,2621440
#151,2964,2621440
#151,2835,2621440
#151,2811,2621440
151,2915.25,2621440,195.225
#181,3711,2621440
#181,3630,2621440
#181,3527,2621440
#181,3499,2621440
181,3591.75,2621440,168.756
#217,4535,2621440
#217,4294,2621440
#217,4162,2621440
#217,4203,2621440
217,4298.5,2621440,289.318
#260,5578,2621440
#260,5338,2621440
#260,5180,2621440
#260,5197,2621440
260,5323.25,2621440,318.708
#312,6865,2621440
#312,6407,2621440
#312,6293,2621440
#312,6163,2621440
312,6432,2621440,528.957
#374,8436,2621440
#374,7963,2621440
#374,7738,2621440
#374,7578,2621440
374,7928.75,2621440,646.442
#448,20436,2621440
#448,10266,2621440
#448,15725,2621440
#448,10419,2621440
448,14211.5,2621440,8425.27
#537,24669,2621440
#537,11644,2621440
#537,11073,2621440
#537,11003,2621440
537,14597.2,2621440,11640.5
#644,21599,2621440
#644,14860,2621440
#644,14127,2621440
#644,14029,2621440
644,16153.8,2621440,6320.35
#772,18748,2621440
#772,17969,2621440
#772,17898,2621440
#772,17740,2621440
772,18088.8,2621440,779.078
#926,22610,2621440
#926,21867,2621440
#926,21790,2621440
#926,21747,2621440
926,22003.5,2621440,705.584
#1111,27495,2621440
#1111,27388,2621440
#1111,26695,2621440
#1111,26726,2621440
1111,27076,2621440,735.232
#1333,33821,2621440
#1333,32930,2621440
#1333,32874,2621440
#1333,32806,2621440
1333,33107.8,2621440,828.259
#1599,40919,2621440
#1599,40040,2621440
#1599,39357,2621440
#1599,39380,2621440
1599,39924,2621440,1273.15
#1918,50578,2621440
#1918,49309,2621440
#1918,48659,2621440
#1918,48390,2621440
1918,49234,2621440,1689.65
#2301,60142,2621440
#2301,60137,2621440
#2301,59633,2621440
#2301,59134,2621440
2301,59761.5,2621440,834.296
#2761,198388,2621440
#2761,150349,2621440
#2761,108213,2621440
#2761,74387,2621440
2761,132834,2621440,92878.1
#3313,192135,2621440
#3313,90616,2621440
#3313,86646,2621440
#3313,85869,2621440
3313,113816,2621440,90506.1
#3975,107805,2621440
#3975,100624,2621440
#3975,100276,2621440
#3975,100264,2621440
3975,102242,2621440,6429.82
#4770,131836,2621440
#4770,124959,2621440
#4770,124050,2621440
#4770,123737,2621440
4770,126146,2621440,6631.86
#5724,161529,2621440
#5724,149931,2621440
#5724,155200,2621440
#5724,148877,2621440
5724,153884,2621440,10043.6
#6868,202347,2621440
#6868,180712,2621440
#6868,195408,2621440
#6868,184859,2621440
6868,190832,2621440,17077.1
#8241,573310,2621440
#8241,396912,2621440
#8241,262880,2621440
#8241,228436,2621440
8241,365384,2621440,271089
#9889,355589,2621440
#9889,265668,2621440
#9889,263264,2621440
#9889,275760,2621440
9889,290070,2621440,76233.4
#11866,448968,2621440
#11866,330500,2621440
#11866,325784,2621440
#11866,326665,2621440
11866,357979,2621440,105125
#14239,1228702,2621440
#14239,901196,2621440
#14239,1045351,2621440
#14239,982403,2621440
14239,1.03941e+06,2621440,241288
#17086,577995,2621440
#17086,480236,2621440
#17086,485778,2621440
#17086,502010,2621440
17086,511505,2621440,78426.4
#20503,1500366,2621440
#20503,1525084,2621440
#20503,1606118,2621440
#20503,1481445,2621440
20503,1.52825e+06,2621440,95087.7
#24603,1012890,2621440
#24603,857135,2621440
#24603,818320,2621440
#24603,772204,2621440
24603,865137,2621440,180896
#29523,1720369,2621440
#29523,1196843,2621440
#29523,1156570,2621440
#29523,1124627,2621440
29523,1.2996e+06,2621440,488548
#35427,2891315,2621440
#35427,2019063,2621440
#35427,1475961,2621440
#35427,1427111,2621440
35427,1.95336e+06,2621440,1.17853e+06
#42512,3242298,2621440
#42512,2161212,2621440
#42512,1937792,2621440
#42512,1854781,2621440
42512,2.29902e+06,2621440,1.11202e+06
#51014,2620328,2621440
#51014,2329730,2621440
#51014,2251487,2621440
#51014,2587555,2621440
51014,2.44728e+06,2621440,319023
#61216,3079252,2621440
#61216,5094554,2621440
#61216,4192670,2621440
#61216,3162554,2621440
61216,3.88226e+06,2621440,1.65191e+06
#73459,3678761,2621440
#73459,4472328,2621440
#73459,5649660,2621440
#73459,3713056,2621440
73459,4.37845e+06,2621440,1.59909e+06
#88150,4582398,2621440
#88150,7442964,2621440
#88150,4612688,2621440
#88150,4668130,2621440
88150,5.32654e+06,2621440,2.4446e+06
#105780,7551001,2621440
#105780,5383323,2621440
#105780,8144567,2621440
#105780,5823449,2621440
105780,6.72558e+06,2621440,2.30442e+06
#126936,8463331,2621440
#126936,9713576,2621440
#126936,7737460,2621440
#126936,9291281,2621440
126936,8.80141e+06,2621440,1.5226e+06
#152323,11147494,2621440
#152323,10853063,2621440
#152323,8904264,2621440
#152323,11071135,2621440
152323,1.0494e+07,2621440,1.84833e+06
#182787,12985492,2621440
#182787,10768788,2621440
#182787,13043468,2621440
#182787,13163133,2621440
182787,1.24902e+07,2621440,1.99186e+06
#219344,15309942,2621440
#219344,14975413,2621440
#219344,14931371,2621440
#219344,14987620,2621440
219344,1.50511e+07,2621440,301815
#263212,32322754,5242880
#263212,25828284,5242880
#263212,23897284,5242880
#263212,25278858,5242880
263212,2.68318e+07,5242880,6.49466e+06
#315854,30104934,5242880
#315854,29064394,5242880
#315854,30106092,5242880
#315854,29563350,5242880
315854,2.97097e+07,5242880,866703
#379024,33733127,5242880
#379024,33842853,5242880
#379024,33710473,5242880
#379024,33871729,5242880
379024,3.37895e+07,5242880,137954
#454828,41857412,5242880
#454828,42657952,5242880
#454828,39743182,5242880
#454828,41130281,5242880
454828,4.13472e+07,5242880,2.14437e+06
#545793,64126639,10485760
#545793,55817551,10485760
#545793,57609962,10485760
#545793,56483109,10485760
545793,5.85093e+07,10485760,6.61168e+06
#654951,69255366,10485760
#654951,67463800,10485760
#654951,67162305,10485760
#654951,66697569,10485760
654951,6.76448e+07,10485760,1.93823e+06
#785941,80665735,10485760
#785941,79388289,10485760
#785941,78144061,10485760
#785941,79837792,10485760
785941,7.9509e+07,10485760,1.82312e+06
#943129,98677763,10485760
#943129,100648489,10485760
#943129,98191305,10485760
#943129,93461808,10485760
943129,9.77448e+07,10485760,5.27686e+06
#1131754,149577449,20971520
#1131754,121936370,20971520
#1131754,123586163,20971520
#1131754,121047765,20971520
1131754,1.29037e+08,20971520,2.3788e+07
#1358104,146469010,20971520
#1358104,144178430,20971520
#1358104,146343205,20971520
#1358104,144995449,20971520
1358104,1.45497e+08,20971520,1.91077e+06
#1629724,176990206,20971520
#1629724,176759829,20971520
#1629724,177744489,20971520
#1629724,179819199,20971520
1629724,1.77828e+08,20971520,2.41138e+06
#1955668,211905566,20971520
#1955668,212875086,20971520
#1955668,217982962,20971520
#1955668,213326203,20971520
1955668,2.14022e+08,20971520,4.68701e+06
#2346801,282632394,41943040
#2346801,260033294,41943040
#2346801,263484747,41943040
#2346801,258085722,41943040
2346801,2.66059e+08,41943040,1.9524e+07
#2816161,307039000,41943040
#2816161,306454331,41943040
#2816161,309955494,41943040
#2816161,315419436,41943040
2816161,3.09717e+08,41943040,7.09869e+06
#3379393,468178302,41943040
#3379393,445302736,41943040
#3379393,369916066,41943040
#3379393,325711151,41943040
3379393,4.02277e+08,41943040,1.14472e+08
#4055271,503841067,83886080
#4055271,404449430,83886080
#4055271,406992909,83886080
#4055271,404375672,83886080
4055271,4.29915e+08,83886080,8.53887e+07
#4866325,525253029,83886080
#4866325,558658571,83886080
#4866325,530426867,83886080
#4866325,526312622,83886080
4866325,5.35163e+08,83886080,2.74046e+07
#5839590,567568491,83886080
#5839590,586447775,83886080
#5839590,638990131,83886080
#5839590,562751288,83886080
5839590,5.88939e+08,83886080,6.04468e+07
#7007508,671454963,83886080
#7007508,667710018,83886080
#7007508,667365609,83886080
#7007508,667467792,83886080
7007508,6.685e+08,83886080,3.42172e+06
#8409009,882858813,167772160
#8409009,853084959,167772160
#8409009,852451200,167772160
#8409009,852112650,167772160
8409009,8.60127e+08,167772160,2.62578e+07
