#1,114,32
#1,36,32
#1,27,32
#1,26,32
1,50.75,32,73.449
#2,53,32
#2,32,32
#2,29,32
#2,28,32
2,35.5,32,20.4206
#3,46,64
#3,41,64
#3,31,64
#3,31,64
3,37.25,64,12.9904
#4,64,64
#4,45,64
#4,36,64
#4,34,64
4,44.75,64,23.7224
#5,62,64
#5,42,64
#5,37,64
#5,38,64
5,44.75,64,20.267
#6,62,64
#6,46,64
#6,40,64
#6,40,64
6,47,64,18
#7,79,128
#7,57,128
#7,43,128
#7,45,128
7,56,128,28.6356
#8,78,128
#8,47,128
#8,46,128
#8,46,128
8,54.25,128,27.4363
#9,62,128
#9,60,128
#9,48,128
#9,51,128
9,55.25,128,11.7792
#10,88,128
#10,77,128
#10,55,128
#10,52,128
10,68,128,30.0998
#12,86,128
#12,73,128
#12,61,128
#12,60,128
12,70,128,21.1187
#14,152,128
#14,119,128
#14,65,128
#14,66,128
14,100.5,128,73.7902
#16,123,256
#16,105,256
#16,72,256
#16,71,256
16,92.75,256,44.3706
#19,152,256
#19,94,256
#19,81,256
#19,81,256
19,102,256,58.7026
#22,108,256
#22,120,256
#22,108,256
#22,96,256
22,108,256,16.9706
#26,143,512
#26,136,512
#26,105,512
#26,102,512
26,121.5,512,36.4005
#31,130,512
#31,135,512
#31,129,512
#31,130,512
31,131,512,4.69042
#37,204,512
#37,178,512
#37,168,512
#37,149,512
37,174.75,512,39.6831
#44,249,512
#44,235,512
#44,173,512
#44,167,512
44,206,512,72.8011
#52,220,1024
#52,212,1024
#52,213,1024
#52,182,1024
52,206.75,1024,29.2361
#62,250,1024
#62,267,1024
#62,252,1024
#62,224,1024
62,248.25,1024,30.9314
#74,362,1024
#74,344,1024
#74,321,1024
#74,286,1024
74,328.25,1024,56.7869
#88,392,1024
#88,406,1024
#88,378,1024
#88,326,1024
88,375.5,1024,60.4897
#105,357,2048
#105,372,2048
#105,349,2048
#105,351,2048
105,357.25,2048,18.0208
#126,425,2048
#126,419,2048
#126,411,2048
#126,411,2048
126,416.5,2048,11.7898
#151,605,2048
#151,571,2048
#151,512,2048
#151,497,2048
151,546.25,2048,87.5371
#181,812,2048
#181,799,2048
#181,698,2048
#181,628,2048
181,734.25,2048,151.132
#217,848,4096
#217,843,4096
#217,766,4096
#217,717,4096
217,793.5,4096,109.677
#260,980,4096
#260,927,4096
#260,880,4096
#260,853,4096
260,910,4096,96.6333
#312,1270,4096
#312,1225,4096
#312,1101,4096
#312,1083,4096
312,1169.75,4096,159.232
#374,1973,4096
#374,1951,4096
#374,1503,4096
#374,1313,4096
374,1685,4096,570.27
#448,1696,8192
#448,1689,8192
#448,1558,8192
#448,1542,8192
448,1621.25,8192,143.034
#537,2018,8192
#537,1915,8192
#537,1798,8192
#537,1789,8192
537,1880,8192,187.814
#644,2681,8192
#644,2612,8192
#644,2323,8192
#644,2231,8192
644,2461.75,8192,378.342
#772,2681,16384
#772,2575,16384
#772,2520,16384
#772,2514,16384
772,2572.5,16384,134.004
#926,3221,16384
#926,3225,16384
#926,3135,16384
#926,3082,16384
926,3165.75,16384,120.51
#1111,4028,16384
#1111,3938,16384
#1111,3726,16384
#1111,3647,16384
1111,3834.75,16384,308.355
#1333,5726,16384
#1333,5333,16384
#1333,4997,16384
#1333,4838,16384
1333,5223.5,16384,681.476
#1599,5947,32768
#1599,5847,32768
#1599,5707,32768
#1599,5631,32768
1599,5783,32768,244.688
#1918,7178,32768
#1918,7145,32768
#1918,6884,32768
#1918,6753,32768
1918,6990,32768,356.053
#2301,8851,32768
#2301,8686,32768
#2301,8465,32768
#2301,8231,32768
2301,8558.25,32768,466.702
#2761,12403,32768
#2761,11973,32768
#2761,10697,32768
#2761,10235,32768
2761,11327,32768,1778.89
#3313,13066,65536
#3313,13119,65536
#3313,12768,65536
#3313,12537,65536
3313,12872.5,65536,470.834
#3975,15979,65536
#3975,16002,65536
#3975,15654,65536
#3975,15246,65536
3975,15720.2,65536,612.892
#4770,20174,65536
#4770,19666,65536
#4770,18834,65536
#4770,18364,65536
4770,19259.5,65536,1408.73
#5724,27604,65536
#5724,26029,65536
#5724,24576,65536
#5724,23644,65536
5724,25463.2,65536,2999.96
#6868,29254,131072
#6868,29247,131072
#6868,28738,131072
#6868,28511,131072
6868,28937.5,131072,646.27
#8241,34942,131072
#8241,34623,131072
#8241,34077,131072
#8241,33751,131072
8241,34348.2,131072,926.451
#9889,45188,131072
#9889,44239,131072
#9889,42942,131072
#9889,42359,131072
9889,43682,131072,2208.22
#11866,63821,131072
#11866,71206,131072
#11866,84208,131072
#11866,84407,131072
11866,75910.5,131072,17587.7
#14239,67089,262144
#14239,82709,262144
#14239,66991,262144
#14239,66695,262144
14239,70871,262144,13672.4
#17086,79215,262144
#17086,79242,262144
#17086,77918,262144
#17086,76957,262144
17086,78333,262144,1915.67
#20503,101682,262144
#20503,101674,262144
#20503,98474,262144
#20503,97130,262144
20503,99740,262144,3990.81
#24603,129024,524288
#24603,126957,524288
#24603,126311,524288
#24603,125791,524288
24603,127021,524288,2456.24
#29523,156402,524288
#29523,156270,524288
#29523,155075,524288
#29523,154562,524288
29523,155577,524288,1563.04
#35427,193620,524288
#35427,209340,524288
#35427,196469,524288
#35427,195640,524288
35427,198767,524288,12383
#42512,250963,524288
#42512,266971,524288
#42512,253493,524288
#42512,252345,524288
42512,255943,524288,12859.4
#51014,316693,1048576
#51014,316512,1048576
#51014,325375,1048576
#51014,323573,1048576
51014,320538,1048576,7974.99
#61216,372900,1048576
#61216,371766,1048576
#61216,371229,1048576
#61216,369927,1048576
61216,371456,1048576,2137.9
#73459,472441,1048576
#73459,472390,1048576
#73459,471053,1048576
#73459,469837,1048576
73459,471430,1048576,2150.23
#88150,612577,1048576
#88150,611849,1048576
#88150,612953,1048576
#88150,594415,1048576
88150,607948,1048576,15647.3
#105780,597331,2097152
#105780,586886,2097152
#105780,583305,2097152
#105780,582655,2097152
105780,587544,2097152,11751.2
#126936,736576,2097152
#126936,732597,2097152
#126936,730677,2097152
#126936,730251,2097152
126936,732525,2097152,5000.2
#152323,911329,2097152
#152323,901559,2097152
#152323,898717,2097152
#152323,898587,2097152
152323,902548,2097152,10413.9
#182787,1219929,2097152
#182787,1218441,2097152
#182787,1230590,2097152
#182787,1216903,2097152
182787,1.22147e+06,2097152,10750.9
#219344,1402576,4194304
#219344,1250449,4194304
#219344,1227831,4194304
#219344,1234766,4194304
219344,1.27891e+06,4194304,143740
#263212,1618099,4194304
#263212,1601061,4194304
#263212,1551746,4194304
#263212,1508273,4194304
263212,1.56979e+06,4194304,86148.5
#315854,2054336,4194304
#315854,2023022,4194304
#315854,1942675,4194304
#315854,1937845,4194304
315854,1.98947e+06,4194304,100937
#379024,2729652,4194304
#379024,2714543,4194304
#379024,2684480,4194304
#379024,2666098,4194304
379024,2.69869e+06,4194304,49740.6
#454828,5952700,8388608
#454828,5955794,8388608
#454828,5779865,8388608
#454828,5690263,8388608
454828,5.84466e+06,8388608,228167
#545793,7227359,8388608
#545793,7104357,8388608
#545793,6926604,8388608
#545793,7673016,8388608
545793,7.23283e+06,8388608,551428
#654951,8963429,8388608
#654951,8685702,8388608
#654951,8693994,8388608
#654951,8840182,8388608
654951,8.79583e+06,8388608,229249
#785941,11887608,8388608
#785941,11570324,8388608
#785941,12729884,8388608
#785941,11474164,8388608
785941,1.19155e+07,8388608,988900
#943129,26122918,16777216
#943129,25959730,16777216
#943129,27537454,16777216
#943129,26230221,16777216
943129,2.64626e+07,16777216,1.25601e+06
#1131754,34374893,16777216
#1131754,34983274,16777216
#1131754,30770038,16777216
#1131754,31118145,16777216
1131754,3.28116e+07,16777216,3.76773e+06
#1358104,37634748,16777216
#1358104,37510717,16777216
#1358104,37263624,16777216
#1358104,37708599,16777216
1358104,3.75294e+07,16777216,337930
#1629724,37557479,33554432
#1629724,37022872,33554432
#1629724,37133906,33554432
#1629724,37103799,33554432
1629724,3.72045e+07,33554432,415580
#1955668,45324922,33554432
#1955668,45119917,33554432
#1955668,45155893,33554432
#1955668,45164742,33554432
1955668,4.51914e+07,33554432,157827
#2346801,56730180,33554432
#2346801,55503463,33554432
#2346801,55445039,33554432
#2346801,55545195,33554432
2346801,5.5806e+07,33554432,1.06956e+06
#2816161,71115112,33554432
#2816161,70754811,33554432
#2816161,70352238,33554432
#2816161,72374913,33554432
2816161,7.11493e+07,33554432,1.51467e+06
#3379393,82994945,67108864
#3379393,83221697,67108864
#3379393,83144911,67108864
#3379393,81921187,67108864
3379393,8.28207e+07,67108864,1.05138e+06
#4055271,110322534,67108864
#4055271,99932574,67108864
#4055271,100047681,67108864
#4055271,99884202,67108864
4055271,1.02547e+08,67108864,8.97949e+06
#4866325,124247229,67108864
#4866325,123818473,67108864
#4866325,123834580,67108864
#4866325,125524015,67108864
4866325,1.24356e+08,67108864,1.39173e+06
#5839590,159817397,67108864
#5839590,160312337,67108864
#5839590,161628300,67108864
#5839590,160151359,67108864
5839590,1.60477e+08,67108864,1.37613e+06
#7007508,176674133,134217728
#7007508,178246227,134217728
#7007508,188237987,134217728
#7007508,180216341,134217728
7007508,1.80844e+08,134217728,8.89951e+06
#8409009,214955635,134217728
#8409009,216020867,134217728
#8409009,214400234,134217728
#8409009,215986715,134217728
8409009,2.15341e+08,134217728,1.38301e+06
