#1,368,256
#1,185,256
#1,73,256
#1,57,256
#1,56,256
1,147.8,256,240.231
#2,241,256
#2,111,256
#2,71,256
#2,69,256
#2,1852,256
2,468.8,256,1388.88
#3,89,256
#3,109,256
#3,104,256
#3,99,256
#3,99,256
3,100,256,13.2665
#4,136,256
#4,93,256
#4,83,256
#4,83,256
#4,90,256
4,97,256,39.7794
#5,145,256
#5,112,256
#5,97,256
#5,91,256
#5,92,256
5,107.4,256,40.489
#6,145,256
#6,115,256
#6,112,256
#6,99,256
#6,99,256
6,114,256,33.6571
#7,140,256
#7,1099,256
#7,114,256
#7,115,256
#7,106,256
7,314.8,256,784.532
#8,132,256
#8,118,256
#8,116,256
#8,115,256
#8,117,256
8,119.6,256,12.5603
#9,164,256
#9,134,256
#9,984,256
#9,137,256
#9,126,256
9,309,256,675.484
#10,155,256
#10,139,256
#10,132,256
#10,135,256
#10,131,256
10,138.4,256,17.5089
#11,168,256
#11,163,256
#11,987,256
#11,144,256
#11,143,256
11,321,256,666.298
#12,180,256
#12,153,256
#12,149,256
#12,147,256
#12,149,256
12,155.6,256,24.7095
#13,391,384
#13,431,384
#13,274,384
#13,269,384
#13,258,384
13,324.6,384,143.714
#14,298,384
#14,1056,384
#14,261,384
#14,291,384
#14,270,384
14,435.2,384,621.383
#15,350,384
#15,302,384
#15,1103,384
#15,280,384
#15,276,384
15,462.2,384,642.959
#16,344,384
#16,291,384
#16,294,384
#16,295,384
#16,311,384
16,307,384,39.5373
#17,1167,384
#17,331,384
#17,291,384
#17,289,384
#17,291,384
17,473.8,384,693.917
#18,338,384
#18,325,384
#18,325,384
#18,1071,384
#18,308,384
18,473.4,384,597.904
#19,325,384
#19,295,384
#19,291,384
#19,304,384
#19,299,384
19,302.8,384,23.8126
#20,381,384
#20,1854,384
#20,497,384
#20,545,384
#20,487,384
20,752.8,384,1106.4
#21,433,384
#21,406,384
#21,370,384
#21,392,384
#21,367,384
21,393.6,384,48.7705
#22,403,384
#22,373,384
#22,389,384
#22,370,384
#22,386,384
22,384.2,384,23.779
#23,390,384
#23,359,384
#23,369,384
#23,355,384
#23,394,384
23,373.4,384,31.8145
#24,410,384
#24,429,384
#24,394,384
#24,359,384
#24,363,384
24,391,384,53.8294
#25,817,640
#25,718,640
#25,754,640
#25,787,640
#25,663,640
25,747.8,640,107.491
#26,662,640
#26,595,640
#26,564,640
#26,630,640
#26,569,640
26,604,640,74.5439
#27,666,640
#27,580,640
#27,565,640
#27,545,640
#27,536,640
27,578.4,640,92.819
#28,627,640
#28,1944,640
#28,794,640
#28,761,640
#28,681,640
28,961.4,640,989.599
#29,778,640
#29,706,640
#29,662,640
#29,643,640
#29,646,640
29,687,640,101.524
#30,736,640
#30,712,640
#30,623,640
#30,642,640
#30,771,640
30,696.8,640,112.153
#31,749,640
#31,606,640
#31,617,640
#31,615,640
#31,600,640
31,637.4,640,112.275
#32,773,640
#32,658,640
#32,615,640
#32,1601,640
#32,775,640
32,884.4,640,727.586
#33,738,640
#33,705,640
#33,692,640
#33,674,640
#33,675,640
33,696.8,640,47.183
#34,712,640
#34,638,640
#34,702,640
#34,709,640
#34,644,640
34,681,640,65.751
#35,698,640
#35,793,640
#35,686,640
#35,672,640
#35,623,640
35,694.4,640,111.014
#36,715,640
#36,696,640
#36,655,640
#36,629,640
#36,634,640
36,665.8,640,68.2044
#37,2133,1152
#37,1583,1152
#37,1297,1152
#37,1161,1152
#37,1131,1152
37,1461,1152,744.185
#38,1167,1152
#38,1084,1152
#38,1056,1152
#38,1059,1152
#38,1055,1152
38,1084.2,1152,85.5046
#39,1249,1152
#39,1090,1152
#39,1087,1152
#39,1077,1152
#39,1074,1152
39,1115.4,1152,134.132
#40,1169,1152
#40,1119,1152
#40,1097,1152
#40,1103,1152
#40,1078,1152
40,1113.2,1152,61.6623
#42,1417,1152
#42,1204,1152
#42,1157,1152
#42,1153,1152
#42,1121,1152
42,1210.4,1152,213.285
#44,1178,1152
#44,1137,1152
#44,1133,1152
#44,1132,1152
#44,1125,1152
44,1141,1152,37.7995
#46,1242,1152
#46,1157,1152
#46,1175,1152
#46,1157,1152
#46,1156,1152
46,1177.4,1152,66.1465
#48,1304,1152
#48,1222,1152
#48,1193,1152
#48,1191,1152
#48,1148,1152
48,1211.6,1152,103.774
#50,1383,1152
#50,1273,1152
#50,1199,1152
#50,1177,1152
#50,1179,1152
50,1242.2,1152,157.187
#52,1479,1152
#52,1290,1152
#52,1171,1152
#52,1161,1152
#52,1159,1152
52,1252,1152,247.328
#54,1373,1152
#54,1257,1152
#54,1228,1152
#54,1203,1152
#54,1190,1152
54,1250.2,1152,131.06
#56,1368,1152
#56,1243,1152
#56,1173,1152
#56,1168,1152
#56,1172,1152
56,1224.8,1152,153.713
#58,1673,1152
#58,1418,1152
#58,1297,1152
#58,1249,1152
#58,1233,1152
58,1374,1152,325.91
#60,1518,1152
#60,1371,1152
#60,1272,1152
#60,1266,1152
#60,1234,1152
60,1332.2,1152,207.223
#63,2148,1536
#63,2174,1536
#63,2088,1536
#63,1889,1536
#63,2050,1536
63,2069.8,1536,200.768
#66,2284,1536
#66,2309,1536
#66,2116,1536
#66,2027,1536
#66,1980,1536
66,2143.2,1536,265.617
#69,2408,1536
#69,2202,1536
#69,2061,1536
#69,1962,1536
#69,1822,1536
69,2091,1536,402.703
#72,2080,1536
#72,2121,1536
#72,1975,1536
#72,1749,1536
#72,1719,1536
72,1928.8,1536,332.603
#75,2074,1536
#75,2152,1536
#75,2336,1536
#75,2144,1536
#75,1845,1536
75,2110.2,1536,316.881
#78,2468,1536
#78,2402,1536
#78,2260,1536
#78,1911,1536
#78,2099,1536
78,2228,1536,405.985
#81,2345,1536
#81,2216,1536
#81,2098,1536
#81,2065,1536
#81,2044,1536
81,2153.6,1536,225.355
#85,2440,1536
#85,2306,1536
#85,2165,1536
#85,2096,1536
#85,1989,1536
85,2199.2,1536,316.727
#89,2476,1536
#89,2296,1536
#89,2014,1536
#89,1855,1536
#89,1872,1536
89,2102.6,1536,489.214
#93,2425,1536
#93,2289,1536
#93,2041,1536
#93,1967,1536
#93,1965,1536
93,2137.4,1536,372.824
#97,2245,1536
#97,2275,1536
#97,2067,1536
#97,2059,1536
#97,1911,1536
97,2111.4,1536,267.569
#101,3349,2048
#101,3095,2048
#101,2919,2048
#101,2756,2048
#101,2848,2048
101,2993.4,2048,419.342
#106,3106,2048
#106,3026,2048
#106,2872,2048
#106,2839,2048
#106,2742,2048
106,2917,2048,262.809
#111,3503,2048
#111,3060,2048
#111,2925,2048
#111,2871,2048
#111,2771,2048
111,3026,2048,512.2
#116,3411,2048
#116,2938,2048
#116,2890,2048
#116,2778,2048
#116,2767,2048
116,2956.8,2048,472.531
#121,3241,2048
#121,3078,2048
#121,2751,2048
#121,3849,2048
#121,2749,2048
121,3133.6,2048,810.295
#127,3147,2048
#127,3941,2048
#127,2772,2048
#127,2685,2048
#127,2653,2048
127,3039.6,2048,967.829
#133,3457,2048
#133,3399,2048
#133,3090,2048
#133,2930,2048
#133,2910,2048
133,3157.2,2048,460.948
#139,3331,2048
#139,3259,2048
#139,2967,2048
#139,2929,2048
#139,2890,2048
139,3075.2,2048,365.072
#145,3423,2048
#145,3112,2048
#145,2991,2048
#145,2857,2048
#145,2785,2048
145,3033.6,2048,449.518
#152,4918,2816
#152,4605,2816
#152,4414,2816
#152,4334,2816
#152,4256,2816
152,4505.4,2816,473.363
#159,4568,2816
#159,4316,2816
#159,4033,2816
#159,3969,2816
#159,3906,2816
159,4158.4,2816,496.317
#166,4383,2816
#166,4294,2816
#166,4143,2816
#166,4112,2816
#166,4132,2816
166,4212.8,2816,213.771
#174,4627,2816
#174,4473,2816
#174,4285,2816
#174,4264,2816
#174,4177,2816
174,4365.2,2816,325.273
#182,4632,2816
#182,4461,2816
#182,4191,2816
#182,4184,2816
#182,4141,2816
182,4321.8,2816,384.07
#191,4895,2816
#191,4624,2816
#191,4281,2816
#191,4206,2816
#191,4137,2816
191,4428.6,2816,574.162
#200,4880,2816
#200,4734,2816
#200,4604,2816
#200,4532,2816
#200,4550,2816
200,4660,2816,261.528
#210,5045,2816
#210,4863,2816
#210,4638,2816
#210,4464,2816
#210,4444,2816
210,4690.8,2816,464.97
#220,5981,2816
#220,5482,2816
#220,5057,2816
#220,4849,2816
#220,4763,2816
220,5226.4,2816,903.601
#231,6735,3968
#231,6129,3968
#231,5771,3968
#231,5749,3968
#231,5688,3968
231,6014.4,3968,784.151
#242,6721,3968
#242,6317,3968
#242,6081,3968
#242,6028,3968
#242,5872,3968
242,6203.8,3968,590.855
#254,7532,3968
#254,7004,3968
#254,6248,3968
#254,6178,3968
#254,6105,3968
254,6613.4,3968,1123.55
#266,6757,3968
#266,6645,3968
#266,6215,3968
#266,6088,3968
#266,6031,3968
266,6347.2,3968,594.148
#279,6934,3968
#279,6604,3968
#279,6248,3968
#279,6185,3968
#279,6153,3968
279,6424.8,3968,602.684
#292,7336,3968
#292,6968,3968
#292,6429,3968
#292,6167,3968
#292,6113,3968
292,6602.6,3968,951.204
#306,7387,3968
#306,7063,3968
#306,6697,3968
#306,6487,3968
#306,6381,3968
306,6803,3968,747.172
#321,7341,3968
#321,6772,3968
#321,6419,3968
#321,6319,3968
#321,6232,3968
321,6616.6,3968,812.125
#337,9686,5632
#337,9197,5632
#337,8846,5632
#337,8704,5632
#337,8626,5632
337,9011.8,5632,779.701
#353,9970,5632
#353,9562,5632
#353,9177,5632
#353,8958,5632
#353,8755,5632
353,9284.4,5632,869.687
#370,10515,5632
#370,10001,5632
#370,9100,5632
#370,9000,5632
#370,8603,5632
370,9443.8,5632,1408.56
#388,9696,5632
#388,9384,5632
#388,9089,5632
#388,8968,5632
#388,8917,5632
388,9210.8,5632,583.454
#407,10056,5632
#407,9505,5632
#407,9241,5632
#407,9022,5632
#407,8902,5632
407,9345.2,5632,820.982
#427,10531,5632
#427,10138,5632
#427,9651,5632
#427,9393,5632
#427,9295,5632
427,9801.6,5632,934.438
#448,10588,5632
#448,10394,5632
#448,9625,5632
#448,9731,5632
#448,27472,5632
448,13562,5632,13929.7
#470,12849,5632
#470,23136,5632
#470,9900,5632
#470,9573,5632
#470,9374,5632
470,12966.4,5632,10478.8
#493,14633,8064
#493,13828,8064
#493,13453,8064
#493,13329,8064
#493,13018,8064
493,13652.2,8064,1109.67
#517,15490,8064
#517,13668,8064
#517,13525,8064
#517,13191,8064
#517,12862,8064
517,13747.2,8064,1829.96
#542,15145,8064
#542,15074,8064
#542,14598,8064
#542,13570,8064
#542,13129,8064
542,14303.2,8064,1626.28
#569,14323,8064
#569,14461,8064
#569,15447,8064
#569,14899,8064
#569,15100,8064
569,14846,8064,824.757
#597,14936,8064
#597,14370,8064
#597,13797,8064
#597,14330,8064
#597,15444,8064
597,14575.4,8064,1128.83
#626,19996,8064
#626,16497,8064
#626,15583,8064
#626,14861,8064
#626,14319,8064
626,16251.2,8064,4019.6
#657,17539,8064
#657,15269,8064
#657,14539,8064
#657,14131,8064
#657,13903,8064
657,15076.2,8064,2632.25
#689,17865,8064
#689,16885,8064
#689,28850,8064
#689,13981,8064
#689,14017,8064
689,18319.6,8064,10972.3
#723,23251,11648
#723,20123,11648
#723,19123,11648
#723,36876,11648
#723,21024,11648
723,24079.4,11648,13084.1
#759,21300,11648
#759,20617,11648
#759,19847,11648
#759,19233,11648
#759,39638,11648
759,24127,11648,15573.6
#796,29497,11648
#796,64845,11648
#796,27585,11648
#796,27916,11648
#796,21335,11648
796,34235.6,11648,31112.5
#835,33715,11648
#835,32205,11648
#835,31128,11648
#835,66675,11648
#835,22475,11648
835,37239.6,11648,30457.3
#876,33153,11648
#876,28617,11648
#876,24760,11648
#876,38825,11648
#876,20982,11648
876,29267.4,11648,12516.6
#919,22645,11648
#919,21992,11648
#919,20661,11648
#919,20525,11648
#919,20228,11648
919,21210.2,11648,1877.38
#964,22381,11648
#964,21435,11648
#964,20467,11648
#964,20706,11648
#964,20337,11648
964,21065.2,11648,1519.27
#1012,22680,11648
#1012,22100,11648
#1012,21758,11648
#1012,20887,11648
#1012,20553,11648
1012,21595.6,11648,1560.99
#1062,24005,11648
#1062,23630,11648
#1062,22541,11648
#1062,21831,11648
#1062,21810,11648
1062,22763.4,11648,1815.57
#1115,31161,16768
#1115,30322,16768
#1115,29050,16768
#1115,29025,16768
#1115,28627,16768
1115,29637,16768,1903.89
#1170,31845,16768
#1170,30344,16768
#1170,29291,16768
#1170,29067,16768
#1170,28549,16768
1170,29819.2,16768,2338.8
#1228,31791,16768
#1228,30414,16768
#1228,29589,16768
#1228,29375,16768
#1228,27985,16768
1228,29830.8,16768,2506.9
#1289,33470,16768
#1289,32478,16768
#1289,31329,16768
#1289,30582,16768
#1289,30041,16768
1289,31580,16768,2498.96
#1353,33455,16768
#1353,31759,16768
#1353,30439,16768
#1353,30143,16768
#1353,30124,16768
1353,31184,16768,2569.1
#1420,34599,16768
#1420,33888,16768
#1420,32466,16768
#1420,32047,16768
#1420,31328,16768
1420,32865.6,16768,2407.32
#1491,35332,16768
#1491,34232,16768
#1491,33609,16768
#1491,32482,16768
#1491,31364,16768
1491,33403.8,16768,2750.49
#1565,47839,24320
#1565,44331,24320
#1565,43003,24320
#1565,41952,24320
#1565,42000,24320
1565,43825,24320,4371.06
#1643,111465,24320
#1643,62494,24320
#1643,42880,24320
#1643,41596,24320
#1643,41642,24320
1643,60015.4,24320,53841.9
#1725,44675,24320
#1725,43713,24320
#1725,42872,24320
#1725,41774,24320
#1725,40963,24320
1725,42799.4,24320,2650.53
#1811,69889,24320
#1811,66039,24320
#1811,44404,24320
#1811,43809,24320
#1811,42799,24320
1811,53388,24320,23948.7
#1901,48450,24320
#1901,48289,24320
#1901,45739,24320
#1901,44425,24320
#1901,72406,24320
1901,51861.8,24320,20770.4
#1996,58864,24320
#1996,82707,24320
#1996,50675,24320
#1996,56533,24320
#1996,62285,24320
1996,62212.8,24320,21847
#2095,47623,24320
#2095,46889,24320
#2095,45216,24320
#2095,44362,24320
#2095,44131,24320
2095,45644.2,24320,2768.73
#2199,50896,24320
#2199,49395,24320
#2199,47723,24320
#2199,48104,24320
#2199,46898,24320
2199,48603.2,24320,2802.22
#2308,66495,35328
#2308,63878,35328
#2308,62341,35328
#2308,61290,35328
#2308,61169,35328
2308,63034.6,35328,3968.97
#2423,66024,35328
#2423,64365,35328
#2423,62405,35328
#2423,61691,35328
#2423,60927,35328
2423,63082.4,35328,3724.37
#2544,68299,35328
#2544,66357,35328
#2544,64671,35328
#2544,63689,35328
#2544,64602,35328
2544,65523.6,35328,3266.73
#2671,68292,35328
#2671,65283,35328
#2671,64005,35328
#2671,63386,35328
#2671,62658,35328
2671,64724.8,35328,3961.68
#2804,68904,35328
#2804,67340,35328
#2804,65591,35328
#2804,65765,35328
#2804,65748,35328
2804,66669.6,35328,2572.63
#2944,69382,35328
#2944,67130,35328
#2944,65221,35328
#2944,65010,35328
#2944,63131,35328
2944,65974.8,35328,4245.44
#3091,69613,35328
#3091,68467,35328
#3091,67147,35328
#3091,68890,35328
#3091,81723,35328
3091,71168,35328,10676.3
#3245,72531,35328
#3245,70110,35328
#3245,111219,35328
#3245,67761,35328
#3245,66591,35328
3245,77642.4,35328,33823.4
#3407,92289,51328
#3407,90580,51328
#3407,89433,51328
#3407,88441,51328
#3407,87324,51328
3407,89613.4,51328,3434.13
#3577,97084,51328
#3577,95564,51328
#3577,93687,51328
#3577,92475,51328
#3577,91845,51328
3577,94131,51328,3892.45
#3755,146443,51328
#3755,97238,51328
#3755,95273,51328
#3755,93990,51328
#3755,93039,51328
3755,105197,51328,41342.3
#3942,97248,51328
#3942,95709,51328
#3942,93890,51328
#3942,92271,51328
#3942,91990,51328
3942,94221.6,51328,4026.54
#4139,98129,51328
#4139,97161,51328
#4139,95840,51328
#4139,94668,51328
#4139,93745,51328
4139,95908.6,51328,3190.44
#4345,99570,51328
#4345,98671,51328
#4345,96801,51328
#4345,95633,51328
#4345,94879,51328
4345,97110.8,51328,3548.82
#4562,104327,51328
#4562,102793,51328
#4562,101600,51328
#4562,100074,51328
#4562,99343,51328
4562,101627,51328,3608.74
#4790,104784,51328
#4790,103231,51328
#4790,101376,51328
#4790,126311,51328
#4790,118724,51328
4790,110885,51328,19710.7
#5029,137434,74752
#5029,136772,74752
#5029,134835,74752
#5029,134047,74752
#5029,133305,74752
5029,135279,74752,3160.34
#5280,141487,74752
#5280,140070,74752
#5280,138166,74752
#5280,137038,74752
#5280,136791,74752
5280,138710,74752,3615.01
#5544,141616,74752
#5544,140377,74752
#5544,138750,74752
#5544,138161,74752
#5544,137044,74752
5544,139190,74752,3243.73
#5821,144643,74752
#5821,143181,74752
#5821,141984,74752
#5821,141019,74752
#5821,164430,74752
5821,147051,74752,17546.8
#6112,145170,74752
#6112,143205,74752
#6112,142055,74752
#6112,140698,74752
#6112,140425,74752
6112,142311,74752,3486.82
#6417,148312,74752
#6417,147273,74752
#6417,145499,74752
#6417,144965,74752
#6417,144454,74752
6417,146101,74752,2915.83
#6737,154112,74752
#6737,152397,74752
#6737,151169,74752
#6737,150790,74752
#6737,150452,74752
6737,151784,74752,2673.7
#7073,158094,74752
#7073,157154,74752
#7073,155716,74752
#7073,157435,74752
#7073,155002,74752
7073,156680,74752,2287.2
#7426,202677,108800
#7426,194987,108800
#7426,194063,108800
#7426,193437,108800
#7426,193175,108800
7426,195668,108800,7119.45
#7797,220111,108800
#7797,217547,108800
#7797,217404,108800
#7797,215705,108800
#7797,215431,108800
7797,217240,108800,3345.74
#8186,213532,108800
#8186,246220,108800
#8186,211336,108800
#8186,210715,108800
#8186,209413,108800
8186,218243,108800,28103.4
#8595,207252,108800
#8595,206022,108800
#8595,204630,108800
#8595,204629,108800
#8595,203850,108800
8595,205277,108800,2421.65
#9024,227295,108800
#9024,225765,108800
#9024,223908,108800
#9024,223431,108800
#9024,223244,108800
9024,224729,108800,3126.88
#9475,217959,108800
#9475,216095,108800
#9475,215515,108800
#9475,215329,108800
#9475,214635,108800
9475,215907,108800,2254.2
#9948,218578,108800
#9948,218014,108800
#9948,216860,108800
#9948,216053,108800
#9948,215811,108800
9948,217063,108800,2159.34
#10445,309407,158464
#10445,329624,158464
#10445,282034,158464
#10445,280903,158464
#10445,280465,158464
10445,296487,158464,39733.5
#10967,337768,158464
#10967,335954,158464
#10967,335659,158464
#10967,334769,158464
#10967,335457,158464
10967,335921,158464,2004.7
#11515,382913,158464
#11515,335274,158464
#11515,334900,158464
#11515,335015,158464
#11515,335018,158464
11515,344624,158464,38289.8
#12090,312836,158464
#12090,316949,158464
#12090,299913,158464
#12090,299836,158464
#12090,298986,158464
12090,305704,158464,15242.5
#12694,314451,158464
#12694,307555,158464
#12694,307853,158464
#12694,307112,158464
#12694,306862,158464
12694,308767,158464,5725.75
#13328,353553,158464
#13328,352521,158464
#13328,351305,158464
#13328,350700,158464
#13328,353062,158464
13328,352228,158464,2139.86
#13994,355103,158464
#13994,353523,158464
#13994,352597,158464
#13994,351564,158464
#13994,351803,158464
13994,352918,158464,2579.9
#14693,331896,158464
#14693,332628,158464
#14693,329658,158464
#14693,329039,158464
#14693,329140,158464
14693,330472,158464,2988.84
#15427,428382,230912
#15427,426567,230912
#15427,425816,230912
#15427,425891,230912
#15427,430548,230912
15427,427441,230912,3616.18
#16198,430210,230912
#16198,428322,230912
#16198,428300,230912
#16198,427910,230912
#16198,428184,230912
16198,428585,230912,1651.05
#17007,454066,230912
#17007,437020,230912
#17007,437002,230912
#17007,436747,230912
#17007,436838,230912
17007,440335,230912,13732.9
#17857,490684,230912
#17857,450365,230912
#17857,447519,230912
#17857,446524,230912
#17857,447236,230912
17857,456466,230912,34318.3
#18749,462208,230912
#18749,455633,230912
#18749,455014,230912
#18749,457171,230912
#18749,455652,230912
18749,457136,230912,5268.06
#19686,466090,230912
#19686,465779,230912
#19686,463215,230912
#19686,463846,230912
#19686,506385,230912
19686,473063,230912,33394.3
#20670,498505,230912
#20670,482516,230912
#20670,481894,230912
#20670,481627,230912
#20670,481562,230912
20670,485221,230912,13301.3
#21703,537482,230912
#21703,495709,230912
#21703,495608,230912
#21703,494877,230912
#21703,494934,230912
21703,503722,230912,33766.8
#22788,625171,336640
#22788,623098,336640
#22788,623291,336640
#22788,622666,336640
#22788,622511,336640
22788,623347,336640,1908.88
#23927,741710,336640
#23927,677005,336640
#23927,715950,336640
#23927,716282,336640
#23927,718480,336640
23927,713885,336640,41622
#25123,719418,336640
#25123,717916,336640
#25123,718238,336640
#25123,719006,336640
#25123,717665,336640
25123,718449,336640,1324.38
#26379,704715,336640
#26379,670982,336640
#26379,672670,336640
#26379,671063,336640
#26379,670950,336640
26379,678076,336640,26670.6
#27697,737011,336640
#27697,780782,336640
#27697,735452,336640
#27697,736115,336640
#27697,736639,336640
27697,745200,336640,35597.6
#29081,686844,336640
#29081,686207,336640
#29081,685234,336640
#29081,686206,336640
#29081,686081,336640
29081,686114,336640,1029.76
#30535,719860,336640
#30535,717732,336640
#30535,716767,336640
#30535,720327,336640
#30535,717013,336640
30535,718340,336640,2948.02
#32061,735478,336640
#32061,777727,336640
#32061,734504,336640
#32061,733674,336640
#32061,733121,336640
32061,742901,336640,34862.6
#33664,932376,490752
#33664,930523,490752
#33664,931177,490752
#33664,931212,490752
#33664,928861,490752
33664,930830,490752,2302.63
#35347,1084562,490752
#35347,1080631,490752
#35347,1079683,490752
#35347,1081026,490752
#35347,1080749,490752
35347,1.08133e+06,490752,3355.83
#37114,1070593,490752
#37114,1011480,490752
#37114,965953,490752
#37114,965519,490752
#37114,1000815,490752
37114,1.00287e+06,490752,77059.6
#38969,1031122,490752
#38969,975683,490752
#38969,977461,490752
#38969,975343,490752
#38969,975057,490752
38969,986933,490752,44220.5
#40917,1139835,490752
#40917,1138187,490752
#40917,1139346,490752
#40917,1142197,490752
#40917,1140934,490752
40917,1.1401e+06,490752,2740.99
#42962,1130718,490752
#42962,1025908,490752
#42962,1024984,490752
#42962,1027025,490752
#42962,1025993,490752
42962,1.04693e+06,490752,83802.4
#45110,1066298,490752
#45110,1064382,490752
#45110,1061277,490752
#45110,1063294,490752
#45110,1063747,490752
45110,1.0638e+06,490752,3250
#47365,1358924,715520
#47365,1357162,715520
#47365,1357139,715520
#47365,1359595,715520
#47365,1356175,715520
47365,1.3578e+06,715520,2525.07
#49733,1656693,715520
#49733,1631786,715520
#49733,1634770,715520
#49733,1630711,715520
#49733,1630593,715520
49733,1.63691e+06,715520,20010.7
#52219,1615701,715520
#52219,1612246,715520
#52219,1614951,715520
#52219,1616661,715520
#52219,1615834,715520
52219,1.61508e+06,715520,3033.4
#54829,1490406,715520
#54829,1474126,715520
#54829,1433923,715520
#54829,1435613,715520
#54829,1541943,715520
54829,1.4752e+06,715520,79789.3
#57570,1468117,715520
#57570,1463517,715520
#57570,1511028,715520
#57570,1462931,715520
#57570,1463319,715520
57570,1.47378e+06,715520,37437.4
#60448,1793642,715520
#60448,1502122,715520
#60448,1501836,715520
#60448,1505015,715520
#60448,1502649,715520
60448,1.56105e+06,715520,232600
#63470,1768594,715520
#63470,1552824,715520
#63470,1550867,715520
#63470,1554452,715520
#63470,1551795,715520
63470,1.59571e+06,715520,172904
#66643,1592651,715520
#66643,1591063,715520
#66643,1591460,715520
#66643,1591113,715520
#66643,1589708,715520
66643,1.5912e+06,715520,1881.57
#69975,2033786,1043328
#69975,2031481,1043328
#69975,2028665,1043328
#69975,2037485,1043328
#69975,2029975,1043328
69975,2.03228e+06,1043328,6221.23
#73473,2076003,1043328
#73473,2070976,1043328
#73473,2072793,1043328
#73473,2073705,1043328
#73473,2076164,1043328
73473,2.07393e+06,1043328,3935.23
#77146,2245070,1043328
#77146,2109529,1043328
#77146,2106681,1043328
#77146,2107562,1043328
#77146,2105666,1043328
77146,2.1349e+06,1043328,110198
#81003,2376215,1043328
#81003,2132131,1043328
#81003,2128583,1043328
#81003,2173602,1043328
#81003,2129699,1043328
81003,2.18805e+06,1043328,191171
#85053,2182876,1043328
#85053,2176811,1043328
#85053,2179913,1043328
#85053,2177942,1043328
#85053,2178048,1043328
85053,2.17912e+06,1043328,4252.5
#89305,2284694,1043328
#89305,2243744,1043328
#89305,2242653,1043328
#89305,2245907,1043328
#89305,2243220,1043328
89305,2.25204e+06,1043328,32724.7
#93770,2460470,1043328
#93770,2318221,1043328
#93770,2322873,1043328
#93770,2319930,1043328
#93770,2323151,1043328
93770,2.34893e+06,1043328,111602
#98458,2659752,1043328
#98458,2410126,1043328
#98458,2411393,1043328
#98458,2407410,1043328
#98458,2407610,1043328
98458,2.45926e+06,1043328,200517
#103380,2998520,1521408
#103380,2993846,1521408
#103380,2993899,1521408
#103380,2995630,1521408
#103380,3031901,1521408
103380,3.00276e+06,1521408,29339.2
#108549,3559693,1521408
#108549,3202878,1521408
#108549,3081023,1521408
#108549,3080993,1521408
#108549,3081610,1521408
108549,3.20124e+06,1521408,370636
#113976,3523713,1521408
#113976,3119476,1521408
#113976,3114815,1521408
#113976,3117285,1521408
#113976,3114122,1521408
113976,3.19788e+06,1521408,325853
#119674,3260195,1521408
#119674,3207055,1521408
#119674,3200656,1521408
#119674,3196275,1521408
#119674,3268299,1521408
119674,3.2265e+06,1521408,62238.8
#125657,3678843,1521408
#125657,3261260,1521408
#125657,3257443,1521408
#125657,3255865,1521408
#125657,3259916,1521408
125657,3.34267e+06,1521408,336199
#131939,3379445,1521408
#131939,3334228,1521408
#131939,3457876,1521408
#131939,3956541,1521408
#131939,3381362,1521408
131939,3.50189e+06,1521408,461541
#138535,3485875,1521408
#138535,3490787,1521408
#138535,3442017,1521408
#138535,3468750,1521408
#138535,3437305,1521408
138535,3.46495e+06,1521408,43909.1
#145461,3600786,1521408
#145461,3561746,1521408
#145461,3558894,1521408
#145461,3554529,1521408
#145461,3558032,1521408
145461,3.5668e+06,1521408,34299.3
#152734,4523431,2218496
#152734,4489487,2218496
#152734,4478345,2218496
#152734,4478373,2218496
#152734,4485965,2218496
152734,4.49112e+06,2218496,33453.6
#160370,5282740,2218496
#160370,5249195,2218496
#160370,5238613,2218496
#160370,5274797,2218496
#160370,5241008,2218496
160370,5.25727e+06,2218496,36151.4
#168388,5224511,2218496
#168388,4678866,2218496
#168388,4666373,2218496
#168388,4757980,2218496
#168388,4674467,2218496
168388,4.80044e+06,2218496,429197
#176807,5113731,2218496
#176807,4774839,2218496
#176807,4767122,2218496
#176807,4809731,2218496
#176807,4769331,2218496
176807,4.84695e+06,2218496,268558
#185647,5574531,2218496
#185647,5590605,2218496
#185647,5552933,2218496
#185647,5562313,2218496
#185647,5542521,2218496
185647,5.56458e+06,2218496,33510.8
#194929,5560595,2218496
#194929,4981344,2218496
#194929,4965821,2218496
#194929,4966923,2218496
#194929,4960553,2218496
194929,5.08705e+06,2218496,473749
#204675,5365539,2218496
#204675,5186077,2218496
#204675,5174069,2218496
#204675,5166534,2218496
#204675,5164210,2218496
204675,5.21129e+06,2218496,155006
#214908,6822088,3235200
#214908,6697486,3235200
#214908,6689911,3235200
#214908,6665086,3235200
#214908,6694135,3235200
214908,6.71374e+06,3235200,110717
#225653,8188829,3235200
#225653,8020664,3235200
#225653,8000610,3235200
#225653,7999594,3235200
#225653,7991716,3235200
225653,8.04028e+06,3235200,149771
#236935,7415562,3235200
#236935,7045614,3235200
#236935,7056648,3235200
#236935,7023449,3235200
#236935,7084101,3235200
236935,7.12507e+06,3235200,293102
#248781,7394938,3235200
#248781,6938940,3235200
#248781,6936143,3235200
#248781,6914897,3235200
#248781,6904450,3235200
248781,7.01787e+06,3235200,377949
#261220,7611979,3235200
#261220,7329856,3235200
#261220,7338249,3235200
#261220,7281743,3235200
#261220,7281594,3235200
261220,7.36868e+06,3235200,247822
#274281,8665912,3235200
#274281,7524578,3235200
#274281,7501972,3235200
#274281,7470222,3235200
#274281,7482056,3235200
274281,7.72895e+06,3235200,937691
#287995,8827984,3235200
#287995,7791992,3235200
#287995,7747558,3235200
#287995,7735259,3235200
#287995,7731380,3235200
287995,7.96683e+06,3235200,862228
#302394,8031423,3235200
#302394,7725346,3235200
#302394,7709314,3235200
#302394,7704021,3235200
#302394,7763802,3235200
302394,7.78678e+06,3235200,248197
#317513,10434265,4717824
#317513,10093452,4717824
#317513,10060452,4717824
#317513,10060270,4717824
#317513,10070460,4717824
317513,1.01438e+07,4717824,291490
#333388,10797554,4717824
#333388,10329232,4717824
#333388,10413330,4717824
#333388,10407017,4717824
#333388,10304294,4717824
333388,1.04503e+07,4717824,357548
#350057,11239656,4717824
#350057,10455343,4717824
#350057,10401838,4717824
#350057,10389978,4717824
#350057,10364087,4717824
350057,1.05702e+07,4717824,672114
#367559,11957291,4717824
#367559,10786540,4717824
#367559,10852699,4717824
#367559,10788427,4717824
#367559,10755047,4717824
367559,1.1028e+07,4717824,931456
#385936,11385409,4717824
#385936,11020108,4717824
#385936,10975351,4717824
#385936,10979176,4717824
#385936,10977922,4717824
385936,1.10676e+07,4717824,319536
#405232,11767764,4717824
#405232,11242078,4717824
#405232,11283473,4717824
#405232,11253424,4717824
#405232,11239530,4717824
405232,1.13573e+07,4717824,411696
#425493,12467535,4717824
#425493,11584292,4717824
#425493,11500829,4717824
#425493,11634276,4717824
#425493,11523795,4717824
425493,1.17421e+07,4717824,731384
#446767,13138519,4717824
#446767,11989630,4717824
#446767,11963670,4717824
#446767,11954265,4717824
#446767,11977636,4717824
446767,1.22047e+07,4717824,934085
#469105,16246891,6880000
#469105,16421125,6880000
#469105,16143627,6880000
#469105,16100685,6880000
#469105,16043871,6880000
469105,1.61912e+07,6880000,265524
#492560,17885390,6880000
#492560,16417683,6880000
#492560,16286928,6880000
#492560,18064164,6880000
#492560,16468740,6880000
492560,1.70246e+07,6880000,1.56029e+06
#517188,18193173,6880000
#517188,17158614,6880000
#517188,17109267,6880000
#517188,17008120,6880000
#517188,17017432,6880000
517188,1.72973e+07,6880000,902942
#543047,18286369,6880000
#543047,17756276,6880000
#543047,17709215,6880000
#543047,18042586,6880000
#543047,17666661,6880000
543047,1.78922e+07,6880000,473972
#570199,19225827,6880000
#570199,17853719,6880000
#570199,17887375,6880000
#570199,17883580,6880000
#570199,17798601,6880000
570199,1.81298e+07,6880000,1.09785e+06
#598708,18646400,6880000
#598708,18520382,6880000
#598708,18345546,6880000
#598708,20979954,6880000
#598708,18297686,6880000
598708,1.8958e+07,6880000,2.03726e+06
#628643,19128445,6880000
#628643,18979610,6880000
#628643,18905988,6880000
#628643,18941882,6880000
#628643,18886091,6880000
628643,1.89684e+07,6880000,172310
#660075,24727896,10033152
#660075,24269869,10033152
#660075,24293364,10033152
#660075,24258026,10033152
#660075,24486642,10033152
660075,2.44072e+07,10033152,361362
#693078,28123175,10033152
#693078,26781006,10033152
#693078,28039594,10033152
#693078,28301190,10033152
#693078,28192607,10033152
693078,2.78875e+07,10033152,1.11973e+06
#727731,28317338,10033152
#727731,26878084,10033152
#727731,26847512,10033152
#727731,26985815,10033152
#727731,26813635,10033152
727731,2.71685e+07,10033152,1.15465e+06
#764117,29215727,10033152
#764117,27935002,10033152
#764117,28015848,10033152
#764117,27961592,10033152
#764117,27970098,10033152
764117,2.82197e+07,10033152,997436
#802322,29317513,10033152
#802322,29394439,10033152
#802322,29430079,10033152
#802322,32090168,10033152
#802322,29331530,10033152
802322,2.99127e+07,10033152,2.17897e+06
#842438,32754157,10033152
#842438,32798545,10033152
#842438,32765211,10033152
#842438,32906393,10033152
#842438,32989686,10033152
842438,3.28428e+07,10033152,182111
#884559,33467560,10033152
#884559,31917907,10033152
#884559,32164966,10033152
#884559,32020972,10033152
#884559,32578397,10033152
884559,3.243e+07,10033152,1.13078e+06
#928786,33608265,10033152
#928786,33647878,10033152
#928786,33657248,10033152
#928786,33644345,10033152
#928786,33667330,10033152
928786,3.3645e+07,10033152,40068.1
#975225,42602999,14631552
#975225,42540306,14631552
#975225,42400640,14631552
#975225,43965961,14631552
#975225,43093261,14631552
975225,4.29206e+07,14631552,1.14488e+06
#1023986,48795831,14631552
#1023986,44994165,14631552
#1023986,44981692,14631552
#1023986,45032031,14631552
#1023986,45259929,14631552
1023986,4.58127e+07,14631552,2.98994e+06
#1075185,74675641,14631552
#1075185,48582089,14631552
#1075185,59413511,14631552
#1075185,62667321,14631552
#1075185,61456459,14631552
1075185,6.1359e+07,14631552,1.66394e+07
#1128944,64682429,14631552
#1128944,59965964,14631552
#1128944,62210876,14631552
#1128944,62038939,14631552
#1128944,61362921,14631552
1128944,6.20522e+07,14631552,3.06867e+06
#1185391,53842729,14631552
#1185391,53431288,14631552
#1185391,53928278,14631552
#1185391,53286628,14631552
#1185391,53000111,14631552
1185391,5.34978e+07,14631552,693397
#1244660,59769467,14631552
#1244660,57218461,14631552
#1244660,55843208,14631552
#1244660,55844034,14631552
#1244660,55709819,14631552
1244660,5.6877e+07,14631552,3.09594e+06
#1306893,62575864,14631552
#1306893,60452975,14631552
#1306893,65014326,14631552
#1306893,61596076,14631552
#1306893,59636408,14631552
1306893,6.18551e+07,14631552,3.73693e+06
#1372237,63927285,14631552
#1372237,62669169,14631552
#1372237,63411437,14631552
#1372237,63820737,14631552
#1372237,63325600,14631552
1372237,6.34308e+07,14631552,889976
#1440848,77118018,21337472
#1440848,77079068,21337472
#1440848,77920267,21337472
#1440848,76936601,21337472
#1440848,76976795,21337472
1440848,7.72061e+07,21337472,726163
#1512890,81866865,21337472
#1512890,81500867,21337472
#1512890,81503128,21337472
#1512890,82063583,21337472
#1512890,81583876,21337472
1512890,8.17037e+07,21337472,448880
#1588534,90422448,21337472
#1588534,88104817,21337472
#1588534,86524874,21337472
#1588534,86740258,21337472
#1588534,86856718,21337472
1588534,8.77298e+07,21337472,2.90989e+06
#1667960,95402860,21337472
#1667960,91491267,21337472
#1667960,91498833,21337472
#1667960,91259079,21337472
#1667960,93529921,21337472
1667960,9.26364e+07,21337472,3.2192e+06
#1751358,97016775,21337472
#1751358,96638918,21337472
#1751358,101882562,21337472
#1751358,98654202,21337472
#1751358,96944469,21337472
1751358,9.82274e+07,21337472,3.91685e+06
#1838925,102285627,21337472
#1838925,102348763,21337472
#1838925,104562951,21337472
#1838925,102205270,21337472
#1838925,102292692,21337472
1838925,1.02739e+08,21337472,1.82618e+06
#1930871,110952079,21337472
#1930871,109511589,21337472
#1930871,110012320,21337472
#1930871,109483405,21337472
#1930871,109923734,21337472
1930871,1.09977e+08,21337472,1.06399e+06
#2027414,120754610,21337472
#2027414,117075952,21337472
#2027414,116582466,21337472
#2027414,116969935,21337472
#2027414,116970150,21337472
2027414,1.17671e+08,21337472,3.1023e+06
#2128784,142469771,31116928
#2128784,139738293,31116928
#2128784,138390841,31116928
#2128784,138763701,31116928
#2128784,138502533,31116928
2128784,1.39573e+08,31116928,3.04854e+06
#2235223,153693532,31116928
#2235223,147233392,31116928
#2235223,147068090,31116928
#2235223,147292269,31116928
#2235223,147245918,31116928
2235223,1.48507e+08,31116928,5.18911e+06
#2346984,155253272,31116928
#2346984,155326060,31116928
#2346984,155317044,31116928
#2346984,154930702,31116928
#2346984,155522434,31116928
2346984,1.5527e+08,31116928,384168
#2464333,162728905,31116928
#2464333,163107244,31116928
#2464333,164848032,31116928
#2464333,164484064,31116928
#2464333,163527832,31116928
2464333,1.63739e+08,31116928,1.61222e+06
#2587549,179904114,31116928
#2587549,174235965,31116928
#2587549,177563721,31116928
#2587549,177027424,31116928
#2587549,174151838,31116928
2587549,1.76577e+08,31116928,4.34585e+06
#2716926,182895447,31116928
#2716926,183139646,31116928
#2716926,182818729,31116928
#2716926,183478686,31116928
#2716926,183305937,31116928
2716926,1.83128e+08,31116928,493564
#2852772,195004188,31116928
#2852772,193890839,31116928
#2852772,193971608,31116928
#2852772,193778536,31116928
#2852772,193775064,31116928
2852772,1.94084e+08,31116928,931854
#2995410,234154739,45378688
#2995410,234018369,45378688
#2995410,235887998,45378688
#2995410,235020864,45378688
#2995410,233540494,45378688
2995410,2.34524e+08,45378688,1.66533e+06
#3145180,249282715,45378688
#3145180,250079499,45378688
#3145180,247480184,45378688
#3145180,249269534,45378688
#3145180,246760514,45378688
3145180,2.48574e+08,45378688,2.48801e+06
#3302439,259640274,45378688
#3302439,258984555,45378688
#3302439,259408197,45378688
#3302439,259764522,45378688
#3302439,259488091,45378688
3302439,2.59457e+08,45378688,532700
#3467560,270557873,45378688
#3467560,267006675,45378688
#3467560,266778667,45378688
#3467560,267113602,45378688
#3467560,268209805,45378688
3467560,2.67933e+08,45378688,2.80408e+06
#3640938,289362860,45378688
#3640938,288042053,45378688
#3640938,288340295,45378688
#3640938,289109493,45378688
#3640938,288016314,45378688
3640938,2.88574e+08,45378688,1.1163e+06
#3822984,308545073,45378688
#3822984,306968247,45378688
#3822984,306306822,45378688
#3822984,306859911,45378688
#3822984,307627186,45378688
3822984,3.07261e+08,45378688,1.53361e+06
#4014133,325198037,45378688
#4014133,321855535,45378688
#4014133,321157360,45378688
#4014133,323684372,45378688
#4014133,323458827,45378688
4014133,3.23071e+08,45378688,2.85521e+06
#4214839,343621916,45378688
#4214839,341865700,45378688
#4214839,341447697,45378688
#4214839,340507714,45378688
#4214839,340498282,45378688
4214839,3.41588e+08,45378688,2.29576e+06
#4425580,406446185,66177152
#4425580,404396910,66177152
#4425580,404475168,66177152
#4425580,404987651,66177152
#4425580,406153502,66177152
4425580,4.05292e+08,66177152,1.70537e+06
#4646859,427851909,66177152
#4646859,423149807,66177152
#4646859,426574028,66177152
#4646859,423873938,66177152
#4646859,423542354,66177152
4646859,4.24998e+08,66177152,3.73383e+06
#4879201,448742666,66177152
#4879201,444870034,66177152
#4879201,444994783,66177152
#4879201,445955014,66177152
#4879201,448329965,66177152
4879201,4.46578e+08,66177152,3.29448e+06
#5123161,474330256,66177152
#5123161,470767020,66177152
#5123161,470574551,66177152
#5123161,470989131,66177152
#5123161,470522966,66177152
5123161,4.71437e+08,66177152,2.912e+06
#5379319,499156569,66177152
#5379319,494233246,66177152
#5379319,493797928,66177152
#5379319,496937636,66177152
#5379319,494794400,66177152
5379319,4.95784e+08,66177152,4.00337e+06
#5648284,521122159,66177152
#5648284,516877141,66177152
#5648284,517842228,66177152
#5648284,518176033,66177152
#5648284,518492562,66177152
5648284,5.18502e+08,66177152,2.83507e+06
#5930698,551789453,66177152
#5930698,546518581,66177152
#5930698,546023049,66177152
#5930698,546248066,66177152
#5930698,545534464,66177152
5930698,5.47223e+08,66177152,4.61218e+06
#6227232,570800228,66177152
#6227232,566391987,66177152
#6227232,565523602,66177152
#6227232,570410432,66177152
#6227232,567334196,66177152
6227232,5.68092e+08,66177152,4.26808e+06
#6538593,672096627,96508160
#6538593,667445116,96508160
#6538593,666291812,96508160
#6538593,666491078,96508160
#6538593,667359858,96508160
6538593,6.67937e+08,96508160,4.2591e+06
#6865522,701699847,96508160
#6865522,699548265,96508160
#6865522,698704443,96508160
#6865522,698382620,96508160
#6865522,698451494,96508160
6865522,6.99357e+08,96508160,2.48527e+06
#7208798,736632614,96508160
#7208798,733130947,96508160
#7208798,733924491,96508160
#7208798,733054944,96508160
#7208798,733490809,96508160
7208798,7.34047e+08,96508160,2.65828e+06
#7569237,769564789,96508160
#7569237,771063192,96508160
#7569237,771225142,96508160
#7569237,768681457,96508160
#7569237,770241655,96508160
7569237,7.70155e+08,96508160,1.89678e+06
#7947698,817695407,96508160
#7947698,821540849,96508160
#7947698,895601584,96508160
#7947698,887032644,96508160
#7947698,861689393,96508160
7947698,8.56712e+08,96508160,6.45961e+07
#8345082,883357028,96508160
#8345082,990827640,96508160
#8345082,990517064,96508160
#8345082,992994832,96508160
#8345082,927350389,96508160
8345082,9.57009e+08,96508160,8.88402e+07
#8762336,919023407,96508160
#8762336,901607461,96508160
#8762336,891134500,96508160
#8762336,893079626,96508160
#8762336,892936300,96508160
8762336,8.99556e+08,96508160,2.07822e+07
#9200452,946941107,96508160
#9200452,944315914,96508160
#9200452,939865471,96508160
#9200452,942651605,96508160
#9200452,940150263,96508160
9200452,9.42785e+08,96508160,5.29907e+06
#9660474,1078828943,140740864
#9660474,1077396694,140740864
#9660474,1075757985,140740864
#9660474,1080583154,140740864
#9660474,1078708077,140740864
9660474,1.07825e+09,140740864,3.21581e+06
