#1,597,256
#1,257,256
#1,91,256
#1,65,256
#1,67,256
1,215.4,256,407.399
#2,234,256
#2,134,256
#2,96,256
#2,85,256
#2,1970,256
2,503.8,256,1469.96
#3,119,256
#3,115,256
#3,127,256
#3,93,256
#3,95,256
3,109.8,256,26.9637
#4,114,256
#4,108,256
#4,100,256
#4,100,256
#4,159,256
4,116.2,256,44.0799
#5,159,256
#5,117,256
#5,107,256
#5,107,256
#5,111,256
5,120.2,256,39.4847
#6,138,256
#6,116,256
#6,115,256
#6,114,256
#6,113,256
6,119.2,256,18.9061
#7,1027,256
#7,142,256
#7,124,256
#7,126,256
#7,126,256
7,309,256,718.118
#8,164,256
#8,150,256
#8,133,256
#8,135,256
#8,131,256
8,142.6,256,25.2539
#9,178,256
#9,904,256
#9,153,256
#9,138,256
#9,137,256
9,302,256,602.728
#10,172,256
#10,152,256
#10,146,256
#10,148,256
#10,142,256
10,152,256,21.0143
#11,178,256
#11,5913,256
#11,178,256
#11,165,256
#11,162,256
11,1319.2,256,4593.82
#12,408,384
#12,372,384
#12,311,384
#12,278,384
#12,270,384
12,327.8,384,107.662
#13,290,384
#13,281,384
#13,1109,384
#13,315,384
#13,271,384
13,453.2,384,656.449
#14,313,384
#14,286,384
#14,286,384
#14,285,384
#14,283,384
14,290.6,384,22.5069
#15,1068,384
#15,341,384
#15,323,384
#15,284,384
#15,283,384
15,459.8,384,609.852
#16,324,384
#16,295,384
#16,282,384
#16,1088,384
#16,296,384
16,457,384,631.595
#17,340,384
#17,295,384
#17,314,384
#17,296,384
#17,303,384
17,309.6,384,33.289
#18,321,384
#18,1045,384
#18,318,384
#18,310,384
#18,298,384
18,458.4,384,586.816
#19,344,384
#19,303,384
#19,304,384
#19,305,384
#19,2324,384
19,716,384,1608.3
#20,525,384
#20,552,384
#20,468,384
#20,377,384
#20,330,384
20,450.4,384,169.897
#21,381,384
#21,342,384
#21,332,384
#21,325,384
#21,338,384
21,343.6,384,39.1224
#22,373,384
#22,360,384
#22,384,384
#22,354,384
#22,338,384
22,361.8,384,31.6076
#23,673,640
#23,612,640
#23,558,640
#23,560,640
#23,558,640
23,592.2,640,90.7603
#24,662,640
#24,711,640
#24,607,640
#24,625,640
#24,566,640
24,634.2,640,98.5771
#25,585,640
#25,550,640
#25,575,640
#25,565,640
#25,536,640
25,562.2,640,34.9491
#26,566,640
#26,554,640
#26,534,640
#26,535,640
#26,514,640
26,540.6,640,35.8575
#27,578,640
#27,554,640
#27,1911,640
#27,750,640
#27,659,640
27,890.4,640,1029.81
#28,662,640
#28,666,640
#28,599,640
#28,602,640
#28,605,640
28,626.8,640,60.9183
#29,608,640
#29,613,640
#29,766,640
#29,617,640
#29,564,640
29,633.6,640,137.78
#30,682,640
#30,631,640
#30,580,640
#30,562,640
#30,560,640
30,603,640,94.1658
#31,609,640
#31,582,640
#31,567,640
#31,1517,640
#31,762,640
31,807.4,640,723.079
#32,737,640
#32,741,640
#32,686,640
#32,627,640
#32,607,640
32,679.6,640,110.066
#33,701,640
#33,658,640
#33,626,640
#33,749,640
#33,601,640
33,667,640,105.822
#34,1643,896
#34,1319,896
#34,1201,896
#34,1115,896
#34,1052,896
34,1266,896,417.382
#35,1118,896
#35,1090,896
#35,1049,896
#35,1093,896
#35,1001,896
35,1070.2,896,82.1452
#36,1136,896
#36,1045,896
#36,1021,896
#36,1003,896
#36,1020,896
36,1045,896,94.8515
#37,1110,896
#37,1110,896
#37,1032,896
#37,1046,896
#37,1073,896
37,1074.2,896,64.1299
#38,1143,896
#38,1025,896
#38,1019,896
#38,1017,896
#38,1023,896
38,1045.4,896,97.7638
#39,1125,896
#39,1050,896
#39,1018,896
#39,1011,896
#39,1013,896
39,1043.4,896,86.3537
#40,1156,896
#40,1033,896
#40,1013,896
#40,982,896
#40,997,896
40,1036.2,896,124.498
#42,1131,896
#42,1064,896
#42,1062,896
#42,1043,896
#42,1016,896
42,1063.2,896,76.0779
#44,1263,896
#44,1136,896
#44,1060,896
#44,1061,896
#44,1030,896
44,1110,896,168.252
#46,1736,1152
#46,1697,1152
#46,1534,1152
#46,1468,1152
#46,1429,1152
46,1572.8,1152,245.319
#48,1851,1152
#48,1550,1152
#48,1472,1152
#48,1469,1152
#48,1452,1152
48,1558.8,1152,299.95
#50,1705,1152
#50,1521,1152
#50,1473,1152
#50,1463,1152
#50,1455,1152
50,1523.4,1152,187.299
#52,1629,1152
#52,1518,1152
#52,1473,1152
#52,1456,1152
#52,1437,1152
52,1502.6,1152,137.303
#54,1734,1152
#54,1627,1152
#54,1477,1152
#54,1473,1152
#54,1459,1152
54,1554,1152,217.704
#56,1714,1152
#56,1515,1152
#56,1473,1152
#56,1474,1152
#56,1448,1152
56,1524.8,1152,194.02
#58,2317,1408
#58,2284,1408
#58,2051,1408
#58,2007,1408
#58,1991,1408
58,2130,1408,281.959
#60,2391,1408
#60,2303,1408
#60,2118,1408
#60,2054,1408
#60,2013,1408
60,2175.8,1408,292.808
#63,2547,1408
#63,2487,1408
#63,2327,1408
#63,28217,1408
#63,2463,1408
63,7608.2,1408,20609.3
#66,2789,1408
#66,2749,1408
#66,2554,1408
#66,2419,1408
#66,2409,1408
66,2584,1408,320
#69,2786,1408
#69,2694,1408
#69,2401,1408
#69,2249,1408
#69,2225,1408
69,2471,1408,459.264
#72,2508,1408
#72,2407,1408
#72,2105,1408
#72,2113,1408
#72,2124,1408
72,2251.4,1408,342.781
#75,2623,1408
#75,2371,1408
#75,2157,1408
#75,2051,1408
#75,2001,1408
75,2240.6,1408,459.199
#78,2537,1408
#78,2285,1408
#78,2262,1408
#78,2115,1408
#78,2090,1408
78,2257.8,1408,319.072
#81,3199,1664
#81,3131,1664
#81,2904,1664
#81,2728,1664
#81,2705,1664
81,2933.4,1664,404.781
#85,3186,1664
#85,2908,1664
#85,2685,1664
#85,2695,1664
#85,2627,1664
85,2820.2,1664,412.6
#89,3084,1664
#89,2987,1664
#89,2796,1664
#89,2753,1664
#89,2721,1664
89,2868.2,1664,284.021
#93,2932,1664
#93,2836,1664
#93,2723,1664
#93,2709,1664
#93,2697,1664
93,2779.4,1664,182.027
#97,3595,1664
#97,3169,1664
#97,2985,1664
#97,2927,1664
#97,2883,1664
97,3111.8,1664,521.024
#101,3810,1920
#101,3965,1920
#101,3732,1920
#101,3660,1920
#101,3602,1920
101,3753.8,1920,253.11
#106,4269,1920
#106,4138,1920
#106,3977,1920
#106,3786,1920
#106,3758,1920
106,3985.6,1920,395.229
#111,5135,1920
#111,3912,1920
#111,3757,1920
#111,3685,1920
#111,3685,1920
111,4034.8,1920,1112.62
#116,4120,1920
#116,3915,1920
#116,3905,1920
#116,3693,1920
#116,3657,1920
116,3858,1920,336.723
#121,4002,1920
#121,3950,1920
#121,3862,1920
#121,3750,1920
#121,3743,1920
121,3861.4,1920,207.937
#127,5444,2304
#127,5067,2304
#127,4792,2304
#127,4757,2304
#127,4692,2304
127,4950.4,2304,556.058
#133,5491,2304
#133,5322,2304
#133,4887,2304
#133,4700,2304
#133,4570,2304
133,4994,2304,711.198
#139,5701,2304
#139,5133,2304
#139,4811,2304
#139,4737,2304
#139,4799,2304
139,5036.2,2304,719.905
#145,5324,2304
#145,5065,2304
#145,4812,2304
#145,4732,2304
#145,4702,2304
145,4927,2304,472.041
#152,5389,2304
#152,5021,2304
#152,4774,2304
#152,4879,2304
#152,5509,2304
152,5114.4,2304,573.497
#159,6413,2688
#159,6106,2688
#159,5823,2688
#159,5786,2688
#159,5720,2688
159,5969.6,2688,515.914
#166,6720,2688
#166,6314,2688
#166,6028,2688
#166,5888,2688
#166,5856,2688
166,6161.2,2688,645.683
#174,6551,2688
#174,6211,2688
#174,6017,2688
#174,5984,2688
#174,5902,2688
174,6133,2688,464.608
#182,6806,2688
#182,6371,2688
#182,6138,2688
#182,6049,2688
#182,6086,2688
182,6290,2688,562.578
#191,8244,3200
#191,7930,3200
#191,7577,3200
#191,7598,3200
#191,7532,3200
191,7776.2,3200,546.671
#200,9102,3200
#200,8153,3200
#200,7637,3200
#200,7583,3200
#200,7478,3200
200,7990.6,3200,1205.16
#210,8306,3200
#210,8110,3200
#210,7719,3200
#210,7634,3200
#210,7547,3200
210,7863.2,3200,586.713
#220,8598,3200
#220,8392,3200
#220,7897,3200
#220,7750,3200
#220,7661,3200
220,8059.6,3200,738.397
#231,9610,3200
#231,8795,3200
#231,7923,3200
#231,7836,3200
#231,7721,3200
231,8377,3200,1448.9
#242,10151,3840
#242,9709,3840
#242,9466,3840
#242,9573,3840
#242,9439,3840
242,9667.6,3840,519.414
#254,10554,3840
#254,10205,3840
#254,9728,3840
#254,9697,3840
#254,9590,3840
254,9954.8,3840,733.55
#266,10124,3840
#266,9898,3840
#266,9584,3840
#266,9461,3840
#266,9371,3840
266,9687.6,3840,563.581
#279,12055,3840
#279,11568,3840
#279,10961,3840
#279,10892,3840
#279,10712,3840
279,11237.6,3840,999.804
#292,13799,4608
#292,13752,4608
#292,14068,4608
#292,16821,4608
#292,46477,4608
292,20983.4,4608,25596.6
#306,38474,4608
#306,13510,4608
#306,13050,4608
#306,28123,4608
#306,35447,4608
306,25720.8,4608,21404
#321,15181,4608
#321,14453,4608
#321,13827,4608
#321,13572,4608
#321,13440,4608
321,14094.6,4608,1290.56
#337,14545,4608
#337,14031,4608
#337,13434,4608
#337,13363,4608
#337,13179,4608
337,13710.4,4608,1011.46
#353,14592,4608
#353,14544,4608
#353,15047,4608
#353,17308,4608
#353,17527,4608
353,15803.6,4608,2662.38
#370,21233,5504
#370,22770,5504
#370,21987,5504
#370,21063,5504
#370,20175,5504
370,21445.6,5504,1755.71
#388,22750,5504
#388,20418,5504
#388,21124,5504
#388,21442,5504
#388,21584,5504
388,21463.6,5504,1517.47
#407,17719,5504
#407,17671,5504
#407,16922,5504
#407,16730,5504
#407,16792,5504
407,17166.8,5504,871.935
#427,17976,5504
#427,17590,5504
#427,16987,5504
#427,16648,5504
#427,16465,5504
427,17133.2,5504,1139.21
#448,20323,6528
#448,19523,6528
#448,18598,6528
#448,18328,6528
#448,18375,6528
448,19029.4,6528,1555.21
#470,20235,6528
#470,19675,6528
#470,19517,6528
#470,18226,6528
#470,18419,6528
470,19214.4,6528,1537.51
#493,20252,6528
#493,19941,6528
#493,20091,6528
#493,19018,6528
#493,18908,6528
493,19642,6528,1128.27
#517,20786,6528
#517,20513,6528
#517,19836,6528
#517,19623,6528
#517,19429,6528
517,20037.4,6528,1046.53
#542,24139,7808
#542,23649,7808
#542,22546,7808
#542,22397,7808
#542,22135,7808
542,22973.2,7808,1557.66
#569,24339,7808
#569,23989,7808
#569,23567,7808
#569,22936,7808
#569,22473,7808
569,23460.8,7808,1360.2
#597,24106,7808
#597,23884,7808
#597,23431,7808
#597,22441,7808
#597,22444,7808
597,23261.2,7808,1405.97
#626,25154,7808
#626,24876,7808
#626,23659,7808
#626,23739,7808
#626,24363,7808
626,24358.2,7808,1191.21
#657,28984,9344
#657,28180,9344
#657,28748,9344
#657,27570,9344
#657,26727,9344
657,28041.8,9344,1638.74
#689,63561,9344
#689,31580,9344
#689,27592,9344
#689,27757,9344
#689,26784,9344
689,35454.8,9344,28301.7
#723,29628,9344
#723,28767,9344
#723,27777,9344
#723,27434,9344
#723,27321,9344
723,28185.4,9344,1765.88
#759,29837,9344
#759,29066,9344
#759,28411,9344
#759,27812,9344
#759,47777,9344
759,32580.6,9344,15256.1
#796,52802,11136
#796,35584,11136
#796,34040,11136
#796,33177,11136
#796,32859,11136
796,37692.4,11136,15227.2
#835,35531,11136
#835,34676,11136
#835,33790,11136
#835,33195,11136
#835,34047,11136
835,34247.8,11136,1597.06
#876,35457,11136
#876,34753,11136
#876,34080,11136
#876,33816,11136
#876,35013,11136
876,34623.8,11136,1203.55
#919,59730,11136
#919,40694,11136
#919,35961,11136
#919,34838,11136
#919,34101,11136
919,41064.8,11136,19221.7
#964,51574,13312
#964,71188,13312
#964,48361,13312
#964,82844,13312
#964,83177,13312
964,67428.8,13312,29862.6
#1012,68793,13312
#1012,63322,13312
#1012,68640,13312
#1012,57628,13312
#1012,90987,13312
1012,69874,13312,22651.2
#1062,48359,13312
#1062,55858,13312
#1062,59220,13312
#1062,45488,13312
#1062,58391,13312
1062,53463.2,13312,11056.8
#1115,44564,13312
#1115,43440,13312
#1115,42420,13312
#1115,41418,13312
#1115,40822,13312
1115,42532.8,13312,2702.76
#1170,51313,16000
#1170,51480,16000
#1170,50383,16000
#1170,51061,16000
#1170,49785,16000
1170,50804.4,16000,1264.19
#1228,51736,16000
#1228,52044,16000
#1228,49941,16000
#1228,51423,16000
#1228,51053,16000
1228,51239.4,16000,1455.55
#1289,51249,16000
#1289,52160,16000
#1289,90375,16000
#1289,71103,16000
#1289,49127,16000
1289,62802.8,16000,31785.6
#1353,53421,16000
#1353,53159,16000
#1353,52592,16000
#1353,52117,16000
#1353,50262,16000
1353,52310.2,16000,2238.96
#1420,62506,19200
#1420,61301,19200
#1420,61279,19200
#1420,59992,19200
#1420,59387,19200
1420,60893,19200,2190.35
#1491,64559,19200
#1491,63274,19200
#1491,62598,19200
#1491,60181,19200
#1491,59919,19200
1491,62106.2,19200,3590.22
#1565,61981,19200
#1565,61731,19200
#1565,61945,19200
#1565,59616,19200
#1565,58803,19200
1565,60815.2,19200,2677.5
#1643,72933,23040
#1643,72412,23040
#1643,71236,23040
#1643,70469,23040
#1643,72468,23040
1643,71903.6,23040,1819.99
#1725,84115,23040
#1725,79090,23040
#1725,78212,23040
#1725,75637,23040
#1725,74992,23040
1725,78409.2,23040,6475.86
#1811,78352,23040
#1811,75969,23040
#1811,75003,23040
#1811,74091,23040
#1811,73398,23040
1811,75362.6,23040,3453.71
#1901,78120,23040
#1901,74444,23040
#1901,72791,23040
#1901,72222,23040
#1901,71759,23040
1901,73867.2,23040,4624.15
#1996,88995,27648
#1996,88401,27648
#1996,87194,27648
#1996,98706,27648
#1996,85601,27648
1996,89779.4,27648,9223.57
#2095,91173,27648
#2095,90416,27648
#2095,88934,27648
#2095,87809,27648
#2095,87367,27648
2095,89139.8,27648,2928.32
#2199,89330,27648
#2199,88820,27648
#2199,87742,27648
#2199,86601,27648
#2199,86584,27648
2199,87815.4,27648,2244.95
#2308,95397,27648
#2308,94922,27648
#2308,93007,27648
#2308,92023,27648
#2308,91300,27648
2308,93329.8,27648,3192.55
#2423,109806,33152
#2423,109127,33152
#2423,107295,33152
#2423,106469,33152
#2423,105568,33152
2423,107653,33152,3185.63
#2544,105671,33152
#2544,105053,33152
#2544,104000,33152
#2544,103250,33152
#2544,102752,33152
2544,104145,33152,2175.43
#2671,110217,33152
#2671,109693,33152
#2671,108249,33152
#2671,107182,33152
#2671,106910,33152
2671,108450,33152,2636.23
#2804,112496,33152
#2804,109261,33152
#2804,107955,33152
#2804,107159,33152
#2804,106494,33152
2804,108673,33152,4244.23
#2944,127925,39808
#2944,127114,39808
#2944,125969,39808
#2944,125568,39808
#2944,125422,39808
2944,126400,39808,1932.85
#3091,131113,39808
#3091,130301,39808
#3091,128994,39808
#3091,128099,39808
#3091,127754,39808
3091,129252,39808,2561.83
#3245,131723,39808
#3245,130910,39808
#3245,129426,39808
#3245,128642,39808
#3245,128297,39808
3245,129800,39808,2633.61
#3407,135306,39808
#3407,134421,39808
#3407,132920,39808
#3407,132084,39808
#3407,131721,39808
3407,133290,39808,2741.75
#3577,157592,47744
#3577,154687,47744
#3577,153592,47744
#3577,152612,47744
#3577,152564,47744
3577,154209,47744,3721.32
#3755,158965,47744
#3755,157587,47744
#3755,156186,47744
#3755,155921,47744
#3755,155340,47744
3755,156800,47744,2621.12
#3942,160702,47744
#3942,159764,47744
#3942,158465,47744
#3942,157972,47744
#3942,157790,47744
3942,158939,47744,2239.42
#4139,186422,57216
#4139,185576,57216
#4139,184104,57216
#4139,183663,57216
#4139,183157,57216
4139,184584,57216,2445.78
#4345,191592,57216
#4345,190123,57216
#4345,189188,57216
#4345,188281,57216
#4345,188098,57216
4345,189456,57216,2577.44
#4562,192160,57216
#4562,191032,57216
#4562,189479,57216
#4562,188682,57216
#4562,188293,57216
4562,189929,57216,2915.88
#4790,206794,57216
#4790,195719,57216
#4790,194759,57216
#4790,193821,57216
#4790,193440,57216
4790,196907,57216,10012.9
#5029,225244,68608
#5029,258870,68608
#5029,223041,68608
#5029,222398,68608
#5029,221908,68608
5029,230292,68608,28668.7
#5280,231374,68608
#5280,230219,68608
#5280,229041,68608
#5280,228468,68608
#5280,227589,68608
5280,229338,68608,2657.15
#5544,241061,68608
#5544,238796,68608
#5544,238283,68608
#5544,237279,68608
#5544,237349,68608
5544,238554,68608,2756.04
#5821,252351,68608
#5821,233212,68608
#5821,232248,68608
#5821,231644,68608
#5821,231102,68608
5821,236111,68608,16299.9
#6112,286865,82304
#6112,286018,82304
#6112,284931,82304
#6112,284412,82304
#6112,284156,82304
6112,285276,82304,2038.71
#6417,288484,82304
#6417,287711,82304
#6417,328496,82304
#6417,285927,82304
#6417,286284,82304
6417,295380,82304,33167.9
#6737,279447,82304
#6737,278452,82304
#6737,277488,82304
#6737,277450,82304
#6737,277140,82304
6737,277995,82304,1697.59
#7073,285690,82304
#7073,282988,82304
#7073,281919,82304
#7073,281214,82304
#7073,283561,82304
7073,283074,82304,3083.07
#7426,335370,98688
#7426,333182,98688
#7426,332193,98688
#7426,331324,98688
#7426,331772,98688
7426,332768,98688,2877.44
#7797,331463,98688
#7797,330507,98688
#7797,329852,98688
#7797,366885,98688
#7797,329363,98688
7797,337614,98688,29304.8
#8186,340190,98688
#8186,337817,98688
#8186,337044,98688
#8186,336285,98688
#8186,336009,98688
8186,337469,98688,2998.54
#8595,402565,118400
#8595,401123,118400
#8595,433111,118400
#8595,399395,118400
#8595,399533,118400
8595,407145,118400,26068.8
#9024,395228,118400
#9024,394614,118400
#9024,392868,118400
#9024,392247,118400
#9024,392884,118400
9024,393568,118400,2289.56
#9475,420927,118400
#9475,418373,118400
#9475,418316,118400
#9475,416864,118400
#9475,417349,118400
9475,418366,118400,2807.36
#9948,408642,118400
#9948,407339,118400
#9948,406092,118400
#9948,408331,118400
#9948,405706,118400
9948,407222,118400,2338.4
#10445,479087,142080
#10445,477206,142080
#10445,476893,142080
#10445,476553,142080
#10445,476036,142080
10445,477155,142080,2082.01
#10967,526796,142080
#10967,524645,142080
#10967,524471,142080
#10967,524067,142080
#10967,523532,142080
10967,524702,142080,2229.54
#11515,518886,142080
#11515,519925,142080
#11515,517574,142080
#11515,517644,142080
#11515,517138,142080
11515,518233,142080,2053.19
#12090,494040,142080
#12090,490357,142080
#12090,491183,142080
#12090,489385,142080
#12090,489112,142080
12090,490815,142080,3542.98
#12694,622813,170496
#12694,621774,170496
#12694,621444,170496
#12694,622729,170496
#12694,621024,170496
12694,621957,170496,1413.04
#13328,589445,170496
#13328,585422,170496
#13328,584860,170496
#13328,584636,170496
#13328,586969,170496
13328,586266,170496,3571.7
#13994,580812,170496
#13994,578863,170496
#13994,578150,170496
#13994,578646,170496
#13994,578299,170496
13994,578954,170496,1924.73
#14693,597551,170496
#14693,590498,170496
#14693,590470,170496
#14693,589518,170496
#14693,589751,170496
14693,591558,170496,6043.19
#15427,1006163,204544
#15427,693837,204544
#15427,692255,204544
#15427,692207,204544
#15427,730390,204544
15427,762970,204544,244935
#16198,757330,204544
#16198,756509,204544
#16198,756429,204544
#16198,758361,204544
#16198,756463,204544
16198,757018,204544,1500.67
#17007,717600,204544
#17007,702878,204544
#17007,706205,204544
#17007,703093,204544
#17007,702947,204544
17007,706545,204544,11336.2
#17857,905448,245376
#17857,908947,245376
#17857,903588,245376
#17857,948673,245376
#17857,947099,245376
17857,922751,245376,41201.4
#18749,958238,245376
#18749,956756,245376
#18749,912246,245376
#18749,957877,245376
#18749,955268,245376
18749,948077,245376,35890.7
#19686,866338,245376
#19686,854738,245376
#19686,852327,245376
#19686,852026,245376
#19686,850905,245376
19686,855267,245376,11349.8
#20670,905025,245376
#20670,859239,245376
#20670,859362,245376
#20670,901144,245376
#20670,864733,245376
20670,877901,245376,41389
#21703,1079215,294400
#21703,1069125,294400
#21703,1070527,294400
#21703,1068444,294400
#21703,1067750,294400
21703,1.07101e+06,294400,8405.73
#22788,1018014,294400
#22788,1013344,294400
#22788,1013547,294400
#22788,1014235,294400
#22788,1014850,294400
22788,1.0148e+06,294400,3387.2
#23927,1023227,294400
#23927,1021320,294400
#23927,1022791,294400
#23927,1020636,294400
#23927,1020715,294400
23927,1.02174e+06,294400,2146.92
#25123,1085406,294400
#25123,1068735,294400
#25123,1039590,294400
#25123,1040677,294400
#25123,1038352,294400
25123,1.05455e+06,294400,38282.6
#26379,1327480,353280
#26379,1320588,353280
#26379,1291314,353280
#26379,1325987,353280
#26379,1324543,353280
26379,1.31798e+06,353280,27060.1
#27697,1391827,353280
#27697,1367849,353280
#27697,1362104,353280
#27697,1356067,353280
#27697,1367371,353280
27697,1.36904e+06,353280,24328.7
#29081,1276071,353280
#29081,1270275,353280
#29081,1300672,353280
#29081,1245544,353280
#29081,1287217,353280
29081,1.27596e+06,353280,36822.5
#30535,1381767,353280
#30535,1283315,353280
#30535,1267779,353280
#30535,1269131,353280
#30535,1267213,353280
30535,1.29384e+06,353280,88727.2
#32061,1603498,423936
#32061,1494430,423936
#32061,1503737,423936
#32061,1530452,423936
#32061,1463114,423936
32061,1.51905e+06,423936,94787.9
#33664,1540006,423936
#33664,1497005,423936
#33664,1475149,423936
#33664,1476483,423936
#33664,1477311,423936
33664,1.49319e+06,423936,49501.8
#35347,1544541,423936
#35347,1563473,423936
#35347,1558397,423936
#35347,1505466,423936
#35347,1497981,423936
35347,1.53397e+06,423936,54306.8
#37114,1962268,508672
#37114,1917631,508672
#37114,1944887,508672
#37114,1943119,508672
#37114,1949030,508672
37114,1.94339e+06,508672,29038.3
#38969,1858648,508672
#38969,1847475,508672
#38969,1769128,508672
#38969,1810697,508672
#38969,1812806,508672
38969,1.81975e+06,508672,63084
#40917,1826756,508672
#40917,1833567,508672
#40917,1795897,508672
#40917,1833054,508672
#40917,1835678,508672
40917,1.82499e+06,508672,29696.4
#42962,1927038,508672
#42962,1910263,508672
#42962,1866582,508672
#42962,1932944,508672
#42962,1818578,508672
42962,1.89108e+06,508672,86117.4
#45110,2333834,610432
#45110,2360433,610432
#45110,2333515,610432
#45110,2322601,610432
#45110,2391708,610432
45110,2.34842e+06,610432,49957.5
#47365,2458078,610432
#47365,2337198,610432
#47365,2510619,610432
#47365,2447168,610432
#47365,2359764,610432
47365,2.42257e+06,610432,129156
#49733,2410577,610432
#49733,2169194,610432
#49733,2219266,610432
#49733,2169148,610432
#49733,2169284,610432
49733,2.22749e+06,610432,187144
#52219,2533885,610432
#52219,2216796,610432
#52219,2257878,610432
#52219,2215851,610432
#52219,2250615,610432
52219,2.295e+06,610432,241321
#54829,2898508,732544
#54829,2814833,732544
#54829,2754131,732544
#54829,2829394,732544
#54829,2790321,732544
54829,2.81744e+06,732544,95771.3
#57570,2653023,732544
#57570,2703832,732544
#57570,2635796,732544
#57570,2589872,732544
#57570,2592216,732544
57570,2.63495e+06,732544,84523.6
#60448,2723022,732544
#60448,2708847,732544
#60448,2681455,732544
#60448,2639256,732544
#60448,2683161,732544
60448,2.68715e+06,732544,57269.5
#63470,3047641,732544
#63470,2722776,732544
#63470,2722407,732544
#63470,2711086,732544
#63470,2717692,732544
63470,2.78432e+06,732544,263456
#66643,3470163,878976
#66643,3164883,878976
#66643,3162079,878976
#66643,3181038,878976
#66643,3216794,878976
66643,3.23899e+06,878976,234434
#69975,3303264,878976
#69975,3278778,878976
#69975,3152070,878976
#69975,3200046,878976
#69975,3252736,878976
69975,3.23738e+06,878976,109405
#73473,3481633,878976
#73473,3265365,878976
#73473,3225726,878976
#73473,3323298,878976
#73473,3223116,878976
73473,3.30383e+06,878976,192016
#77146,4165381,1054720
#77146,3921869,1054720
#77146,3780136,1054720
#77146,3737375,1054720
#77146,3816235,1054720
77146,3.8842e+06,1054720,306578
#81003,4343057,1054720
#81003,4296237,1054720
#81003,4266845,1054720
#81003,4165839,1054720
#81003,4250580,1054720
81003,4.26451e+06,1054720,117002
#85053,4097387,1054720
#85053,3839658,1054720
#85053,3938624,1054720
#85053,4518431,1054720
#85053,3945176,1054720
85053,4.06786e+06,1054720,479763
#89305,4287533,1054720
#89305,3884499,1054720
#89305,3890151,1054720
#89305,3928433,1054720
#89305,3950502,1054720
89305,3.98822e+06,1054720,303264
#93770,4946035,1265664
#93770,4529264,1265664
#93770,4615138,1265664
#93770,4616116,1265664
#93770,4553203,1265664
93770,4.65195e+06,1265664,301898
#98458,4882624,1265664
#98458,4720132,1265664
#98458,4546259,1265664
#98458,4728906,1265664
#98458,4674326,1265664
98458,4.71045e+06,1265664,216041
#103380,4828333,1265664
#103380,4739697,1265664
#103380,4731702,1265664
#103380,4714150,1265664
#103380,4660731,1265664
103380,4.73492e+06,1265664,108423
#108549,5296854,1265664
#108549,5091772,1265664
#108549,5254009,1265664
#108549,5264073,1265664
#108549,5198265,1265664
108549,5.22099e+06,1265664,143987
#113976,6051747,1518720
#113976,6139173,1518720
#113976,6014875,1518720
#113976,5914488,1518720
#113976,6012302,1518720
113976,6.02652e+06,1518720,144820
#119674,5790609,1518720
#119674,5554421,1518720
#119674,5664976,1518720
#119674,5546466,1518720
#119674,5671024,1518720
119674,5.6455e+06,1518720,179311
#125657,5965416,1518720
#125657,5861539,1518720
#125657,5652034,1518720
#125657,5733941,1518720
#125657,5778904,1518720
125657,5.79837e+06,1518720,215107
#131939,6475967,1518720
#131939,5826853,1518720
#131939,5852337,1518720
#131939,5797426,1518720
#131939,5849710,1518720
131939,5.96046e+06,1518720,517018
#138535,7024558,1822464
#138535,6763798,1822464
#138535,6709552,1822464
#138535,6706902,1822464
#138535,6696144,1822464
138535,6.78019e+06,1822464,248852
#145461,7392278,1822464
#145461,6900022,1822464
#145461,6835822,1822464
#145461,6731310,1822464
#145461,6830177,1822464
145461,6.93792e+06,1822464,466988
#152734,7656656,1822464
#152734,6851737,1822464
#152734,6921169,1822464
#152734,6867512,1822464
#152734,6979967,1822464
152734,7.05541e+06,1822464,607946
#160370,8181681,2186880
#160370,8096594,2186880
#160370,7983367,2186880
#160370,8063545,2186880
#160370,8003321,2186880
160370,8.0657e+06,2186880,141649
#168388,9091522,2186880
#168388,9067765,2186880
#168388,9882045,2186880
#168388,9103360,2186880
#168388,9213737,2186880
168388,9.27169e+06,2186880,618561
#176807,9384225,2186880
#176807,9268936,2186880
#176807,9211058,2186880
#176807,9159922,2186880
#176807,9237873,2186880
176807,9.2524e+06,2186880,149996
#185647,9051017,2186880
#185647,8280651,2186880
#185647,8576773,2186880
#185647,8543307,2186880
#185647,8439753,2186880
185647,8.5783e+06,2186880,515735
#194929,10768935,2624256
#194929,10616318,2624256
#194929,10622029,2624256
#194929,10597328,2624256
#194929,10583416,2624256
194929,1.06376e+07,2624256,134170
#204675,10221336,2624256
#204675,9883983,2624256
#204675,9966613,2624256
#204675,9890541,2624256
#204675,9844048,2624256
204675,9.9613e+06,2624256,271853
#214908,10667208,2624256
#214908,10119033,2624256
#214908,10141472,2624256
#214908,9986104,2624256
#214908,10143709,2624256
214908,1.02115e+07,2624256,470338
#225653,11124907,2624256
#225653,10303334,2624256
#225653,10327837,2624256
#225653,10199370,2624256
#225653,10201337,2624256
225653,1.04314e+07,2624256,701339
#236935,12352857,3149056
#236935,11790508,3149056
#236935,11753358,3149056
#236935,11761325,3149056
#236935,11764634,3149056
236935,1.18845e+07,3149056,468983
#248781,13811329,3149056
#248781,13318536,3149056
#248781,12585202,3149056
#248781,12318365,3149056
#248781,12465245,3149056
248781,1.28997e+07,3149056,1.14266e+06
#261220,12972111,3149056
#261220,12445297,3149056
#261220,12274672,3149056
#261220,12177462,3149056
#261220,12243781,3149056
261220,1.24227e+07,3149056,577186
#274281,13602051,3149056
#274281,12495547,3149056
#274281,12476846,3149056
#274281,12340294,3149056
#274281,12551107,3149056
274281,1.26932e+07,3149056,919399
#287995,16429679,3778816
#287995,16443390,3778816
#287995,16204621,3778816
#287995,16335411,3778816
#287995,16391697,3778816
287995,1.6361e+07,3778816,173335
#302394,15611751,3778816
#302394,14970286,3778816
#302394,14749362,3778816
#302394,14689177,3778816
#302394,14710436,3778816
302394,1.49462e+07,3778816,695085
#317513,15728534,3778816
#317513,15245932,3778816
#317513,15351748,3778816
#317513,15173402,3778816
#317513,15213932,3778816
317513,1.53427e+07,3778816,403541
#333388,19648903,4534528
#333388,19068566,4534528
#333388,19216092,4534528
#333388,19031803,4534528
#333388,19230138,4534528
333388,1.92391e+07,4534528,438727
#350057,18667718,4534528
#350057,18023280,4534528
#350057,18039637,4534528
#350057,18115273,4534528
#350057,18101302,4534528
350057,1.81894e+07,4534528,483379
#367559,19117572,4534528
#367559,18571691,4534528
#367559,18353610,4534528
#367559,18508361,4534528
#367559,18494469,4534528
367559,1.86091e+07,4534528,528020
#385936,19620914,4534528
#385936,18311804,4534528
#385936,18312902,4534528
#385936,18288805,4534528
#385936,18447683,4534528
385936,1.85964e+07,4534528,1.03062e+06
#405232,24790269,5441408
#405232,24867697,5441408
#405232,22234109,5441408
#405232,21993785,5441408
#405232,21972244,5441408
405232,2.31716e+07,5441408,2.71314e+06
#425493,24801674,5441408
#425493,24249368,5441408
#425493,24311269,5441408
#425493,24413245,5441408
#425493,24570837,5441408
425493,2.44693e+07,5441408,397259
#446767,22865757,5441408
#446767,22793793,5441408
#446767,22756458,5441408
#446767,22683523,5441408
#446767,22886601,5441408
446767,2.27972e+07,5441408,147747
#469105,23801278,5441408
#469105,22974904,5441408
#469105,23170268,5441408
#469105,22937310,5441408
#469105,24314713,5441408
469105,2.34397e+07,5441408,1.07235e+06
#492560,29555639,6529664
#492560,27747893,6529664
#492560,27851676,6529664
#492560,27693340,6529664
#492560,27549256,6529664
492560,2.80796e+07,6529664,1.48893e+06
#517188,29316727,6529664
#517188,28001446,6529664
#517188,28097190,6529664
#517188,28079438,6529664
#517188,27969789,6529664
517188,2.82929e+07,6529664,1.02818e+06
#543047,29155889,6529664
#543047,28800988,6529664
#543047,28611277,6529664
#543047,28742486,6529664
#543047,29326946,6529664
543047,2.89275e+07,6529664,538109
#570199,31372746,6529664
#570199,29491714,6529664
#570199,29695290,6529664
#570199,29305509,6529664
#570199,29258551,6529664
570199,2.98248e+07,6529664,1.57839e+06
#598708,36771850,7835520
#598708,34057047,7835520
#598708,34178558,7835520
#598708,34311457,7835520
#598708,34192328,7835520
598708,3.47022e+07,7835520,2.07587e+06
#628643,35867550,7835520
#628643,36649911,7835520
#628643,35152383,7835520
#628643,35224396,7835520
#628643,35047646,7835520
628643,3.55884e+07,7835520,1.20657e+06
#660075,36776098,7835520
#660075,35654403,7835520
#660075,36580152,7835520
#660075,35638003,7835520
#660075,35806792,7835520
660075,3.60911e+07,7835520,973746
#693078,44423218,9402624
#693078,42047846,9402624
#693078,43173798,9402624
#693078,42109043,9402624
#693078,42041535,9402624
693078,4.27591e+07,9402624,1.87288e+06
#727731,46304914,9402624
#727731,45779870,9402624
#727731,45926618,9402624
#727731,45732450,9402624
#727731,45884191,9402624
727731,4.59256e+07,9402624,404118
#764117,45767473,9402624
#764117,47259210,9402624
#764117,44759012,9402624
#764117,44645773,9402624
#764117,44728502,9402624
764117,4.5432e+07,9402624,2.00344e+06
#802322,48005327,9402624
#802322,46134459,9402624
#802322,45793023,9402624
#802322,45860856,9402624
#802322,46240199,9402624
802322,4.64068e+07,9402624,1.63266e+06
#842438,60097471,11283072
#842438,55708701,11283072
#842438,53603704,11283072
#842438,53689310,11283072
#842438,53439369,11283072
842438,5.53077e+07,11283072,5.06882e+06
#884559,56933685,11283072
#884559,57144384,11283072
#884559,55591955,11283072
#884559,57314261,11283072
#884559,55063427,11283072
884559,5.64095e+07,11283072,1.8141e+06
#928786,58171427,11283072
#928786,57561409,11283072
#928786,57462622,11283072
#928786,57493808,11283072
#928786,57793091,11283072
928786,5.76965e+07,11283072,528332
#975225,63298035,11283072
#975225,59154950,11283072
#975225,59027694,11283072
#975225,59000974,11283072
#975225,59043795,11283072
975225,5.99051e+07,11283072,3.39457e+06
#1023986,72094582,13539712
#1023986,69425851,13539712
#1023986,68734980,13539712
#1023986,68354274,13539712
#1023986,68752154,13539712
1023986,6.94724e+07,13539712,2.71157e+06
#1075185,72475073,13539712
#1075185,71699841,13539712
#1075185,72229949,13539712
#1075185,72642739,13539712
#1075185,71314089,13539712
1075185,7.20723e+07,13539712,990390
#1128944,75462355,13539712
#1128944,73523517,13539712
#1128944,73664632,13539712
#1128944,74249469,13539712
#1128944,73478867,13539712
1128944,7.40758e+07,13539712,1.49214e+06
#1185391,90092233,16247680
#1185391,86580455,16247680
#1185391,85872509,16247680
#1185391,87634431,16247680
#1185391,86122645,16247680
1185391,8.72605e+07,16247680,3.07795e+06
#1244660,94578510,16247680
#1244660,93388220,16247680
#1244660,93583440,16247680
#1244660,97534165,16247680
#1244660,93805146,16247680
1244660,9.45779e+07,16247680,3.06476e+06
#1306893,108921798,16247680
#1306893,92770117,16247680
#1306893,93772594,16247680
#1306893,92855878,16247680
#1306893,92692930,16247680
1306893,9.62027e+07,16247680,1.27431e+07
#1372237,99858969,16247680
#1372237,97022224,16247680
#1372237,97370402,16247680
#1372237,96156006,16247680
#1372237,96718809,16247680
1372237,9.74253e+07,16247680,2.56101e+06
#1440848,117491682,19497216
#1440848,111983791,19497216
#1440848,111031794,19497216
#1440848,111615557,19497216
#1440848,111213311,19497216
1440848,1.12667e+08,19497216,4.86925e+06
#1512890,117963474,19497216
#1512890,115867390,19497216
#1512890,115708955,19497216
#1512890,115395193,19497216
#1512890,115874000,19497216
1512890,1.16162e+08,19497216,1.83484e+06
#1588534,121616397,19497216
#1588534,120253048,19497216
#1588534,120034601,19497216
#1588534,120214640,19497216
#1588534,120851823,19497216
1588534,1.20594e+08,19497216,1.16099e+06
#1667960,131237155,19497216
#1667960,131411275,19497216
#1667960,130977702,19497216
#1667960,130320306,19497216
#1667960,130477302,19497216
1667960,1.30885e+08,19497216,846011
#1751358,150042815,23396608
#1751358,149695059,23396608
#1751358,149745513,23396608
#1751358,149222479,23396608
#1751358,149672251,23396608
1751358,1.49676e+08,23396608,525694
#1838925,150376748,23396608
#1838925,150386971,23396608
#1838925,149937467,23396608
#1838925,150336934,23396608
#1838925,149675819,23396608
1838925,1.50143e+08,23396608,574298
#1930871,158961139,23396608
#1930871,155845311,23396608
#1930871,156566175,23396608
#1930871,156425075,23396608
#1930871,155946141,23396608
1930871,1.56749e+08,23396608,2.27915e+06
#2027414,168982913,23396608
#2027414,168265614,23396608
#2027414,169192146,23396608
#2027414,168595421,23396608
#2027414,168375105,23396608
2027414,1.68682e+08,23396608,707590
#2128784,186202982,28075904
#2128784,185584836,28075904
#2128784,186638145,28075904
#2128784,186296000,28075904
#2128784,185809935,28075904
2128784,1.86106e+08,28075904,741862
#2235223,205746401,28075904
#2235223,199295415,28075904
#2235223,193216738,28075904
#2235223,192882138,28075904
#2235223,192996196,28075904
2235223,1.96827e+08,28075904,1.01556e+07
#2346984,203651865,28075904
#2346984,209701475,28075904
#2346984,208577354,28075904
#2346984,209339648,28075904
#2346984,210911659,28075904
2346984,2.08436e+08,28075904,5.01636e+06
#2464333,234517259,33691008
#2464333,234236173,33691008
#2464333,233735666,33691008
#2464333,233826885,33691008
#2464333,234029650,33691008
2464333,2.34069e+08,33691008,565800
#2587549,245361972,33691008
#2587549,243140832,33691008
#2587549,243315406,33691008
#2587549,243586897,33691008
#2587549,243212592,33691008
2587549,2.43724e+08,33691008,1.66621e+06
#2716926,257868023,33691008
#2716926,253744940,33691008
#2716926,253081201,33691008
#2716926,253730354,33691008
#2716926,254367354,33691008
2716926,2.54558e+08,33691008,3.40818e+06
#2852772,265459176,33691008
#2852772,265084352,33691008
#2852772,264668356,33691008
#2852772,264618340,33691008
#2852772,268372641,33691008
2852772,2.65641e+08,33691008,2.79952e+06
#2995410,303167589,40429184
#2995410,300449266,40429184
#2995410,301035333,40429184
#2995410,307275383,40429184
#2995410,304267442,40429184
2995410,3.03239e+08,40429184,4.89849e+06
#3145180,313403779,40429184
#3145180,313076113,40429184
#3145180,313213753,40429184
#3145180,312270490,40429184
#3145180,312898350,40429184
3145180,3.12972e+08,40429184,776276
#3302439,320699060,40429184
#3302439,321404678,40429184
#3302439,319521930,40429184
#3302439,319445698,40429184
#3302439,322669509,40429184
3302439,3.20748e+08,40429184,2.42075e+06
#3467560,335047508,40429184
#3467560,333358297,40429184
#3467560,334074897,40429184
#3467560,335059327,40429184
#3467560,333658489,40429184
3467560,3.3424e+08,40429184,1.40462e+06
#3640938,394543800,48514944
#3640938,388645479,48514944
#3640938,388309200,48514944
#3640938,387967767,48514944
#3640938,390416455,48514944
3640938,3.89977e+08,48514944,4.86952e+06
#3822984,411028499,48514944
#3822984,410688108,48514944
#3822984,410224191,48514944
#3822984,410041120,48514944
#3822984,410565934,48514944
3822984,4.1051e+08,48514944,695831
#4014133,426893551,48514944
#4014133,420181764,48514944
#4014133,421790240,48514944
#4014133,425652505,48514944
#4014133,422583945,48514944
4014133,4.2342e+08,48514944,4.97119e+06
#4214839,446642310,48514944
#4214839,440848180,48514944
#4214839,439827729,48514944
#4214839,440539834,48514944
#4214839,441033295,48514944
4214839,4.41778e+08,48514944,4.93293e+06
#4425580,507642093,58217856
#4425580,501853920,58217856
#4425580,503500350,58217856
#4425580,503523529,58217856
#4425580,503535746,58217856
4425580,5.04011e+08,58217856,3.85353e+06
#4646859,525834330,58217856
#4646859,521994512,58217856
#4646859,523779293,58217856
#4646859,521480110,58217856
#4646859,522036810,58217856
4646859,5.23025e+08,58217856,3.21078e+06
#4879201,544094769,58217856
#4879201,541894702,58217856
#4879201,543508583,58217856
#4879201,542419725,58217856
#4879201,545382540,58217856
4879201,5.4346e+08,58217856,2.47124e+06
#5123161,621489520,69861376
#5123161,618852483,69861376
#5123161,619457888,69861376
#5123161,619673716,69861376
#5123161,620599185,69861376
5123161,6.20015e+08,69861376,1.85338e+06
#5379319,648411180,69861376
#5379319,642441050,69861376
#5379319,641741849,69861376
#5379319,641988789,69861376
#5379319,641752596,69861376
5379319,6.43267e+08,69861376,5.16899e+06
#5648284,670434901,69861376
#5648284,666561434,69861376
#5648284,666684481,69861376
#5648284,665971470,69861376
#5648284,666680725,69861376
5648284,6.67267e+08,69861376,3.21184e+06
#5930698,697470097,69861376
#5930698,694260851,69861376
#5930698,694080016,69861376
#5930698,693490472,69861376
#5930698,694771487,69861376
5930698,6.94815e+08,69861376,2.77893e+06
#6227232,789354880,83833600
#6227232,786246115,83833600
#6227232,786591989,83833600
#6227232,787644601,83833600
#6227232,785973984,83833600
6227232,7.87162e+08,83833600,2.46848e+06
#6538593,816108087,83833600
#6538593,812689314,83833600
#6538593,813166661,83833600
#6538593,814538258,83833600
#6538593,813622520,83833600
6538593,8.14025e+08,83833600,2.4142e+06
#6865522,846061912,83833600
#6865522,845029369,83833600
#6865522,844090693,83833600
#6865522,845489698,83833600
#6865522,846530682,83833600
6865522,8.4544e+08,83833600,1.68952e+06
#7208798,880851230,83833600
#7208798,882735339,83833600
#7208798,879758927,83833600
#7208798,883493870,83833600
#7208798,878542405,83833600
7208798,8.81076e+08,83833600,3.66648e+06
#7569237,995370066,100600320
#7569237,990589483,100600320
#7569237,992270302,100600320
#7569237,992534241,100600320
#7569237,993345712,100600320
7569237,9.92822e+08,100600320,3.11618e+06
#7947698,1029822448,100600320
#7947698,1029277892,100600320
#7947698,1030168394,100600320
#7947698,1029305639,100600320
#7947698,1028289126,100600320
7947698,1.02937e+09,100600320,1.27217e+06
#8345082,1070630598,100600320
#8345082,1070671782,100600320
#8345082,1069111872,100600320
#8345082,1070824148,100600320
#8345082,1069590725,100600320
8345082,1.07017e+09,100600320,1.37024e+06
#8762336,1115745111,100600320
#8762336,1113575568,100600320
#8762336,1115086078,100600320
#8762336,1114128705,100600320
#8762336,1114785648,100600320
8762336,1.11466e+09,100600320,1.50545e+06
#9200452,1248286176,120720384
#9200452,1247548836,120720384
#9200452,1249791724,120720384
#9200452,1247082137,120720384
#9200452,1246209936,120720384
9200452,1.24778e+09,120720384,2.41805e+06
#9660474,1294977224,120720384
#9660474,1293035872,120720384
#9660474,1291686841,120720384
#9660474,1292182655,120720384
#9660474,1296694327,120720384
9660474,1.29372e+09,120720384,3.73013e+06
