#1,1377,256
#1,255,256
#1,359,256
#1,310,256
1,575.25,256,928.701
#2,249,256
#2,365,256
#2,220,256
#2,158,256
2,248,256,150.246
#3,194,256
#3,150,256
#3,151,256
#3,151,256
3,161.5,256,37.5366
#4,214,256
#4,178,256
#4,159,256
#4,234,256
4,196.25,256,58.8281
#5,211,256
#5,169,256
#5,170,256
#5,168,256
5,179.5,256,36.4005
#6,235,256
#6,233,256
#6,190,256
#6,202,256
6,215,256,38.9615
#7,214,256
#7,189,256
#7,189,256
#7,192,256
7,196,256,20.9284
#8,226,256
#8,214,256
#8,212,256
#8,215,256
8,216.75,256,10.8972
#9,284,256
#9,233,256
#9,228,256
#9,213,256
9,239.5,256,53.4509
#10,322,256
#10,230,256
#10,232,256
#10,227,256
10,252.75,256,80.0422
#12,280,256
#12,259,256
#12,252,256
#12,250,256
12,260.25,256,23.7645
#14,1726,384
#14,1078,384
#14,823,384
#14,714,384
14,1085.25,384,785.63
#16,1110,384
#16,809,384
#16,738,384
#16,720,384
16,844.25,384,313.995
#19,1134,384
#19,862,384
#19,739,384
#19,729,384
19,866,384,326.708
#22,1116,384
#22,941,384
#22,810,384
#22,744,384
22,902.75,384,284.153
#26,2261,640
#26,1715,640
#26,1312,640
#26,1323,640
26,1652.75,640,773.75
#31,2249,640
#31,1645,640
#31,1422,640
#31,1368,640
31,1671,640,698.978
#37,2577,640
#37,1679,640
#37,1549,640
#37,1525,640
37,1832.5,640,867.624
#44,7054,896
#44,3484,896
#44,2894,896
#44,2491,896
44,3980.75,896,3618.29
#52,5889,1152
#52,4519,1152
#52,3560,1152
#52,3363,1152
52,4332.75,1152,1998.54
#62,5930,1152
#62,4680,1152
#62,3680,1152
#62,3471,1152
62,4440.25,1152,1947.89
#74,7746,1408
#74,6463,1408
#74,5282,1408
#74,4547,1408
74,6009.5,1408,2426.78
#88,8714,1536
#88,7187,1536
#88,6006,1536
#88,5517,1536
88,6856,1536,2465.19
#105,14237,1792
#105,12812,1792
#105,10918,1792
#105,10017,1792
105,11996,1792,3281.23
#126,15717,1920
#126,14062,1920
#126,12451,1920
#126,11514,1920
126,13436,1920,3202.99
#151,20610,2176
#151,18888,2176
#151,16390,2176
#151,15425,2176
151,17828.2,2176,4087.22
#181,25712,2432
#181,23191,2432
#181,20480,2432
#181,19240,2432
181,22155.8,2432,5002.84
#217,36910,2816
#217,33991,2816
#217,31692,2816
#217,29977,2816
217,33142.5,2816,5199.84
#260,48999,3328
#260,47140,3328
#260,44411,3328
#260,42092,3328
260,45660.5,3328,5256.42
#312,63882,3840
#312,61755,3840
#312,58859,3840
#312,57261,3840
312,60439.2,3840,5116.85
#374,94825,4352
#374,80246,4352
#374,77386,4352
#374,75634,4352
374,82022.8,4352,15145
#448,107248,5120
#448,104265,5120
#448,102510,5120
#448,100480,5120
448,103626,5120,4966.89
#537,135560,6144
#537,136700,6144
#537,131011,6144
#537,129803,6144
537,133268,6144,5842.27
#644,169896,7168
#644,167787,7168
#644,166096,7168
#644,164820,7168
644,167150,7168,3806.06
#772,202171,8448
#772,198289,8448
#772,197352,8448
#772,196365,8448
772,198544,8448,4403.3
#926,258262,10112
#926,256539,10112
#926,254288,10112
#926,254317,10112
926,255852,10112,3329.02
#1111,305528,11648
#1111,303382,11648
#1111,303561,11648
#1111,325626,11648
1111,309524,11648,18668.8
#1333,391737,13952
#1333,390101,13952
#1333,389057,13952
#1333,387609,13952
1333,389626,13952,3012.31
#1599,488590,16768
#1599,508006,16768
#1599,504490,16768
#1599,515454,16768
1599,504135,16768,19618.3
#1918,611550,19968
#1918,657826,19968
#1918,621203,19968
#1918,627970,19968
1918,629637,19968,34578.5
#2301,778301,23808
#2301,783536,23808
#2301,766607,23808
#2301,767127,23808
2301,773893,23808,14535.6
#2761,932004,28416
#2761,934996,28416
#2761,935707,28416
#2761,901162,28416
2761,925967,28416,28777.1
#3313,1098290,33920
#3313,1111000,33920
#3313,1101009,33920
#3313,1129064,33920
3313,1.10984e+06,33920,24130.8
#3975,1352351,40320
#3975,1327904,40320
#3975,1325786,40320
#3975,1380995,40320
3975,1.34676e+06,40320,44707.4
#4770,1639796,47872
#4770,1638765,47872
#4770,1639710,47872
#4770,1637504,47872
4770,1.63894e+06,47872,1848.86
#5724,2002442,58368
#5724,1996183,58368
#5724,1995372,58368
#5724,1994579,58368
5724,1.99714e+06,58368,6221.86
#6868,2382971,69120
#6868,2382293,69120
#6868,2376933,69120
#6868,2381698,69120
6868,2.38097e+06,69120,4752.01
#8241,2953217,84096
#8241,2949583,84096
#8241,2952196,84096
#8241,2951973,84096
8241,2.95174e+06,84096,2663.9
#9889,3490328,99456
#9889,3485731,99456
#9889,3481248,99456
#9889,3485890,99456
9889,3.4858e+06,99456,6421.55
#11866,4342676,120960
#11866,4340570,120960
#11866,4335910,120960
#11866,4337956,120960
11866,4.33928e+06,120960,5129.01
#14239,5116269,142976
#14239,5102071,142976
#14239,5097786,142976
#14239,5100252,142976
14239,5.10409e+06,142976,14383.1
#17086,6153472,173440
#17086,6168756,173440
#17086,6329333,173440
#17086,6280103,173440
17086,6.23292e+06,173440,148158
#20503,7319179,204672
#20503,7533490,204672
#20503,7443518,204672
#20503,7536967,204672
20503,7.45829e+06,204672,177243
#24603,8881336,248320
#24603,8931038,248320
#24603,9129106,248320
#24603,8945962,248320
24603,8.97186e+06,248320,187771
#29523,10766366,292992
#29523,10697472,292992
#29523,10858492,292992
#29523,10840130,292992
29523,1.07906e+07,292992,127760
#35427,12838318,355200
#35427,12958565,355200
#35427,13103698,355200
#35427,12876786,355200
35427,1.29443e+07,355200,203474
#42512,15676042,430592
#42512,15943239,430592
#42512,15947991,430592
#42512,13638315,430592
42512,1.53014e+07,430592,1.93294e+06
#51014,18109415,507904
#51014,18813547,507904
#51014,18721658,507904
#51014,18797083,507904
51014,1.86104e+07,507904,582652
#61216,22734976,615680
#61216,22947319,615680
#61216,22667226,615680
#61216,23011068,615680
61216,2.28401e+07,615680,285766
#73459,27724721,746496
#73459,28007155,746496
#73459,28046047,746496
#73459,27966207,746496
73459,2.7936e+07,746496,250449
#88150,32761527,880128
#88150,33035792,880128
#88150,33222906,880128
#88150,33233460,880128
88150,3.30634e+07,880128,382429
#105780,39578049,1066624
#105780,40114853,1066624
#105780,40030483,1066624
#105780,39854997,1066624
105780,3.98946e+07,1066624,410790
#126936,46930451,1257600
#126936,47080074,1257600
#126936,47245798,1257600
#126936,47043815,1257600
126936,4.7075e+07,1257600,225975
#152323,56985690,1523840
#152323,57098877,1523840
#152323,57268652,1523840
#152323,57313299,1523840
152323,5.71666e+07,1523840,263154
#182787,69023064,1846272
#182787,69014414,1846272
#182787,69356684,1846272
#182787,69186560,1846272
182787,6.91452e+07,1846272,280104
#219344,81540065,2176512
#219344,81643990,2176512
#219344,81868107,2176512
#219344,81810669,2176512
219344,8.17157e+07,2176512,261222
#263212,100088725,2636928
#263212,98835770,2636928
#263212,98932977,2636928
#263212,100062702,2636928
263212,9.948e+07,2636928,1.19346e+06
#315854,120738608,3195008
#315854,120618742,3195008
#315854,120482363,3195008
#315854,120697749,3195008
315854,1.20634e+08,3195008,195532
#379024,141684574,3766272
#379024,141918691,3766272
#379024,141661407,3766272
#379024,141544786,3766272
379024,1.41702e+08,3766272,271334
#454828,172544372,4562944
#454828,172601772,4562944
#454828,172445152,4562944
#454828,171900598,4562944
454828,1.72373e+08,4562944,556843
#545793,208606961,5528064
#545793,208773978,5528064
#545793,209181347,5528064
#545793,209146550,5528064
545793,2.08927e+08,5528064,488605
#654951,247375053,6516096
#654951,247215901,6516096
#654951,247962658,6516096
#654951,247094370,6516096
654951,2.47412e+08,6516096,666283
#785941,301944778,7894016
#785941,302440294,7894016
#785941,304401067,7894016
#785941,305109547,7894016
785941,3.03474e+08,7894016,2.63468e+06
#943129,367075178,9563264
#943129,367990480,9563264
#943129,368337298,9563264
#943129,397411958,9563264
943129,3.75204e+08,9563264,2.56604e+07
#1131754,443545287,11272448
#1131754,440267030,11272448
#1131754,438550850,11272448
#1131754,440938199,11272448
1131754,4.40825e+08,11272448,3.59108e+06
#1358104,535532677,13656064
#1358104,535497708,13656064
#1358104,536873590,13656064
#1358104,536929847,13656064
1358104,5.36208e+08,13656064,1.38732e+06
#1629724,665094091,16543616
#1629724,655639409,16543616
#1629724,658416680,16543616
#1629724,653199773,16543616
1629724,6.58087e+08,16543616,8.8929e+06
#1955668,784499439,19499904
#1955668,788568468,19499904
#1955668,782385512,19499904
#1955668,785854150,19499904
1955668,7.85327e+08,19499904,4.48578e+06
#2346801,970697278,23623040
#2346801,962135299,23623040
#2346801,959156197,23623040
#2346801,963510708,23623040
2346801,9.63875e+08,23623040,8.4835e+06
#2816161,1157549804,27844352
#2816161,1149067831,27844352
#2816161,1149619217,27844352
#2816161,1151783604,27844352
2816161,1.15201e+09,27844352,6.71661e+06
#3379393,1438781317,33731584
#3379393,1438890738,33731584
#3379393,1438384653,33731584
#3379393,1435421449,33731584
3379393,1.43787e+09,33731584,2.85178e+06
#4055271,1835695406,40863744
#4055271,1845997439,40863744
#4055271,1852396803,40863744
#4055271,1836242110,40863744
4055271,1.84258e+09,40863744,1.39862e+07
#4866325,2271317586,48165632
#4866325,2261736619,48165632
#4866325,2264504387,48165632
#4866325,2254701120,48165632
4866325,2.26306e+09,48165632,1.1912e+07
#5839590,2823080895,58349184
#5839590,2819583427,58349184
#5839590,2832430532,58349184
#5839590,2826601297,58349184
5839590,2.82542e+09,58349184,9.49105e+06
#7007508,3520368182,70685824
#7007508,3671355854,70685824
#7007508,3531908311,70685824
#7007508,3642692219,70685824
7007508,3.59158e+09,70685824,1.32697e+08
#8409009,4332041898,83315968
#8409009,4221588190,83315968
#8409009,4280893918,83315968
#8409009,4216957290,83315968
8409009,4.26287e+09,83315968,9.44552e+07
