#1,1016,256
#1,292,256
#1,224,256
#1,108,256
#1,77,256
1,343.4,256,690.317
#2,1166,256
#2,98,256
#2,108,256
#2,127,256
#2,122,256
2,324.2,256,842.049
#3,151,256
#3,128,256
#3,117,256
#3,103,256
#3,106,256
3,121,256,34.8023
#4,163,256
#4,187,256
#4,112,256
#4,108,256
#4,111,256
4,136.2,256,65.2061
#5,144,256
#5,135,256
#5,122,256
#5,121,256
#5,116,256
5,127.6,256,20.6533
#6,142,256
#6,143,256
#6,1092,256
#6,128,256
#6,129,256
6,326.8,256,765.303
#7,170,256
#7,152,256
#7,139,256
#7,140,256
#7,145,256
7,149.2,256,22.7473
#8,191,256
#8,169,256
#8,964,256
#8,167,256
#8,155,256
8,329.2,256,635.225
#9,189,256
#9,172,256
#9,166,256
#9,157,256
#9,179,256
9,172.6,256,21.8577
#10,205,256
#10,212,256
#10,174,256
#10,1065,256
#10,173,256
10,365.8,256,699.915
#11,199,256
#11,171,256
#11,172,256
#11,178,256
#11,170,256
11,178,256,21.7256
#12,216,256
#12,228,256
#12,208,256
#12,200,256
#12,302,256
12,230.8,256,73.5652
#13,763,640
#13,483,640
#13,400,640
#13,1292,640
#13,332,640
13,654,640,702.206
#14,463,640
#14,1220,640
#14,357,640
#14,501,640
#14,358,640
14,579.8,640,650.257
#15,548,640
#15,1439,640
#15,385,640
#15,436,640
#15,1308,640
15,823.2,640,908.59
#16,472,640
#16,383,640
#16,397,640
#16,1951,640
#16,568,640
16,754.2,640,1204
#17,626,640
#17,588,640
#17,523,640
#17,406,640
#17,415,640
17,511.6,640,177.848
#18,502,640
#18,479,640
#18,451,640
#18,399,640
#18,411,640
18,448.4,640,78.257
#19,496,640
#19,425,640
#19,412,640
#19,422,640
#19,465,640
19,444,640,63.334
#20,498,640
#20,448,640
#20,415,640
#20,404,640
#20,403,640
20,433.6,640,72.1842
#21,505,640
#21,444,640
#21,469,640
#21,454,640
#21,475,640
21,469.4,640,41.7727
#22,514,640
#22,463,640
#22,667,640
#22,457,640
#22,1685,640
22,757.2,640,940.114
#23,644,640
#23,597,640
#23,518,640
#23,468,640
#23,490,640
23,543.4,640,133.192
#24,576,640
#24,511,640
#24,456,640
#24,449,640
#24,441,640
24,486.6,640,102.048
#25,506,640
#25,505,640
#25,480,640
#25,493,640
#25,473,640
25,491.4,640,26.3697
#26,583,640
#26,541,640
#26,479,640
#26,449,640
#26,465,640
26,503.4,640,101.111
#27,560,640
#27,518,640
#27,512,640
#27,514,640
#27,488,640
27,518.4,640,46.6064
#28,573,640
#28,637,640
#28,510,640
#28,1506,640
#28,612,640
28,767.6,640,743.36
#29,628,640
#29,535,640
#29,536,640
#29,506,640
#29,496,640
29,540.2,640,93.2815
#30,616,640
#30,552,640
#30,500,640
#30,510,640
#30,489,640
30,533.4,640,92.9654
#31,587,640
#31,507,640
#31,509,640
#31,507,640
#31,501,640
31,522.2,640,65.0218
#32,592,640
#32,557,640
#32,509,640
#32,492,640
#32,497,640
32,529.4,640,77.6927
#33,636,640
#33,612,640
#33,572,640
#33,554,640
#33,556,640
33,586,640,65.0907
#34,898,640
#34,698,640
#34,1521,640
#34,659,640
#34,619,640
34,879,640,670.096
#35,818,640
#35,718,640
#35,583,640
#35,544,640
#35,550,640
35,642.6,640,215.961
#36,599,640
#36,573,640
#36,545,640
#36,563,640
#36,536,640
36,563.2,640,44.261
#37,1887,1536
#37,1572,1536
#37,1434,1536
#37,1302,1536
#37,1186,1536
37,1476.2,1536,485.202
#38,1440,1536
#38,1176,1536
#38,1010,1536
#38,1005,1536
#38,996,1536
38,1125.4,1536,341.867
#39,1348,1536
#39,1196,1536
#39,1100,1536
#39,1033,1536
#39,1030,1536
39,1141.4,1536,239.231
#40,1388,1536
#40,1374,1536
#40,1240,1536
#40,1196,1536
#40,1096,1536
40,1258.8,1536,220.481
#42,1269,1536
#42,1214,1536
#42,1270,1536
#42,1109,1536
#42,1104,1536
42,1193.2,1536,147.303
#44,1317,1536
#44,1263,1536
#44,1276,1536
#44,1317,1536
#44,1202,1536
44,1275,1536,84.8622
#46,1319,1536
#46,1233,1536
#46,1164,1536
#46,1154,1536
#46,1121,1536
46,1198.2,1536,141.101
#48,1327,1536
#48,1242,1536
#48,1290,1536
#48,1195,1536
#48,1197,1536
48,1250.2,1536,103.641
#50,1314,1536
#50,1232,1536
#50,1203,1536
#50,1161,1536
#50,1110,1536
50,1204,1536,137.317
#52,1371,1536
#52,1398,1536
#52,1363,1536
#52,1086,1536
#52,1107,1536
52,1265,1536,276.455
#54,1516,1536
#54,1322,1536
#54,1244,1536
#54,1171,1536
#54,1086,1536
54,1267.8,1536,293.297
#56,1518,1536
#56,1243,1536
#56,1229,1536
#56,1218,1536
#56,1180,1536
56,1277.6,1536,244.015
#58,1445,1536
#58,1338,1536
#58,1266,1536
#58,1185,1536
#58,1167,1536
58,1280.2,1536,205.093
#60,1432,1536
#60,1252,1536
#60,1153,1536
#60,1151,1536
#60,1190,1536
60,1235.6,1536,209.573
#63,1301,1536
#63,1278,1536
#63,1167,1536
#63,1150,1536
#63,1131,1536
63,1205.4,1536,139.969
#66,1535,1536
#66,1606,1536
#66,1399,1536
#66,1316,1536
#66,1324,1536
66,1436,1536,231.541
#69,1447,1536
#69,1380,1536
#69,1257,1536
#69,1253,1536
#69,1225,1536
69,1312.4,1536,171.868
#72,1697,1536
#72,1595,1536
#72,1453,1536
#72,1387,1536
#72,1282,1536
72,1482.8,1536,295.102
#75,1496,1536
#75,1401,1536
#75,1284,1536
#75,1303,1536
#75,1276,1536
75,1352,1536,169.559
#78,1511,1536
#78,1472,1536
#78,1310,1536
#78,1282,1536
#78,1251,1536
78,1365.2,1536,211.045
#81,1610,1536
#81,1379,1536
#81,1296,1536
#81,1279,1536
#81,1287,1536
81,1370.2,1536,250.323
#85,1705,1536
#85,1802,1536
#85,1756,1536
#85,1678,1536
#85,1500,1536
85,1688.2,1536,206.597
#89,2582,2560
#89,2632,2560
#89,2444,2560
#89,2365,2560
#89,2207,2560
89,2446,2560,305.651
#93,2680,2560
#93,2601,2560
#93,2434,2560
#93,2275,2560
#93,2255,2560
93,2449,2560,340.12
#97,2778,2560
#97,2707,2560
#97,2446,2560
#97,2416,2560
#97,2284,2560
97,2526.2,2560,372.375
#101,2861,2560
#101,2710,2560
#101,2392,2560
#101,2337,2560
#101,2241,2560
101,2508.2,2560,472.778
#106,2878,2560
#106,2880,2560
#106,2687,2560
#106,2581,2560
#106,2439,2560
106,2693,2560,342.099
#111,2955,2560
#111,2831,2560
#111,2635,2560
#111,2617,2560
#111,2517,2560
111,2711,2560,317.722
#116,3049,2560
#116,2761,2560
#116,2429,2560
#116,2412,2560
#116,2393,2560
116,2608.8,2560,517.354
#121,2699,2560
#121,2685,2560
#121,2395,2560
#121,2346,2560
#121,2356,2560
121,2496.2,2560,321.535
#127,2865,2560
#127,2550,2560
#127,2460,2560
#127,2446,2560
#127,2402,2560
127,2544.6,2560,334.544
#133,3101,2560
#133,2842,2560
#133,2609,2560
#133,2559,2560
#133,2449,2560
133,2712,2560,465.968
#139,3061,2560
#139,2743,2560
#139,2507,2560
#139,2493,2560
#139,2448,2560
139,2650.4,2560,459.105
#145,3001,2560
#145,2845,2560
#145,2592,2560
#145,2562,2560
#145,2485,2560
145,2697,2560,388.344
#152,2907,2560
#152,2745,2560
#152,2616,2560
#152,2594,2560
#152,2559,2560
152,2684.2,2560,255.811
#159,3136,2560
#159,2804,2560
#159,2661,2560
#159,2629,2560
#159,2585,2560
159,2763,2560,400.853
#166,3161,2560
#166,2915,2560
#166,2751,2560
#166,2720,2560
#166,2663,2560
166,2842,2560,360.329
#174,3409,2560
#174,2981,2560
#174,2778,2560
#174,2738,2560
#174,2713,2560
174,2923.8,2560,520.697
#182,3472,2560
#182,3209,2560
#182,3040,2560
#182,2950,2560
#182,2919,2560
182,3118,2560,407.437
#191,5029,4608
#191,4630,4608
#191,4362,4608
#191,4369,4608
#191,4320,4608
191,4542,4608,534.061
#200,5220,4608
#200,5070,4608
#200,4615,4608
#200,4518,4608
#200,4518,4608
200,4788.2,4608,594.56
#210,5451,4608
#210,4895,4608
#210,4578,4608
#210,4567,4608
#210,4504,4608
210,4799,4608,706.547
#220,5189,4608
#220,4889,4608
#220,4639,4608
#220,4577,4608
#220,4559,4608
220,4770.6,4608,480.542
#231,5294,4608
#231,5004,4608
#231,4685,4608
#231,4643,4608
#231,4596,4608
231,4844.4,4608,533.131
#242,5449,4608
#242,5146,4608
#242,4858,4608
#242,4819,4608
#242,4780,4608
242,5010.4,4608,508.882
#254,5703,4608
#254,5106,4608
#254,4906,4608
#254,4910,4608
#254,4857,4608
254,5096.4,4608,630.152
#266,5879,4608
#266,5384,4608
#266,4957,4608
#266,4913,4608
#266,4871,4608
266,5200.8,4608,771.779
#279,5598,4608
#279,5358,4608
#279,5163,4608
#279,5112,4608
#279,5027,4608
279,5251.6,4608,408.996
#292,5635,4608
#292,5381,4608
#292,5131,4608
#292,5144,4608
#292,5031,4608
292,5264.4,4608,436.08
#306,6268,4608
#306,5761,4608
#306,5396,4608
#306,5306,4608
#306,5187,4608
306,5583.6,4608,784.562
#321,6329,4608
#321,5738,4608
#321,5477,4608
#321,5437,4608
#321,5321,4608
321,5660.4,4608,722.099
#337,6704,4608
#337,6230,4608
#337,5767,4608
#337,5673,4608
#337,5536,4608
337,5982,4608,859.493
#353,6719,4608
#353,6172,4608
#353,5672,4608
#353,5610,4608
#353,5567,4608
353,5948,4608,885.527
#370,7074,4608
#370,6429,4608
#370,5980,4608
#370,5862,4608
#370,5752,4608
370,6219.4,4608,970.684
#388,11249,8704
#388,9583,8704
#388,9022,8704
#388,8801,8704
#388,8707,8704
388,9472.4,8704,1877.87
#407,10218,8704
#407,9520,8704
#407,8980,8704
#407,8869,8704
#407,8847,8704
407,9286.8,8704,1052.09
#427,11111,8704
#427,10270,8704
#427,9703,8704
#427,28883,8704
#427,9358,8704
427,13865,8704,15064.8
#448,10840,8704
#448,10101,8704
#448,9671,8704
#448,9492,8704
#448,9312,8704
448,9883.2,8704,1090.78
#470,10960,8704
#470,10144,8704
#470,9674,8704
#470,9659,8704
#470,9547,8704
470,9996.8,8704,1046.92
#493,11146,8704
#493,10322,8704
#493,9924,8704
#493,9790,8704
#493,9642,8704
493,10164.8,8704,1080.46
#517,11867,8704
#517,10859,8704
#517,10369,8704
#517,10078,8704
#517,9941,8704
517,10622.8,8704,1394.24
#542,11317,8704
#542,10592,8704
#542,10269,8704
#542,10110,8704
#542,9992,8704
542,10456,8704,950.704
#569,11661,8704
#569,10768,8704
#569,10311,8704
#569,10226,8704
#569,10131,8704
569,10619.4,8704,1129.75
#597,11908,8704
#597,11266,8704
#597,10716,8704
#597,10514,8704
#597,10407,8704
597,10962.2,8704,1115.91
#626,12793,8704
#626,11610,8704
#626,11008,8704
#626,10809,8704
#626,10688,8704
626,11381.6,8704,1547.32
#657,13069,8704
#657,12158,8704
#657,11506,8704
#657,11191,8704
#657,10957,8704
657,11776.2,8704,1524.12
#689,12891,8704
#689,11926,8704
#689,11417,8704
#689,11318,8704
#689,11219,8704
689,11754.2,8704,1236.85
#723,13391,8704
#723,12386,8704
#723,11720,8704
#723,11586,8704
#723,11529,8704
723,12122.4,8704,1408.72
#759,14035,8704
#759,12872,8704
#759,12175,8704
#759,12092,8704
#759,11907,8704
759,12616.2,8704,1562.26
#796,22609,16896
#796,19373,16896
#796,18461,16896
#796,18165,16896
#796,17824,16896
796,19286.4,16896,3478.46
#835,21655,16896
#835,20409,16896
#835,19333,16896
#835,18780,16896
#835,18511,16896
835,19737.6,16896,2317.32
#876,20693,16896
#876,19722,16896
#876,18957,16896
#876,18715,16896
#876,18437,16896
876,19304.8,16896,1630.47
#919,20924,16896
#919,19860,16896
#919,19101,16896
#919,18865,16896
#919,18646,16896
919,19479.2,16896,1660.59
#964,21055,16896
#964,19780,16896
#964,19528,16896
#964,19136,16896
#964,18808,16896
964,19661.4,16896,1543.59
#1012,21965,16896
#1012,20963,16896
#1012,19922,16896
#1012,19655,16896
#1012,19530,16896
1012,20407,16896,1856.09
#1062,22819,16896
#1062,21318,16896
#1062,20462,16896
#1062,20088,16896
#1062,19942,16896
1062,20925.8,16896,2120.93
#1115,22576,16896
#1115,21627,16896
#1115,20594,16896
#1115,20070,16896
#1115,19889,16896
1115,20951.2,16896,2025.65
#1170,24341,16896
#1170,22605,16896
#1170,21481,16896
#1170,21137,16896
#1170,20761,16896
1170,22065,16896,2588.35
#1228,24738,16896
#1228,23639,16896
#1228,22292,16896
#1228,21888,16896
#1228,21675,16896
1228,22846.4,16896,2333.14
#1289,25093,16896
#1289,24009,16896
#1289,22991,16896
#1289,22455,16896
#1289,22115,16896
1289,23332.6,16896,2177.33
#1353,25146,16896
#1353,23808,16896
#1353,23069,16896
#1353,22575,16896
#1353,22216,16896
1353,23362.8,16896,2078.48
#1420,26681,16896
#1420,25032,16896
#1420,23818,16896
#1420,23261,16896
#1420,22903,16896
1420,24339,16896,2751.12
#1491,28106,16896
#1491,26683,16896
#1491,25018,16896
#1491,24261,16896
#1491,24013,16896
1491,25616.2,16896,3111.5
#1565,44675,33280
#1565,39624,33280
#1565,38040,33280
#1565,37385,33280
#1565,36462,33280
1565,39237.2,33280,5816.18
#1643,40898,33280
#1643,48228,33280
#1643,51050,33280
#1643,54915,33280
#1643,47883,33280
1643,48594.8,33280,9202.39
#1725,36935,33280
#1725,35636,33280
#1725,34698,33280
#1725,33975,33280
#1725,33305,33280
1725,34909.8,33280,2549.18
#1811,38743,33280
#1811,59321,33280
#1811,50876,33280
#1811,35312,33280
#1811,35081,33280
1811,43866.6,33280,19278.8
#1901,58520,33280
#1901,42763,33280
#1901,50855,33280
#1901,36121,33280
#1901,35435,33280
1901,44738.8,33280,17710.1
#1996,38159,33280
#1996,37175,33280
#1996,36142,33280
#1996,35401,33280
#1996,34954,33280
1996,36366.2,33280,2340
#2095,39135,33280
#2095,38256,33280
#2095,36958,33280
#2095,36321,33280
#2095,35933,33280
2095,37320.6,33280,2403.85
#2199,39852,33280
#2199,39077,33280
#2199,37715,33280
#2199,36901,33280
#2199,36525,33280
2199,38014,33280,2538.27
#2308,41918,33280
#2308,40546,33280
#2308,39229,33280
#2308,38551,33280
#2308,37901,33280
2308,39629,33280,2882.84
#2423,42985,33280
#2423,41626,33280
#2423,40373,33280
#2423,39521,33280
#2423,38969,33280
2423,40694.8,33280,2908.18
#2544,44862,33280
#2544,43401,33280
#2544,41935,33280
#2544,40783,33280
#2544,40255,33280
2544,42247.2,33280,3391.59
#2671,44194,33280
#2671,43117,33280
#2671,41735,33280
#2671,40780,33280
#2671,40420,33280
2671,42049.2,33280,2843.13
#2804,46415,33280
#2804,45197,33280
#2804,43814,33280
#2804,42812,33280
#2804,42216,33280
2804,44090.8,33280,3079.27
#2944,49817,33280
#2944,47825,33280
#2944,46368,33280
#2944,45236,33280
#2944,121478,33280
2944,62144.8,33280,59412.3
#3091,50724,33280
#3091,48580,33280
#3091,46612,33280
#3091,45343,33280
#3091,44597,33280
3091,47171.2,33280,4462.16
#3245,82630,66048
#3245,75571,66048
#3245,73536,66048
#3245,72190,66048
#3245,71433,66048
3245,75072,66048,8063.74
#3407,74640,66048
#3407,73247,66048
#3407,71658,66048
#3407,70625,66048
#3407,69899,66048
3407,72013.8,66048,3457.8
#3577,75587,66048
#3577,74107,66048
#3577,72777,66048
#3577,71641,66048
#3577,70999,66048
3577,73022.2,66048,3324.59
#3755,78528,66048
#3755,77129,66048
#3755,75468,66048
#3755,74312,66048
#3755,73439,66048
3755,75775.2,66048,3699.06
#3942,77838,66048
#3942,76031,66048
#3942,74777,66048
#3942,73707,66048
#3942,73386,66048
3942,75147.8,66048,3266.14
#4139,79375,66048
#4139,78325,66048
#4139,76663,66048
#4139,75928,66048
#4139,75514,66048
4139,77161,66048,2930.88
#4345,83562,66048
#4345,81574,66048
#4345,79777,66048
#4345,78843,66048
#4345,78301,66048
4345,80411.4,66048,3856.84
#4562,81496,66048
#4562,80101,66048
#4562,78809,66048
#4562,77987,66048
#4562,77406,66048
4562,79159.8,66048,2955.4
#4790,85293,66048
#4790,84023,66048
#4790,82640,66048
#4790,81418,66048
#4790,80906,66048
4790,82856,66048,3251.81
#5029,88898,66048
#5029,86811,66048
#5029,85399,66048
#5029,84392,66048
#5029,83999,66048
5029,85899.8,66048,3572.87
#5280,87666,66048
#5280,86210,66048
#5280,84646,66048
#5280,83624,66048
#5280,82902,66048
5280,85009.6,66048,3463.12
#5544,94493,66048
#5544,93089,66048
#5544,91516,66048
#5544,90096,66048
#5544,89741,66048
5544,91787,66048,3592.96
#5821,97533,66048
#5821,95547,66048
#5821,94098,66048
#5821,92770,66048
#5821,92296,66048
5821,94448.8,66048,3825.63
#6112,102196,66048
#6112,100732,66048
#6112,99792,66048
#6112,98174,66048
#6112,97579,66048
6112,99694.6,66048,3362.22
#6417,163130,131584
#6417,145592,131584
#6417,144072,131584
#6417,143175,131584
#6417,142685,131584
6417,147731,131584,15525.8
#6737,175482,131584
#6737,171792,131584
#6737,170428,131584
#6737,169470,131584
#6737,177347,131584
6737,172904,131584,6036.28
#7073,171658,131584
#7073,168330,131584
#7073,168310,131584
#7073,166896,131584
#7073,166453,131584
7073,168329,131584,3650.26
#7426,166839,131584
#7426,165244,131584
#7426,164067,131584
#7426,163817,131584
#7426,163194,131584
7426,164632,131584,2576.31
#7797,156103,131584
#7797,153960,131584
#7797,152558,131584
#7797,194946,131584
#7797,151483,131584
7797,161810,131584,33279.8
#8186,258927,131584
#8186,160092,131584
#8186,158161,131584
#8186,156772,131584
#8186,156566,131584
8186,178104,131584,80862.6
#8595,181376,131584
#8595,178461,131584
#8595,177819,131584
#8595,176703,131584
#8595,176057,131584
8595,178083,131584,3694.92
#9024,167541,131584
#9024,165750,131584
#9024,164102,131584
#9024,163281,131584
#9024,163115,131584
9024,164758,131584,3351.47
#9475,195571,131584
#9475,193099,131584
#9475,191542,131584
#9475,191015,131584
#9475,190985,131584
9475,192442,131584,3486.14
#9948,278397,131584
#9948,332945,131584
#9948,303381,131584
#9948,238771,131584
#9948,260871,131584
9948,282873,131584,65585.9
#10445,260265,131584
#10445,185924,131584
#10445,181851,131584
#10445,181668,131584
#10445,181171,131584
10445,198176,131584,62182.6
#10967,193224,131584
#10967,191913,131584
#10967,190432,131584
#10967,192226,131584
#10967,193220,131584
10967,192203,131584,2058.7
#11515,221068,131584
#11515,213221,131584
#11515,213117,131584
#11515,211997,131584
#11515,265148,131584
11515,224910,131584,40756
#12090,202162,131584
#12090,200800,131584
#12090,199616,131584
#12090,199064,131584
#12090,198598,131584
12090,200048,131584,2575.56
#12694,321404,262656
#12694,297837,262656
#12694,296765,262656
#12694,296728,262656
#12694,296928,262656
12694,301932,262656,19488.4
#13328,367824,262656
#13328,340449,262656
#13328,360627,262656
#13328,359131,262656
#13328,359374,262656
13328,357481,262656,18182.8
#13994,361070,262656
#13994,359033,262656
#13994,433416,262656
#13994,372247,262656
#13994,358130,262656
13994,376779,262656,57534.5
#14693,356143,262656
#14693,312298,262656
#14693,311633,262656
#14693,311319,262656
#14693,311490,262656
14693,320577,262656,35572.6
#15427,342026,262656
#15427,317690,262656
#15427,316970,262656
#15427,316572,262656
#15427,316398,262656
15427,321931,262656,20114.5
#16198,387494,262656
#16198,385629,262656
#16198,383544,262656
#16198,446773,262656
#16198,391842,262656
16198,399056,262656,48029.5
#17007,396208,262656
#17007,341812,262656
#17007,340667,262656
#17007,339643,262656
#17007,339259,262656
17007,351518,262656,44725.3
#17857,366550,262656
#17857,343545,262656
#17857,341860,262656
#17857,341484,262656
#17857,341317,262656
17857,346951,262656,19662.6
#18749,420039,262656
#18749,449258,262656
#18749,418509,262656
#18749,418874,262656
#18749,417191,262656
18749,424774,262656,24551.1
#19686,414661,262656
#19686,368954,262656
#19686,367527,262656
#19686,367266,262656
#19686,406629,262656
19686,385007,262656,42188.7
#20670,376830,262656
#20670,375140,262656
#20670,392011,262656
#20670,382903,262656
#20670,382674,262656
20670,381912,262656,11840.2
#21703,381520,262656
#21703,380296,262656
#21703,379430,262656
#21703,379001,262656
#21703,378658,262656
21703,379781,262656,2055.64
#22788,468948,262656
#22788,508637,262656
#22788,466236,262656
#22788,464581,262656
#22788,475618,262656
22788,476804,262656,32711.4
#23927,464868,262656
#23927,418991,262656
#23927,462661,262656
#23927,418573,262656
#23927,418101,262656
23927,436639,262656,44321.6
#25123,712623,524800
#25123,674648,524800
#25123,678495,524800
#25123,612945,524800
#25123,635494,524800
25123,662841,524800,69858
#26379,770472,524800
#26379,1052694,524800
#26379,900307,524800
#26379,769915,524800
#26379,842891,524800
26379,867256,524800,209601
#27697,761936,524800
#27697,632882,524800
#27697,658437,524800
#27697,646678,524800
#27697,690231,524800
27697,678033,524800,92062
#29081,696612,524800
#29081,669340,524800
#29081,676194,524800
#29081,652476,524800
#29081,651691,524800
29081,669263,524800,33305.7
#30535,738629,524800
#30535,673149,524800
#30535,671895,524800
#30535,671246,524800
#30535,670515,524800
30535,685087,524800,53570.2
#32061,841209,524800
#32061,728339,524800
#32061,674850,524800
#32061,674968,524800
#32061,711798,524800
32061,726233,524800,122313
#33664,803432,524800
#33664,723509,524800
#33664,708211,524800
#33664,716562,524800
#33664,710318,524800
33664,732406,524800,71822.9
#35347,754869,524800
#35347,728649,524800
#35347,727961,524800
#35347,728263,524800
#35347,728777,524800
35347,733704,524800,21173
#37114,779934,524800
#37114,727455,524800
#37114,727770,524800
#37114,730676,524800
#37114,762372,524800
37114,745641,524800,43174
#38969,956857,524800
#38969,798460,524800
#38969,751168,524800
#38969,796430,524800
#38969,786909,524800
38969,817965,524800,143001
#40917,921440,524800
#40917,767082,524800
#40917,766894,524800
#40917,832781,524800
#40917,801794,524800
40917,817998,524800,114492
#42962,795016,524800
#42962,792266,524800
#42962,823170,524800
#42962,831239,524800
#42962,856119,524800
42962,819562,524800,47609.8
#45110,845420,524800
#45110,901770,524800
#45110,850811,524800
#45110,849325,524800
#45110,823025,524800
45110,854070,524800,51745.8
#47365,1000241,524800
#47365,894791,524800
#47365,887995,524800
#47365,870528,524800
#47365,871935,524800
47365,905098,524800,96936.3
#49733,1012333,524800
#49733,904247,524800
#49733,904706,524800
#49733,943435,524800
#49733,943667,524800
49733,941678,524800,78827.3
#52219,1501172,1049088
#52219,1365085,1049088
#52219,1286397,1049088
#52219,1289248,1049088
#52219,1286825,1049088
52219,1.34575e+06,1049088,166655
#54829,1700933,1049088
#54829,1711177,1049088
#54829,1663078,1049088
#54829,1620657,1049088
#54829,1621213,1049088
54829,1.66341e+06,1049088,76410.4
#57570,1341368,1049088
#57570,1372139,1049088
#57570,1362404,1049088
#57570,1404513,1049088
#57570,1379484,1049088
57570,1.37198e+06,1049088,41410.4
#60448,1585988,1049088
#60448,1458687,1049088
#60448,1386504,1049088
#60448,1385518,1049088
#60448,1390535,1049088
60448,1.44145e+06,1049088,154734
#63470,1605757,1049088
#63470,1423449,1049088
#63470,1468854,1049088
#63470,1421729,1049088
#63470,1424452,1049088
63470,1.46885e+06,1049088,141411
#66643,1778715,1049088
#66643,1421428,1049088
#66643,1423370,1049088
#66643,1462792,1049088
#66643,1452989,1049088
66643,1.50786e+06,1049088,272783
#69975,1781895,1049088
#69975,1615764,1049088
#69975,1527766,1049088
#69975,1473889,1049088
#69975,1460776,1049088
69975,1.57202e+06,1049088,236515
#73473,1507692,1049088
#73473,1532497,1049088
#73473,1577731,1049088
#73473,1535651,1049088
#73473,1532785,1049088
73473,1.53727e+06,1049088,45232.5
#77146,1896264,1049088
#77146,1539937,1049088
#77146,1617689,1049088
#77146,1576743,1049088
#77146,1611639,1049088
77146,1.64845e+06,1049088,253976
#81003,1868934,1049088
#81003,1588685,1049088
#81003,1628047,1049088
#81003,1586954,1049088
#81003,1610516,1049088
81003,1.65663e+06,1049088,214453
#85053,1682945,1049088
#85053,1738317,1049088
#85053,1641670,1049088
#85053,1639623,1049088
#85053,1713039,1049088
85053,1.68312e+06,1049088,77727.6
#89305,1718665,1049088
#89305,1770284,1049088
#89305,1735841,1049088
#89305,1737404,1049088
#89305,1797433,1049088
89305,1.75193e+06,1049088,56454
#93770,2127585,1049088
#93770,1814906,1049088
#93770,1849556,1049088
#93770,1758675,1049088
#93770,1823329,1049088
93770,1.87481e+06,1049088,259629
#98458,2098048,1049088
#98458,1943278,1049088
#98458,1907216,1049088
#98458,1908473,1049088
#98458,1906520,1049088
98458,1.95271e+06,1049088,147979
#103380,3161766,2097664
#103380,2897240,2097664
#103380,2702173,2097664
#103380,2612276,2097664
#103380,2712025,2097664
103380,2.8171e+06,2097664,391325
#108549,3345562,2097664
#108549,3409370,2097664
#108549,3324196,2097664
#108549,3319546,2097664
#108549,3438115,2097664
108549,3.36736e+06,2097664,95480.1
#113976,3388284,2097664
#113976,2758513,2097664
#113976,2815358,2097664
#113976,2808273,2097664
#113976,2868243,2097664
113976,2.92773e+06,2097664,465773
#119674,3287610,2097664
#119674,2869259,2097664
#119674,2889974,2097664
#119674,2885011,2097664
#119674,2848078,2097664
119674,2.95599e+06,2097664,332909
#125657,3040102,2097664
#125657,2871326,2097664
#125657,2910146,2097664
#125657,2863376,2097664
#125657,2903041,2097664
125657,2.9176e+06,2097664,127611
#131939,3661941,2097664
#131939,2927765,2097664
#131939,3058375,2097664
#131939,2914919,2097664
#131939,2971815,2097664
131939,3.10696e+06,2097664,563999
#138535,3594579,2097664
#138535,3026536,2097664
#138535,3064730,2097664
#138535,3002002,2097664
#138535,3037277,2097664
138535,3.14502e+06,2097664,451354
#145461,3339237,2097664
#145461,3097507,2097664
#145461,3149911,2097664
#145461,3143049,2097664
#145461,3141434,2097664
145461,3.17423e+06,2097664,169122
#152734,3933964,2097664
#152734,3221590,2097664
#152734,3179620,2097664
#152734,3194351,2097664
#152734,3192872,2097664
152734,3.34448e+06,2097664,590116
#160370,3782169,2097664
#160370,3308977,2097664
#160370,3316738,2097664
#160370,3353805,2097664
#160370,3337088,2097664
160370,3.41976e+06,2097664,363771
#168388,3646660,2097664
#168388,3404285,2097664
#168388,3438945,2097664
#168388,3452440,2097664
#168388,3429465,2097664
168388,3.47436e+06,2097664,175153
#176807,3715490,2097664
#176807,3544181,2097664
#176807,3562708,2097664
#176807,3545782,2097664
#176807,3614696,2097664
176807,3.59657e+06,2097664,129433
#185647,4582415,2097664
#185647,3736456,2097664
#185647,3631196,2097664
#185647,3693060,2097664
#185647,3710225,2097664
185647,3.87067e+06,2097664,715111
#194929,4291846,2097664
#194929,3875438,2097664
#194929,3855503,2097664
#194929,3881190,2097664
#194929,3835303,2097664
194929,3.94786e+06,2097664,345503
#204675,6693187,4194816
#204675,6045244,4194816
#204675,5530783,4194816
#204675,5744898,4194816
#204675,5633813,4194816
204675,5.92958e+06,4194816,837663
#214908,7296792,4194816
#214908,7045289,4194816
#214908,7018355,4194816
#214908,7135470,4194816
#214908,7023464,4194816
214908,7.10387e+06,4194816,210575
#225653,7025767,4194816
#225653,6024381,4194816
#225653,5954770,4194816
#225653,5987138,4194816
#225653,5943827,4194816
225653,6.18718e+06,4194816,840468
#236935,6802680,4194816
#236935,6176785,4194816
#236935,6163456,4194816
#236935,6146097,4194816
#236935,6234142,4194816
236935,6.30463e+06,4194816,501541
#248781,6814507,4194816
#248781,6425315,4194816
#248781,6370180,4194816
#248781,6400074,4194816
#248781,6432924,4194816
248781,6.4886e+06,4194816,328853
#261220,7813710,4194816
#261220,6624370,4194816
#261220,6512604,4194816
#261220,6542891,4194816
#261220,6548618,4194816
261220,6.80844e+06,4194816,1.00797e+06
#274281,7731417,4194816
#274281,6762208,4194816
#274281,6861608,4194816
#274281,6936626,4194816
#274281,6767466,4194816
274281,7.01186e+06,4194816,731055
#287995,7550097,4194816
#287995,6932569,4194816
#287995,6911633,4194816
#287995,6795631,4194816
#287995,6812217,4194816
287995,7.00043e+06,4194816,559993
#302394,8294960,4194816
#302394,7124739,4194816
#302394,7173918,4194816
#302394,8452939,4194816
#302394,7153802,4194816
302394,7.64007e+06,4194816,1.20298e+06
#317513,8048482,4194816
#317513,7265179,4194816
#317513,7187430,4194816
#317513,7225691,4194816
#317513,7163873,4194816
317513,7.37813e+06,4194816,673878
#333388,8007449,4194816
#333388,7508271,4194816
#333388,7392458,4194816
#333388,7537364,4194816
#333388,7501425,4194816
333388,7.58939e+06,4194816,429493
#350057,8074562,4194816
#350057,7785268,4194816
#350057,7730499,4194816
#350057,7945849,4194816
#350057,7765357,4194816
350057,7.86031e+06,4194816,260337
#367559,9307868,4194816
#367559,8007104,4194816
#367559,8070816,4194816
#367559,7995934,4194816
#367559,8057536,4194816
367559,8.28785e+06,4194816,1.02161e+06
#385936,9136249,4194816
#385936,8367580,4194816
#385936,8311754,4194816
#385936,8508662,4194816
#385936,8343721,4194816
385936,8.53359e+06,4194816,617505
#405232,14238803,8389120
#405232,13564620,8389120
#405232,12736415,8389120
#405232,12631635,8389120
#405232,12586596,8389120
405232,1.31516e+07,8389120,1.30064e+06
#425493,15819851,8389120
#425493,15474491,8389120
#425493,15206575,8389120
#425493,15286307,8389120
#425493,15380863,8389120
425493,1.54336e+07,8389120,426032
#446767,15685032,8389120
#446767,14418295,8389120
#446767,14355840,8389120
#446767,14377095,8389120
#446767,14403935,8389120
446767,1.4648e+07,8389120,1.03789e+06
#469105,15123509,8389120
#469105,14939502,8389120
#469105,15006354,8389120
#469105,15177176,8389120
#469105,15024004,8389120
469105,1.50541e+07,8389120,170372
#492560,15604631,8389120
#492560,15518272,8389120
#492560,15726947,8389120
#492560,15542324,8389120
#492560,15578129,8389120
492560,1.55941e+07,8389120,145451
#517188,17555399,8389120
#517188,16195788,8389120
#517188,16156683,8389120
#517188,16302891,8389120
#517188,16221581,8389120
517188,1.64865e+07,8389120,1.07321e+06
#543047,17818243,8389120
#543047,16766967,8389120
#543047,17449379,8389120
#543047,16742847,8389120
#543047,16765392,8389120
543047,1.71086e+07,8389120,889046
#570199,18126508,8389120
#570199,17348895,8389120
#570199,17539793,8389120
#570199,17372370,8389120
#570199,17468697,8389120
570199,1.75713e+07,8389120,571883
#598708,19534214,8389120
#598708,18113260,8389120
#598708,17991802,8389120
#598708,34089553,8389120
#598708,43088257,8389120
598708,2.65634e+07,8389120,2.04744e+07
#628643,24412456,8389120
#628643,19595078,8389120
#628643,20623311,8389120
#628643,19191389,8389120
#628643,19066455,8389120
628643,2.05777e+07,8389120,3.98785e+06
#660075,19999393,8389120
#660075,19497025,8389120
#660075,19448592,8389120
#660075,19461265,8389120
#660075,19624760,8389120
660075,1.96062e+07,8389120,412515
#693078,20671927,8389120
#693078,20189864,8389120
#693078,20395640,8389120
#693078,20292619,8389120
#693078,20332355,8389120
693078,2.03765e+07,8389120,324298
#727731,22801601,8389120
#727731,21402291,8389120
#727731,21285227,8389120
#727731,21424177,8389120
#727731,21583398,8389120
727731,2.16993e+07,8389120,1.11852e+06
#764117,23435073,8389120
#764117,22159708,8389120
#764117,24651268,8389120
#764117,22521999,8389120
#764117,22281739,8389120
764117,2.301e+07,8389120,1.86889e+06
#802322,24061413,8389120
#802322,23454224,8389120
#802322,23492923,8389120
#802322,23712227,8389120
#802322,23660576,8389120
802322,2.36763e+07,8389120,431551
#842438,33174876,16777728
#842438,33071922,16777728
#842438,34813047,16777728
#842438,33186378,16777728
#842438,33681378,16777728
842438,3.35855e+07,16777728,1.29853e+06
#884559,41047697,16777728
#884559,36360328,16777728
#884559,35449841,16777728
#884559,35821306,16777728
#884559,35549765,16777728
884559,3.68458e+07,16777728,4.2492e+06
#928786,40661788,16777728
#928786,37898394,16777728
#928786,37743205,16777728
#928786,38098149,16777728
#928786,38052604,16777728
928786,3.84908e+07,16777728,2.18526e+06
#975225,44812377,16777728
#975225,40245564,16777728
#975225,40594534,16777728
#975225,40277271,16777728
#975225,40388720,16777728
975225,4.12637e+07,16777728,3.55709e+06
#1023986,45702555,16777728
#1023986,43140611,16777728
#1023986,43234010,16777728
#1023986,42821145,16777728
#1023986,42831626,16777728
1023986,4.3546e+07,16777728,2.1814e+06
#1075185,48636969,16777728
#1075185,45957068,16777728
#1075185,45040869,16777728
#1075185,45644248,16777728
#1075185,45104945,16777728
1075185,4.60768e+07,16777728,2.64931e+06
#1128944,51423458,16777728
#1128944,48374533,16777728
#1128944,48533808,16777728
#1128944,48296681,16777728
#1128944,48264092,16777728
1128944,4.89785e+07,16777728,2.45204e+06
#1185391,52372749,16777728
#1185391,52201104,16777728
#1185391,51933761,16777728
#1185391,51965656,16777728
#1185391,51809356,16777728
1185391,5.20565e+07,16777728,405286
#1244660,57566216,16777728
#1244660,54225712,16777728
#1244660,54000770,16777728
#1244660,53885058,16777728
#1244660,54264544,16777728
1244660,5.47885e+07,16777728,2.79194e+06
#1306893,60671763,16777728
#1306893,57853557,16777728
#1306893,58092530,16777728
#1306893,57868295,16777728
#1306893,58077968,16777728
1306893,5.85128e+07,16777728,2.16828e+06
#1372237,63230652,16777728
#1372237,62532352,16777728
#1372237,62520571,16777728
#1372237,62094296,16777728
#1372237,62285207,16777728
1372237,6.25326e+07,16777728,769797
#1440848,65423949,16777728
#1440848,65624914,16777728
#1440848,65767596,16777728
#1440848,66123382,16777728
#1440848,65536822,16777728
1440848,6.56953e+07,16777728,483472
#1512890,74129262,16777728
#1512890,71006580,16777728
#1512890,70533401,16777728
#1512890,70453320,16777728
#1512890,70996462,16777728
1512890,7.14238e+07,16777728,2.74385e+06
#1588534,77800449,16777728
#1588534,74925600,16777728
#1588534,74853108,16777728
#1588534,74790257,16777728
#1588534,75753283,16777728
1588534,7.56245e+07,16777728,2.28575e+06
#1667960,100672715,33554944
#1667960,103375187,33554944
#1667960,103793466,33554944
#1667960,103142212,33554944
#1667960,102632334,33554944
1667960,1.02723e+08,33554944,2.18337e+06
#1751358,109797419,33554944
#1751358,109458450,33554944
#1751358,109270579,33554944
#1751358,108523514,33554944
#1751358,108869753,33554944
1751358,1.09184e+08,33554944,891782
#1838925,112696756,33554944
#1838925,116446539,33554944
#1838925,115802219,33554944
#1838925,115260711,33554944
#1838925,115600343,33554944
1838925,1.15161e+08,33554944,2.5829e+06
#1930871,118839786,33554944
#1930871,122608156,33554944
#1930871,122119567,33554944
#1930871,121780831,33554944
#1930871,121528137,33554944
1930871,1.21375e+08,33554944,2.63674e+06
#2027414,130833570,33554944
#2027414,129034747,33554944
#2027414,129659726,33554944
#2027414,129780975,33554944
#2027414,130359400,33554944
2027414,1.29934e+08,33554944,1.23207e+06
#2128784,134711513,33554944
#2128784,137965154,33554944
#2128784,138422850,33554944
#2128784,137625274,33554944
#2128784,139375731,33554944
2128784,1.3762e+08,33554944,3.13759e+06
#2235223,143645592,33554944
#2235223,145767997,33554944
#2235223,146274507,33554944
#2235223,146185485,33554944
#2235223,146055804,33554944
2235223,1.45586e+08,33554944,1.97027e+06
#2346984,157765191,33554944
#2346984,155104373,33554944
#2346984,154703889,33554944
#2346984,155602464,33554944
#2346984,154649589,33554944
2346984,1.55565e+08,33554944,2.30372e+06
#2464333,161981448,33554944
#2464333,164462128,33554944
#2464333,164805710,33554944
#2464333,164913004,33554944
#2464333,164421261,33554944
2464333,1.64117e+08,33554944,2.16891e+06
#2587549,171515649,33554944
#2587549,173593409,33554944
#2587549,174483474,33554944
#2587549,175450691,33554944
#2587549,174288058,33554944
2587549,1.73866e+08,33554944,2.63349e+06
#2716926,186559607,33554944
#2716926,184601779,33554944
#2716926,185014467,33554944
#2716926,184787570,33554944
#2716926,184689285,33554944
2716926,1.85131e+08,33554944,1.45537e+06
#2852772,191520152,33554944
#2852772,195928215,33554944
#2852772,196446353,33554944
#2852772,200253880,33554944
#2852772,195728799,33554944
2852772,1.95975e+08,33554944,5.54541e+06
#2995410,209481823,33554944
#2995410,208129790,33554944
#2995410,212846338,33554944
#2995410,207649122,33554944
#2995410,207575800,33554944
2995410,2.09137e+08,33554944,3.95411e+06
#3145180,219630324,33554944
#3145180,221439313,33554944
#3145180,221086891,33554944
#3145180,221366911,33554944
#3145180,221330246,33554944
3145180,2.20971e+08,33554944,1.36117e+06
#3302439,273240070,67109376
#3302439,273400490,67109376
#3302439,273527919,67109376
#3302439,276219354,67109376
#3302439,273883930,67109376
3302439,2.74054e+08,67109376,2.20617e+06
#3467560,286851595,67109376
#3467560,288865740,67109376
#3467560,290006242,67109376
#3467560,289241629,67109376
#3467560,293614305,67109376
3467560,2.89716e+08,67109376,4.4212e+06
#3640938,301973619,67109376
#3640938,308845255,67109376
#3640938,305037844,67109376
#3640938,304485399,67109376
#3640938,305541094,67109376
3640938,3.05177e+08,67109376,4.41343e+06
#3822984,318260953,67109376
#3822984,320787962,67109376
#3822984,322322190,67109376
#3822984,320488459,67109376
#3822984,320755621,67109376
3822984,3.20523e+08,67109376,2.60453e+06
#4014133,341116393,67109376
#4014133,339725851,67109376
#4014133,339882465,67109376
#4014133,338847797,67109376
#4014133,338938932,67109376
4014133,3.39702e+08,67109376,1.63599e+06
#4214839,354254628,67109376
#4214839,357239603,67109376
#4214839,357277354,67109376
#4214839,356865945,67109376
#4214839,362356577,67109376
4214839,3.57599e+08,67109376,5.26037e+06
#4425580,373910920,67109376
#4425580,380234030,67109376
#4425580,376922358,67109376
#4425580,376946936,67109376
#4425580,376807802,67109376
4425580,3.76964e+08,67109376,4.00408e+06
#4646859,399488045,67109376
#4646859,407222719,67109376
#4646859,401042604,67109376
#4646859,402977274,67109376
#4646859,411245050,67109376
4646859,4.04395e+08,67109376,8.5905e+06
#4879201,420261060,67109376
#4879201,428845832,67109376
#4879201,425188347,67109376
#4879201,425878237,67109376
#4879201,421900175,67109376
4879201,4.24415e+08,67109376,6.06307e+06
#5123161,446156907,67109376
#5123161,450562249,67109376
#5123161,447316097,67109376
#5123161,447471257,67109376
#5123161,453386191,67109376
5123161,4.48979e+08,67109376,5.28642e+06
#5379319,490616439,67109376
#5379319,468696644,67109376
#5379319,476801771,67109376
#5379319,475458542,67109376
#5379319,472002752,67109376
5379319,4.76715e+08,67109376,1.50023e+07
#5648284,503590402,67109376
#5648284,496384708,67109376
#5648284,497397802,67109376
#5648284,494491226,67109376
#5648284,496064351,67109376
5648284,4.97586e+08,67109376,6.28805e+06
#5930698,525547896,67109376
#5930698,524582741,67109376
#5930698,523414379,67109376
#5930698,522023367,67109376
#5930698,522324085,67109376
5930698,5.23578e+08,67109376,2.66922e+06
#6227232,552358533,67109376
#6227232,555467694,67109376
#6227232,553586797,67109376
#6227232,554651325,67109376
#6227232,553906379,67109376
6227232,5.53994e+08,67109376,2.08846e+06
#6538593,663008467,134218240
#6538593,668031101,134218240
#6538593,665058744,134218240
#6538593,664111292,134218240
#6538593,664196956,134218240
6538593,6.64881e+08,134218240,3.4084e+06
#6865522,695201060,134218240
#6865522,697651206,134218240
#6865522,702840400,134218240
#6865522,732532999,134218240
#6865522,704537440,134218240
6865522,7.06553e+08,134218240,2.68464e+07
#7208798,735046427,134218240
#7208798,739457426,134218240
#7208798,739840266,134218240
#7208798,742417728,134218240
#7208798,736498215,134218240
7208798,7.38652e+08,134218240,5.20618e+06
#7569237,768189070,134218240
#7569237,776765960,134218240
#7569237,770733998,134218240
#7569237,770603335,134218240
#7569237,768866586,134218240
7569237,7.71032e+08,134218240,6.06116e+06
#7947698,810511806,134218240
#7947698,812211559,134218240
#7947698,810207455,134218240
#7947698,813006868,134218240
#7947698,810924422,134218240
7947698,8.11372e+08,134218240,2.13055e+06
#8345082,848862297,134218240
#8345082,850550077,134218240
#8345082,856734113,134218240
#8345082,850119209,134218240
#8345082,853075834,134218240
8345082,8.51868e+08,134218240,5.58336e+06
#8762336,891784177,134218240
#8762336,894820943,134218240
#8762336,895444431,134218240
#8762336,895216700,134218240
#8762336,895664894,134218240
8762336,8.94586e+08,134218240,2.85715e+06
#9200452,937167627,134218240
#9200452,944590056,134218240
#9200452,941220639,134218240
#9200452,947054067,134218240
#9200452,940758739,134218240
9200452,9.42158e+08,134218240,6.7898e+06
#9660474,988596783,134218240
#9660474,993446043,134218240
#9660474,991064234,134218240
#9660474,993177009,134218240
#9660474,991382078,134218240
9660474,9.91533e+08,134218240,3.49014e+06
