#1,978,256
#1,168,256
#1,91,256
#1,83,256
1,330,256,751.184
#2,182,256
#2,113,256
#2,131,256
#2,143,256
2,142.25,256,50.6236
#3,166,256
#3,119,256
#3,134,256
#3,190,256
3,152.25,256,55.2517
#4,207,256
#4,143,256
#4,124,256
#4,123,256
4,149.25,256,68.562
#5,141,256
#5,134,256
#5,135,256
#5,147,256
5,139.25,256,10.4283
#6,161,256
#6,159,256
#6,151,256
#6,148,256
6,154.75,256,10.8051
#7,164,256
#7,148,256
#7,150,256
#7,147,256
7,152.25,256,13.7386
#8,1304,256
#8,159,256
#8,158,256
#8,161,256
8,445.5,256,991.313
#9,219,256
#9,180,256
#9,167,256
#9,177,256
9,185.75,256,39.5822
#10,210,256
#10,197,256
#10,198,256
#10,1068,256
10,418.25,256,750.336
#12,212,256
#12,203,256
#12,209,256
#12,199,256
12,205.75,256,10.1366
#14,570,384
#14,474,384
#14,427,384
#14,365,384
14,459,384,149.686
#16,462,384
#16,422,384
#16,431,384
#16,1348,384
16,665.75,384,788.353
#19,512,384
#19,430,384
#19,405,384
#19,401,384
19,437,384,89.4092
#22,472,384
#22,461,384
#22,1338,384
#22,445,384
22,679,384,761.19
#26,2420,896
#26,1368,896
#26,1126,896
#26,878,896
26,1448,896,1174.64
#31,1379,896
#31,1181,896
#31,1019,896
#31,946,896
31,1131.25,896,332.825
#37,1243,896
#37,979,896
#37,903,896
#37,890,896
37,1003.75,896,284.504
#44,1192,896
#44,1091,896
#44,1020,896
#44,977,896
44,1070,896,162.708
#52,2052,1536
#52,2029,1536
#52,1689,1536
#52,1586,1536
52,1839,1536,409.851
#62,2272,1536
#62,2082,1536
#62,1917,1536
#62,1772,1536
62,2010.75,1536,372.986
#74,2083,1536
#74,2213,1536
#74,2093,1536
#74,1851,1536
74,2060,1536,262.122
#88,2413,1536
#88,2252,1536
#88,2006,1536
#88,1849,1536
88,2130,1536,435.098
#105,3383,2048
#105,3411,2048
#105,2940,2048
#105,2791,2048
105,3131.25,2048,542.204
#126,3498,2048
#126,3467,2048
#126,3219,2048
#126,2973,2048
126,3289.25,2048,424.406
#151,5155,2816
#151,4928,2816
#151,4438,2816
#151,4352,2816
151,4718.25,2816,668.898
#181,5636,2816
#181,5396,2816
#181,4985,2816
#181,4635,2816
181,5163,2816,767.128
#217,9301,3968
#217,8031,3968
#217,7237,3968
#217,6784,3968
217,7838.25,3968,1910.43
#260,8139,3968
#260,7795,3968
#260,7246,3968
#260,7015,3968
260,7548.75,3968,886.33
#312,9228,3968
#312,8566,3968
#312,7798,3968
#312,7495,3968
312,8271.75,3968,1352.32
#374,12087,5760
#374,11754,5760
#374,11180,5760
#374,10719,5760
374,11435,5760,1050.97
#448,13308,5760
#448,12757,5760
#448,21808,5760
#448,11852,5760
448,14931.2,5760,8008.36
#537,19908,8448
#537,18689,8448
#537,17154,8448
#537,16490,8448
537,18060.2,8448,2663.92
#644,20278,8448
#644,18799,8448
#644,17616,8448
#644,17077,8448
644,18442.5,8448,2458.42
#772,29059,12416
#772,27671,12416
#772,25942,12416
#772,25237,12416
772,26977.2,12416,2985.83
#926,29643,12416
#926,28495,12416
#926,27162,12416
#926,25988,12416
926,27822,12416,2751.02
#1111,31659,12416
#1111,29996,12416
#1111,28386,12416
#1111,27694,12416
1111,29433.8,12416,3064.7
#1333,43219,18432
#1333,41504,18432
#1333,40022,18432
#1333,39204,18432
1333,40987.2,18432,3059.32
#1599,46525,18432
#1599,44897,18432
#1599,43265,18432
#1599,41985,18432
1599,44168,18432,3415.81
#1918,66320,27392
#1918,64440,27392
#1918,62413,27392
#1918,61043,27392
1918,63554,27392,4005.34
#2301,67429,27392
#2301,65541,27392
#2301,63513,27392
#2301,62034,27392
2301,64629.2,27392,4080.59
#2761,101644,40832
#2761,99255,40832
#2761,97433,40832
#2761,96247,40832
2761,98644.8,40832,4072.52
#3313,103231,40832
#3313,101598,40832
#3313,100041,40832
#3313,98942,40832
3313,100953,40832,3237.46
#3975,147582,61056
#3975,145344,61056
#3975,143903,61056
#3975,142911,61056
3975,144935,61056,3512.19
#4770,131775,61056
#4770,130177,61056
#4770,128587,61056
#4770,127621,61056
4770,129540,61056,3160.98
#5724,144149,61056
#5724,142214,61056
#5724,141353,61056
#5724,140602,61056
5724,142080,61056,2647.97
#6868,199560,91392
#6868,197940,91392
#6868,196718,91392
#6868,196204,91392
6868,197606,91392,2585.31
#8241,223568,91392
#8241,218784,91392
#8241,218124,91392
#8241,263161,91392
8241,230909,91392,37477.4
#9889,333953,136832
#9889,332895,136832
#9889,363770,136832
#9889,346118,136832
9889,344184,136832,24889.1
#11866,360271,136832
#11866,348265,136832
#11866,347839,136832
#11866,379077,136832
11866,358863,136832,25385.7
#14239,481360,205056
#14239,479125,205056
#14239,478838,205056
#14239,478408,205056
14239,479433,205056,2283.17
#17086,586247,205056
#17086,525171,205056
#17086,524570,205056
#17086,524202,205056
17086,540048,205056,53351.1
#20503,748838,307328
#20503,751957,307328
#20503,747105,307328
#20503,768655,307328
20503,754139,307328,17118.8
#24603,954669,307328
#24603,823681,307328
#24603,874201,307328
#24603,907685,307328
24603,890059,307328,95617.2
#29523,919011,307328
#29523,896738,307328
#29523,902428,307328
#29523,941370,307328
29523,914887,307328,34683.9
#35427,1318769,460800
#35427,1307815,460800
#35427,1353657,460800
#35427,1307841,460800
35427,1.32202e+06,460800,37607.1
#42512,1522404,460800
#42512,1369913,460800
#42512,1381715,460800
#42512,1339182,460800
42512,1.4033e+06,460800,140988
#51014,2014832,690944
#51014,1888859,690944
#51014,1826396,690944
#51014,1850893,690944
51014,1.89524e+06,690944,145083
#61216,2031343,690944
#61216,2033122,690944
#61216,2033499,690944
#61216,2033916,690944
61216,2.03297e+06,690944,1960.86
#73459,3075206,1036160
#73459,2817047,1036160
#73459,2813294,1036160
#73459,2815151,1036160
73459,2.88017e+06,1036160,225219
#88150,3041095,1036160
#88150,3039528,1036160
#88150,3036808,1036160
#88150,3037086,1036160
88150,3.03863e+06,1036160,3547.71
#105780,4693130,1554048
#105780,4506754,1554048
#105780,4231988,1554048
#105780,4220764,1554048
105780,4.41316e+06,1554048,396210
#126936,4573374,1554048
#126936,4530417,1554048
#126936,4626148,1554048
#126936,4540859,1554048
126936,4.5677e+06,1554048,74557.5
#152323,5632470,1554048
#152323,5145616,1554048
#152323,5140943,1554048
#152323,5141047,1554048
152323,5.26502e+06,1554048,424313
#182787,6870054,2330880
#182787,6842938,2330880
#182787,6770589,2330880
#182787,6816990,2330880
182787,6.82514e+06,2330880,73323.1
#219344,8549950,2330880
#219344,7523002,2330880
#219344,7484596,2330880
#219344,7522123,2330880
219344,7.76992e+06,2330880,901237
#263212,11130095,3496064
#263212,10691445,3496064
#263212,10700385,3496064
#263212,10411138,3496064
263212,1.07333e+07,3496064,513877
#315854,12836551,3496064
#315854,11569688,3496064
#315854,11638369,3496064
#315854,11772736,3496064
315854,1.19543e+07,3496064,1.02911e+06
#379024,17344867,5243904
#379024,16849787,5243904
#379024,16077431,5243904
#379024,16157616,5243904
379024,1.66074e+07,5243904,1.04201e+06
#454828,18188926,5243904
#454828,18051179,5243904
#454828,18122433,5243904
#454828,18227030,5243904
454828,1.81474e+07,5243904,133967
#545793,25498370,7865600
#545793,27677881,7865600
#545793,27694948,7865600
#545793,27630087,7865600
545793,2.71253e+07,7865600,1.87924e+06
#654951,29256313,7865600
#654951,28262424,7865600
#654951,29041327,7865600
#654951,28319169,7865600
654951,2.87198e+07,7865600,872309
#785941,41104417,11798144
#785941,41006515,11798144
#785941,41042432,11798144
#785941,40680407,11798144
785941,4.09584e+07,11798144,328599
#943129,46271437,11798144
#943129,47579095,11798144
#943129,46201797,11798144
#943129,46229308,11798144
943129,4.65704e+07,11798144,1.16579e+06
#1131754,57278665,11798144
#1131754,56131430,11798144
#1131754,55919130,11798144
#1131754,57092596,11798144
1131754,5.66055e+07,11798144,1.1774e+06
#1358104,83588827,17697024
#1358104,80168221,17697024
#1358104,80254549,17697024
#1358104,80229981,17697024
1358104,8.10604e+07,17697024,2.92026e+06
#1629724,97693769,17697024
#1629724,97612000,17697024
#1629724,98750649,17697024
#1629724,101973166,17697024
1629724,9.90074e+07,17697024,3.5404e+06
#1955668,144754718,26545280
#1955668,143120449,26545280
#1955668,145040645,26545280
#1955668,144722620,26545280
1955668,1.4441e+08,26545280,1.50904e+06
#2346801,172868967,26545280
#2346801,174916754,26545280
#2346801,173046869,26545280
#2346801,173313176,26545280
2346801,1.73536e+08,26545280,1.6249e+06
#2816161,238142504,39817728
#2816161,245946280,39817728
#2816161,247637386,39817728
#2816161,245955752,39817728
2816161,2.4442e+08,39817728,7.37879e+06
#3379393,286326976,39817728
#3379393,291387548,39817728
#3379393,292271288,39817728
#3379393,292740541,39817728
3379393,2.90682e+08,39817728,5.12128e+06
#4055271,403679394,59726336
#4055271,406621941,59726336
#4055271,406830403,59726336
#4055271,408223699,59726336
4055271,4.06339e+08,59726336,3.30864e+06
#4866325,472865801,59726336
#4866325,478570779,59726336
#4866325,468766185,59726336
#4866325,468783144,59726336
4866325,4.72246e+08,59726336,8.03041e+06
#5839590,581700161,59726336
#5839590,571901878,59726336
#5839590,571224020,59726336
#5839590,572087251,59726336
5839590,5.74228e+08,59726336,8.65163e+06
#7007508,764241438,89589248
#7007508,763966001,89589248
#7007508,764720767,89589248
#7007508,798239505,89589248
7007508,7.72792e+08,89589248,2.93893e+07
#8409009,907908268,89589248
#8409009,913530003,89589248
#8409009,915101416,89589248
#8409009,915470023,89589248
8409009,9.13002e+08,89589248,6.06e+06
