#1,1719,536
#1,1286,536
#1,501,536
#1,417,536
#1,407,536
1,866,536,1076.85
#2,1995,544
#2,1492,544
#2,1179,544
#2,1416,544
#2,1246,544
2,1465.6,544,575.35
#3,3630,552
#3,2462,552
#3,2191,552
#3,2410,552
#3,2287,552
3,2596,552,1051.18
#4,4236,568
#4,3864,568
#4,3742,568
#4,3675,568
#4,3503,568
4,3804,568,490.966
#5,3684,568
#5,3780,568
#5,3688,568
#5,3573,568
#5,3475,568
5,3640,568,210.816
#6,5576,584
#6,4704,584
#6,4530,584
#6,4562,584
#6,4620,584
6,4798.4,584,786.549
#7,5517,584
#7,4986,584
#7,4693,584
#7,4142,584
#7,4813,584
7,4830.2,584,889.362
#8,18137,608
#8,6493,608
#8,6342,608
#8,6056,608
#8,5952,608
8,8596,608,9548.87
#9,6838,608
#9,6577,608
#9,6278,608
#9,6137,608
#9,6049,608
9,6375.8,608,584.807
#10,9364,632
#10,8125,632
#10,7708,632
#10,7443,632
#10,8171,632
10,8162.2,632,1317.37
#11,10563,632
#11,9047,632
#11,8523,632
#11,8304,632
#11,8300,632
11,8947.4,632,1704.88
#12,9875,632
#12,8678,632
#12,8530,632
#12,8373,632
#12,8483,632
12,8787.8,632,1104.71
#13,12610,664
#13,10774,664
#13,9510,664
#13,9756,664
#13,9243,664
13,10378.6,664,2460.43
#14,13081,664
#14,11210,664
#14,9813,664
#14,9582,664
#14,9994,664
14,10736,664,2601.22
#15,11934,664
#15,10096,664
#15,9884,664
#15,9496,664
#15,9551,664
15,10192.2,664,1796.43
#16,14437,696
#16,12528,696
#16,11023,696
#16,10750,696
#16,10772,696
16,11902,696,2855.84
#17,13703,696
#17,11670,696
#17,10975,696
#17,11008,696
#17,11232,696
17,11717.6,696,2046.44
#18,15472,696
#18,13500,696
#18,12349,696
#18,13289,696
#18,13083,696
18,13538.6,696,2083.18
#19,14855,696
#19,13104,696
#19,12312,696
#19,12465,696
#19,11955,696
19,12938.2,696,2056.08
#20,18579,736
#20,14990,736
#20,15405,736
#20,14509,736
#20,14486,736
20,15593.8,736,3061.46
#21,19208,736
#21,16117,736
#21,15125,736
#21,14404,736
#21,13962,736
21,15763.2,736,3740.68
#22,18395,736
#22,14913,736
#22,14518,736
#22,13472,736
#22,13254,736
22,14910.4,736,3699.63
#23,17716,736
#23,13994,736
#23,13399,736
#23,13096,736
#23,12835,736
23,14208,736,3591.99
#24,20017,776
#24,16606,776
#24,15983,776
#24,15553,776
#24,15102,776
24,16652.2,776,3508.07
#25,23977,776
#25,18240,776
#25,16538,776
#25,9409,776
#25,8949,776
25,15422.6,776,11328.9
#26,15626,776
#26,11151,776
#26,9392,776
#26,9257,776
#26,8785,776
26,10842.2,776,5046.04
#27,16479,776
#27,12644,776
#27,10302,776
#27,9928,776
#27,9409,776
27,11752.4,776,5219.91
#28,16074,776
#28,12180,776
#28,9890,776
#28,9401,776
#28,9300,776
28,11369,776,5148.67
#29,17386,832
#29,12395,832
#29,10970,832
#29,10650,832
#29,10328,832
29,12345.8,832,5234.2
#30,19645,832
#30,14146,832
#30,11690,832
#30,11000,832
#30,10564,832
30,13409,832,6710.18
#31,17984,832
#31,13463,832
#31,11210,832
#31,10679,832
#31,10286,832
31,12724.4,832,5701.35
#32,18195,832
#32,14330,832
#32,12049,832
#32,11271,832
#32,19080,832
32,14985,832,6319.24
#33,17180,832
#33,12439,832
#33,11284,832
#33,11009,832
#33,11288,832
33,12640,832,4645.76
#34,21543,832
#34,14995,832
#34,13099,832
#34,12147,832
#34,11177,832
34,14592.2,832,7394.49
#35,22124,896
#35,16060,896
#35,13483,896
#35,12606,896
#35,12238,896
35,15302.2,896,7325.55
#36,20297,896
#36,16017,896
#36,13297,896
#36,12600,896
#36,12125,896
36,14867.2,896,6061.69
#37,23064,896
#37,17449,896
#37,14554,896
#37,13458,896
#37,12805,896
37,16266,896,7505.02
#38,21518,896
#38,16881,896
#38,13833,896
#38,12697,896
#38,12491,896
38,15484,896,6800.7
#39,22520,896
#39,16924,896
#39,14506,896
#39,13703,896
#39,12842,896
39,16099,896,6974.03
#40,30422,896
#40,26296,896
#40,14469,896
#40,13734,896
#40,12895,896
40,19563.2,896,14632.6
#42,36170,968
#42,19813,968
#42,17079,968
#42,15838,968
#42,14871,968
42,20754.2,968,15768.9
#44,25921,968
#44,20150,968
#44,17589,968
#44,16459,968
#44,15517,968
44,19127.2,968,7468.37
#46,27754,968
#46,20171,968
#46,16963,968
#46,15888,968
#46,14966,968
46,19148.4,968,9295.19
#48,27812,968
#48,20598,968
#48,17364,968
#48,16487,968
#48,15457,968
48,19543.6,968,8956.43
#50,34892,1056
#50,25697,1056
#50,20731,1056
#50,18393,1056
#50,17660,1056
50,23474.6,1056,12726.5
#52,31301,1056
#52,23920,1056
#52,20129,1056
#52,18788,1056
#52,17936,1056
52,22414.8,1056,9784.41
#54,33146,1056
#54,25808,1056
#54,20704,1056
#54,18620,1056
#54,17927,1056
54,23241,1056,11339.4
#56,35255,1056
#56,26397,1056
#56,22142,1056
#56,20100,1056
#56,18735,1056
56,24525.8,1056,11913.7
#58,35089,1056
#58,27655,1056
#58,21876,1056
#58,20143,1056
#58,18867,1056
58,24726,1056,11980.8
#60,36588,1152
#60,28788,1152
#60,24091,1152
#60,22466,1152
#60,21361,1152
60,26658.8,1152,11148.5
#63,35654,1152
#63,27116,1152
#63,22363,1152
#63,20851,1152
#63,19713,1152
63,25139.4,1152,11662.2
#66,41437,1152
#66,34088,1152
#66,27522,1152
#66,24884,1152
#66,23106,1152
66,30207.4,1152,13480.1
#69,40183,1152
#69,31042,1152
#69,26141,1152
#69,24116,1152
#69,22912,1152
69,28878.8,1152,12593.6
#72,45497,1272
#72,36439,1272
#72,31351,1272
#72,27771,1272
#72,25511,1272
72,33313.8,1272,14245.2
#75,82530,1272
#75,34076,1272
#75,28875,1272
#75,26331,1272
#75,25091,1272
75,39380.6,1272,43587.7
#78,44484,1272
#78,34712,1272
#78,28994,1272
#78,25645,1272
#78,24871,1272
78,31741.2,1272,14508.3
#81,50099,1272
#81,40283,1272
#81,34278,1272
#81,30718,1272
#81,27555,1272
81,36586.6,1272,15939.6
#85,54918,1408
#85,43359,1408
#85,36775,1408
#85,33493,1408
#85,31440,1408
85,39997,1408,16966.9
#89,67091,1408
#89,46500,1408
#89,38487,1408
#89,34639,1408
#89,32299,1408
89,43803.2,1408,25206.1
#93,59958,1408
#93,49375,1408
#93,39016,1408
#93,34998,1408
#93,32663,1408
93,43202,1408,20293.2
#97,57084,1408
#97,49195,1408
#97,42709,1408
#97,38530,1408
#97,34715,1408
97,44446.6,1408,15874
#101,72284,1568
#101,55177,1568
#101,46909,1568
#101,41872,1568
#101,38497,1568
101,50947.8,1568,24113.5
#106,72580,1568
#106,61998,1568
#106,52617,1568
#106,47848,1568
#106,44968,1568
106,56002.2,1568,20208.5
#111,64830,1568
#111,54766,1568
#111,46384,1568
#111,43084,1568
#111,40588,1568
111,49930.4,1568,17711.3
#116,78624,1752
#116,66463,1752
#116,57644,1752
#116,52409,1752
#116,49071,1752
116,60842.2,1752,21310.9
#121,76154,1752
#121,61737,1752
#121,53708,1752
#121,49133,1752
#121,45756,1752
121,57297.6,1752,21689.2
#127,82712,1752
#127,71247,1752
#127,76515,1752
#127,58341,1752
#127,53520,1752
127,68467,1752,21933.9
#133,81225,1752
#133,68629,1752
#133,57420,1752
#133,53320,1752
#133,47917,1752
133,61702.2,1752,23795
#139,96339,1960
#139,83765,1960
#139,74824,1960
#139,67261,1960
#139,59798,1960
139,76397.4,1960,25509.8
#145,97496,1960
#145,86119,1960
#145,77363,1960
#145,69317,1960
#145,65124,1960
145,79083.8,1960,23353.5
#152,92889,1960
#152,81109,1960
#152,71058,1960
#152,62705,1960
#152,58930,1960
152,73338.2,1960,24794.8
#159,104134,2208
#159,89349,2208
#159,78039,2208
#159,73489,2208
#159,69954,2208
159,82993,2208,24855.2
#166,114733,2208
#166,102546,2208
#166,93183,2208
#166,85146,2208
#166,77446,2208
166,94610.8,2208,26140
#174,108237,2208
#174,95555,2208
#174,82784,2208
#174,74854,2208
#174,71936,2208
174,86673.2,2208,27068.6
#182,106292,2208
#182,95136,2208
#182,138234,2208
#182,82913,2208
#182,70141,2208
182,98543.2,2208,46458.6
#191,142324,2496
#191,237727,2496
#191,108232,2496
#191,86176,2496
#191,71357,2496
191,129163,2496,118615
#200,83298,2496
#200,76908,2496
#200,69672,2496
#200,62684,2496
#200,58193,2496
200,70151,2496,18275.2
#210,83156,2496
#210,74749,2496
#210,66611,2496
#210,62320,2496
#210,56480,2496
210,68663.2,2496,18760.7
#220,100522,2840
#220,94073,2840
#220,85616,2840
#220,81561,2840
#220,76082,2840
220,87570.8,2840,17480.1
#231,102568,2840
#231,94528,2840
#231,85252,2840
#231,80171,2840
#231,76894,2840
231,87882.6,2840,18909.5
#242,125638,2840
#242,134228,2840
#242,97347,2840
#242,123097,2840
#242,95406,2840
242,115143,2840,31545.5
#254,154741,3232
#254,174136,3232
#254,154974,3232
#254,150921,3232
#254,145684,3232
254,156091,3232,19260.9
#266,170366,3232
#266,160347,3232
#266,150199,3232
#266,150208,3232
#266,154903,3232
266,157205,3232,15137.4
#279,126769,3232
#279,119699,3232
#279,113999,3232
#279,110021,3232
#279,106936,3232
279,115485,3232,14148.8
#292,122731,3232
#292,115451,3232
#292,109029,3232
#292,103058,3232
#292,96712,3232
292,109396,3232,18235.7
#306,149322,3688
#306,144619,3688
#306,139464,3688
#306,113515,3688
#306,132262,3688
306,135836,3688,25030.8
#321,128458,3688
#321,133705,3688
#321,138578,3688
#321,105622,3688
#321,112210,3688
321,123715,3688,25344.5
#337,119434,3688
#337,114701,3688
#337,109516,3688
#337,104288,3688
#337,101344,3688
337,109857,3688,13229.8
#353,125382,4224
#353,120338,4224
#353,114986,4224
#353,110119,4224
#353,106910,4224
353,115547,4224,13388.3
#370,129183,4224
#370,124600,4224
#370,120852,4224
#370,114050,4224
#370,111814,4224
370,120100,4224,12917.5
#388,98338,4224
#388,95590,4224
#388,92210,4224
#388,87941,4224
#388,94855,4224
388,93786.8,4224,7029.41
#407,111301,4856
#407,106537,4856
#407,101611,4856
#407,97990,4856
#407,96748,4856
407,102837,4856,10859.2
#427,123615,4856
#427,120115,4856
#427,131190,4856
#427,113056,4856
#427,110255,4856
427,119646,4856,14989.5
#448,117141,4856
#448,113806,4856
#448,109471,4856
#448,104665,4856
#448,102555,4856
448,109528,4856,10900.8
#470,112738,4856
#470,111498,4856
#470,104672,4856
#470,101984,4856
#470,98973,4856
470,105973,4856,10691.9
#493,134112,5592
#493,130728,5592
#493,126543,5592
#493,124350,5592
#493,122710,5592
493,127689,5592,8378.22
#517,205151,5592
#517,130126,5592
#517,125551,5592
#517,121531,5592
#517,119515,5592
517,140375,5592,65182.6
#542,143545,5592
#542,139754,5592
#542,142214,5592
#542,111233,5592
#542,109850,5592
542,129319,5592,30772.6
#569,146386,6440
#569,133353,6440
#569,130881,6440
#569,129363,6440
#569,127741,6440
569,133545,6440,13362.7
#597,139134,6440
#597,136123,6440
#597,134933,6440
#597,132582,6440
#597,132166,6440
597,134988,6440,5078.04
#626,145865,6440
#626,142958,6440
#626,139784,6440
#626,148962,6440
#626,139084,6440
626,143331,6440,7423.57
#657,156171,7432
#657,152693,7432
#657,150456,7432
#657,148522,7432
#657,148440,7432
657,151256,7432,5814.93
#689,152440,7432
#689,149055,7432
#689,146416,7432
#689,145094,7432
#689,145520,7432
689,147705,7432,5476.92
#723,156526,7432
#723,164406,7432
#723,152540,7432
#723,150515,7432
#723,151871,7432
723,155172,7432,10064.3
#759,158610,8600
#759,156538,8600
#759,154774,8600
#759,153490,8600
#759,153547,8600
759,155392,8600,3906.14
#796,150729,8600
#796,147972,8600
#796,145741,8600
#796,144592,8600
#796,144862,8600
796,146779,8600,4609.65
#835,152771,8600
#835,150626,8600
#835,148894,8600
#835,148318,8600
#835,147636,8600
835,149649,8600,3698.13
#876,158206,8600
#876,156795,8600
#876,154852,8600
#876,154170,8600
#876,153697,8600
876,155544,8600,3397.57
#919,179326,9952
#919,175742,9952
#919,175104,9952
#919,174030,9952
#919,174303,9952
919,175701,9952,3820.51
#964,196080,9952
#964,189991,9952
#964,181236,9952
#964,164408,9952
#964,164101,9952
964,179163,9952,26112.1
#1012,166528,9952
#1012,164876,9952
#1012,163510,9952
#1012,170141,9952
#1012,163356,9952
1012,165682,9952,5010.06
#1062,181526,11528
#1062,179718,11528
#1062,178906,11528
#1062,179963,11528
#1062,178703,11528
1062,179763,11528,2001.65
#1115,188833,11528
#1115,178576,11528
#1115,178674,11528
#1115,183821,11528
#1115,177580,11528
1115,181497,11528,8535.21
#1170,184938,11528
#1170,184650,11528
#1170,183806,11528
#1170,183680,11528
#1170,182862,11528
1170,183987,11528,1479.62
#1228,213749,13376
#1228,210830,13376
#1228,207623,13376
#1228,187095,13376
#1228,187109,13376
1228,201281,13376,23476.7
#1289,199256,13376
#1289,197718,13376
#1289,197037,13376
#1289,196849,13376
#1289,204982,13376
1289,199168,13376,6055.2
#1353,195553,13376
#1353,195171,13376
#1353,194735,13376
#1353,194370,13376
#1353,194117,13376
1353,194789,13376,1042.95
#1420,212581,15528
#1420,211136,15528
#1420,211272,15528
#1420,210754,15528
#1420,210444,15528
1420,211237,15528,1464.21
#1491,221826,15528
#1491,220433,15528
#1491,221927,15528
#1491,219664,15528
#1491,229046,15528
1491,222579,15528,6688.3
#1565,218460,15528
#1565,226800,15528
#1565,218240,15528
#1565,217433,15528
#1565,217923,15528
1565,219771,15528,7062.63
#1643,244583,18040
#1643,242279,18040
#1643,242605,18040
#1643,248072,18040
#1643,241541,18040
1643,243816,18040,4707.98
#1725,257117,18040
#1725,257317,18040
#1725,257295,18040
#1725,256676,18040
#1725,257268,18040
1725,257135,18040,479.514
#1811,243317,18040
#1811,247964,18040
#1811,242229,18040
#1811,251262,18040
#1811,230289,18040
1811,243012,18040,14287.5
#1901,231363,18040
#1901,231496,18040
#1901,232089,18040
#1901,230208,18040
#1901,230739,18040
1901,231179,18040,1295.8
#1996,271482,20968
#1996,271554,20968
#1996,271384,20968
#1996,270963,20968
#1996,272369,20968
1996,271550,20968,915.434
#2095,258503,20968
#2095,261549,20968
#2095,258620,20968
#2095,257003,20968
#2095,257843,20968
2095,258704,20968,3069.36
#2199,260389,20968
#2199,260287,20968
#2199,260088,20968
#2199,259617,20968
#2199,259927,20968
2199,260062,20968,547.342
#2308,316283,24384
#2308,315415,24384
#2308,313783,24384
#2308,313540,24384
#2308,318074,24384
2308,315419,24384,3346.96
#2423,314140,24384
#2423,314120,24384
#2423,313767,24384
#2423,313880,24384
#2423,314184,24384
2423,314018,24384,328.498
#2544,302904,24384
#2544,302049,24384
#2544,309653,24384
#2544,303472,24384
#2544,302951,24384
2544,304206,24384,5523.15
#2671,395562,28376
#2671,372003,28376
#2671,368629,28376
#2671,373928,28376
#2671,368676,28376
2671,375760,28376,20211.4
#2804,362608,28376
#2804,361398,28376
#2804,361090,28376
#2804,361164,28376
#2804,362348,28376
2804,361722,28376,1262.58
#2944,371259,28376
#2944,377528,28376
#2944,371983,28376
#2944,371861,28376
#2944,372538,28376
2944,373034,28376,4567.12
#3091,429457,33024
#3091,428872,33024
#3091,427675,33024
#3091,427401,33024
#3091,426950,33024
3091,428071,33024,1881.48
#3245,436485,33024
#3245,431992,33024
#3245,431729,33024
#3245,431518,33024
#3245,431658,33024
3245,432676,33024,3821.04
#3407,433524,33024
#3407,432831,33024
#3407,432710,33024
#3407,438303,33024
#3407,433075,33024
3407,434089,33024,4251.06
#3577,484458,38456
#3577,480275,38456
#3577,479699,38456
#3577,479037,38456
#3577,479657,38456
3577,480625,38456,3912.1
#3755,506693,38456
#3755,511271,38456
#3755,505245,38456
#3755,502352,38456
#3755,502401,38456
3755,505592,38456,6588.7
#3942,495797,38456
#3942,528267,38456
#3942,544922,38456
#3942,529172,38456
#3942,575646,38456
3942,534761,38456,51895.5
#4139,502971,38456
#4139,527725,38456
#4139,525216,38456
#4139,528181,38456
#4139,525380,38456
4139,521895,38456,19074.5
#4345,568669,44792
#4345,591872,44792
#4345,590680,44792
#4345,593006,44792
#4345,590764,44792
4345,586998,44792,18407.5
#4562,590095,44792
#4562,630873,44792
#4562,617117,44792
#4562,614383,44792
#4562,631182,44792
4562,616730,44792,29986.2
#4790,584551,44792
#4790,610317,44792
#4790,618673,44792
#4790,611085,44792
#4790,611894,44792
4790,607304,44792,23518.4
#5029,678145,52184
#5029,700397,52184
#5029,707432,52184
#5029,699399,52184
#5029,703315,52184
5029,697738,52184,20372.4
#5280,688049,52184
#5280,716248,52184
#5280,721796,52184
#5280,720204,52184
#5280,736681,52184
5280,716596,52184,31730.3
#5544,754246,52184
#5544,761050,52184
#5544,784448,52184
#5544,760548,52184
#5544,757084,52184
5544,763475,52184,21546.9
#5821,798756,60800
#5821,836836,60800
#5821,858672,60800
#5821,824531,60800
#5821,824496,60800
5821,828658,60800,38948.2
#6112,834855,60800
#6112,874080,60800
#6112,866331,60800
#6112,866897,60800
#6112,865281,60800
6112,861489,60800,27349.2
#6417,834723,60800
#6417,823005,60800
#6417,838561,60800
#6417,822135,60800
#6417,822194,60800
6417,828124,60800,14134.1
#6737,913765,70856
#6737,932095,70856
#6737,931065,70856
#6737,932186,70856
#6737,938109,70856
6737,929444,70856,16446
#7073,906330,70856
#7073,935923,70856
#7073,935037,70856
#7073,939880,70856
#7073,938660,70856
7073,931166,70856,25084.4
#7426,969427,70856
#7426,1003361,70856
#7426,998333,70856
#7426,996094,70856
#7426,994552,70856
7426,992353,70856,23687.4
#7797,1059167,82592
#7797,1079231,82592
#7797,1079662,82592
#7797,1078722,82592
#7797,1083481,82592
7797,1.07605e+06,82592,17217.7
#8186,1097704,82592
#8186,1125897,82592
#8186,1126675,82592
#8186,1123514,82592
#8186,1121985,82592
8186,1.11916e+06,82592,21710.1
#8595,1123073,82592
#8595,1146207,82592
#8595,1146764,82592
#8595,1152383,82592
#8595,1146860,82592
8595,1.14306e+06,82592,20483.4
#9024,1252839,96280
#9024,1281831,96280
#9024,1275737,96280
#9024,1275098,96280
#9024,1280982,96280
9024,1.2733e+06,96280,21158.7
#9475,1286868,96280
#9475,1312509,96280
#9475,1314013,96280
#9475,1313645,96280
#9475,1315012,96280
9475,1.30841e+06,96280,21600.8
#9948,1265050,96280
#9948,1266815,96280
#9948,1266515,96280
#9948,1277942,96280
#9948,1267135,96280
9948,1.26869e+06,96280,9360.06
#10445,1289272,96280
#10445,1308708,96280
#10445,1314647,96280
#10445,1314194,96280
#10445,1308398,96280
10445,1.30704e+06,96280,18533.7
#10967,1475540,112248
#10967,1504852,112248
#10967,1500148,112248
#10967,1510934,112248
#10967,1503336,112248
10967,1.49896e+06,112248,24448.3
#11515,1477204,112248
#11515,1508163,112248
#11515,1504927,112248
#11515,1507510,112248
#11515,1503510,112248
11515,1.50026e+06,112248,23305.7
#12090,1519507,112248
#12090,1543867,112248
#12090,1537722,112248
#12090,1547411,112248
#12090,1540281,112248
12090,1.53776e+06,112248,19390
#12694,1733520,130880
#12694,1728799,130880
#12694,1730170,130880
#12694,1732984,130880
#12694,1729802,130880
12694,1.73106e+06,130880,3713.76
#13328,1810600,130880
#13328,1837624,130880
#13328,1863266,130880
#13328,1831429,130880
#13328,1842977,130880
13328,1.83718e+06,130880,34104
#13994,1785534,130880
#13994,1808229,130880
#13994,1811036,130880
#13994,1809753,130880
#13994,1806587,130880
13994,1.80423e+06,130880,18929.6
#14693,2039541,152616
#14693,2072217,152616
#14693,2075672,152616
#14693,2076018,152616
#14693,2068018,152616
14693,2.06629e+06,152616,27368.3
#15427,1999787,152616
#15427,2021100,152616
#15427,2029789,152616
#15427,2017871,152616
#15427,2027421,152616
15427,2.01919e+06,152616,21202.9
#16198,2124093,152616
#16198,2097719,152616
#16198,2107963,152616
#16198,2101090,152616
#16198,2108433,152616
16198,2.10786e+06,152616,18166.4
#17007,2318827,177976
#17007,2321898,177976
#17007,2326993,177976
#17007,2319471,177976
#17007,2321194,177976
17007,2.32168e+06,177976,5764.09
#17857,2449307,177976
#17857,2424762,177976
#17857,2417249,177976
#17857,2424576,177976
#17857,2418231,177976
17857,2.42682e+06,177976,23329.1
#18749,2401536,177976
#18749,2423577,177976
#18749,2637397,177976
#18749,2428581,177976
#18749,2448241,177976
18749,2.46787e+06,177976,172117
#19686,2661977,207560
#19686,2680748,207560
#19686,2681998,207560
#19686,2679912,207560
#19686,2676910,207560
19686,2.67631e+06,207560,14719.2
#20670,2829297,207560
#20670,2868172,207560
#20670,2855641,207560
#20670,2862926,207560
#20670,2853433,207560
20670,2.85389e+06,207560,26739
#21703,2878921,207560
#21703,2902936,207560
#21703,2903632,207560
#21703,2899989,207560
#21703,2963856,207560
21703,2.90987e+06,207560,56969.9
#22788,3726680,242080
#22788,3221854,242080
#22788,3195034,242080
#22788,3207082,242080
#22788,3206085,242080
22788,3.31135e+06,242080,415683
#23927,3211687,242080
#23927,3244790,242080
#23927,3226397,242080
#23927,3290543,242080
#23927,3246807,242080
23927,3.24404e+06,242080,53131.8
#25123,3315527,242080
#25123,3327911,242080
#25123,3327207,242080
#25123,3322428,242080
#25123,3325961,242080
25123,3.32381e+06,242080,9099.56
#26379,3311130,242080
#26379,3340490,242080
#26379,3335537,242080
#26379,3341872,242080
#26379,3346703,242080
26379,3.33515e+06,242080,25048.5
#27697,3740450,282344
#27697,4322557,282344
#27697,4039527,282344
#27697,3702426,282344
#27697,3702928,282344
27697,3.90158e+06,282344,490990
#29081,3773493,282344
#29081,3745612,282344
#29081,3752198,282344
#29081,3751693,282344
#29081,3798627,282344
29081,3.76432e+06,282344,39166.2
#30535,3999720,282344
#30535,4034852,282344
#30535,3979528,282344
#30535,3961505,282344
#30535,3968993,282344
30535,3.98892e+06,282344,52636.6
#32061,4337777,329320
#32061,4315821,329320
#32061,4307817,329320
#32061,4335245,329320
#32061,4316740,329320
32061,4.32268e+06,329320,23478.3
#33664,4627574,329320
#33664,4458909,329320
#33664,4457846,329320
#33664,4465151,329320
#33664,4462300,329320
33664,4.49436e+06,329320,133318
#35347,4605006,329320
#35347,4450515,329320
#35347,4463348,329320
#35347,4458816,329320
#35347,4452896,329320
35347,4.48612e+06,329320,119229
#37114,5068957,384128
#37114,5030776,384128
#37114,5031577,384128
#37114,5018958,384128
#37114,5018519,384128
37114,5.03376e+06,384128,36920.3
#38969,5136450,384128
#38969,5132890,384128
#38969,5140723,384128
#38969,5137572,384128
#38969,5129243,384128
38969,5.13538e+06,384128,7917.58
#40917,5367722,384128
#40917,5196845,384128
#40917,5188775,384128
#40917,5194411,384128
#40917,5196921,384128
40917,5.22893e+06,384128,138914
#42962,5920152,448072
#42962,5947369,448072
#42962,5894458,448072
#42962,5903234,448072
#42962,5885157,448072
42962,5.91007e+06,448072,43854.2
#45110,6140772,448072
#45110,5987441,448072
#45110,5997709,448072
#45110,6000549,448072
#45110,6015419,448072
45110,6.02838e+06,448072,113811
#47365,6227698,448072
#47365,6088852,448072
#47365,6081792,448072
#47365,6091446,448072
#47365,6072857,448072
47365,6.11253e+06,448072,115888
#49733,6902726,522680
#49733,6901936,522680
#49733,6901172,522680
#49733,6912226,522680
#49733,6896155,522680
49733,6.90284e+06,522680,10446
#52219,7224800,522680
#52219,7212713,522680
#52219,7226852,522680
#52219,7219822,522680
#52219,7195760,522680
52219,7.21599e+06,522680,22454.8
#54829,7273254,522680
#54829,7265683,522680
#54829,7272748,522680
#54829,7268598,522680
#54829,7290118,522680
54829,7.27408e+06,522680,16976.1
#57570,8075035,609720
#57570,8079275,609720
#57570,8045644,609720
#57570,8037015,609720
#57570,8059375,609720
57570,8.05927e+06,609720,32615.3
#60448,8171852,609720
#60448,8182022,609720
#60448,8249585,609720
#60448,8136312,609720
#60448,8252626,609720
60448,8.19848e+06,609720,91162.7
#63470,8637961,609720
#63470,8387809,609720
#63470,8440527,609720
#63470,8245146,609720
#63470,8319794,609720
63470,8.40625e+06,609720,266284
#66643,9475991,711264
#66643,9402264,711264
#66643,9428583,711264
#66643,9421359,711264
#66643,9489605,711264
66643,9.44356e+06,711264,66899.7
#69975,9850980,711264
#69975,9635947,711264
#69975,9646543,711264
#69975,9681992,711264
#69975,9631123,711264
69975,9.68932e+06,711264,165537
#73473,9930934,711264
#73473,9697708,711264
#73473,9704792,711264
#73473,9694568,711264
#73473,9706784,711264
73473,9.74696e+06,711264,184194
#77146,10037522,711264
#77146,10062473,711264
#77146,10084477,711264
#77146,10042977,711264
#77146,10048603,711264
77146,1.00552e+07,711264,33650.8
#81003,11006661,829728
#81003,11000627,829728
#81003,11016000,829728
#81003,10986391,829728
#81003,11050463,829728
81003,1.1012e+07,829728,42979.7
#85053,11713856,829728
#85053,11317662,829728
#85053,11404578,829728
#85053,11341312,829728
#85053,12090904,829728
85053,1.15737e+07,829728,590122
#89305,11914913,829728
#89305,11475064,829728
#89305,11928215,829728
#89305,11459288,829728
#89305,11582949,829728
89305,1.16721e+07,829728,416282
#93770,13456160,967936
#93770,13210168,967936
#93770,13164802,967936
#93770,13250823,967936
#93770,13161255,967936
93770,1.32486e+07,967936,217650
#98458,13227475,967936
#98458,13190078,967936
#98458,13160033,967936
#98458,13167934,967936
#98458,13179162,967936
98458,1.31849e+07,967936,47147.2
#103380,13805308,967936
#103380,13356709,967936
#103380,13424067,967936
#103380,13413563,967936
#103380,13421754,967936
103380,1.34843e+07,967936,324801
#108549,15367661,1129184
#108549,15329850,1129184
#108549,15333346,1129184
#108549,15363852,1129184
#108549,15424729,1129184
108549,1.53639e+07,1129184,68160.2
#113976,15802536,1129184
#113976,15394947,1129184
#113976,15385028,1129184
#113976,15407996,1129184
#113976,15363501,1129184
113976,1.54708e+07,1129184,333007
#119674,15764268,1129184
#119674,15824956,1129184
#119674,15781521,1129184
#119674,15768600,1129184
#119674,15804005,1129184
119674,1.57887e+07,1129184,45617.6
#125657,17788156,1317304
#125657,17825756,1317304
#125657,17990151,1317304
#125657,17958138,1317304
#125657,17874741,1317304
125657,1.78874e+07,1317304,153287
#131939,19174141,1317304
#131939,17999155,1317304
#131939,17973925,1317304
#131939,17898552,1317304
#131939,17953806,1317304
131939,1.81999e+07,1317304,976476
#138535,18993257,1317304
#138535,18315180,1317304
#138535,18240471,1317304
#138535,18311650,1317304
#138535,18730117,1317304
138535,1.85181e+07,1317304,587606
#145461,21079262,1536776
#145461,20780263,1536776
#145461,20865957,1536776
#145461,20906089,1536776
#145461,20811339,1536776
145461,2.08886e+07,1536776,209527
#152734,21041193,1536776
#152734,21091837,1536776
#152734,21003157,1536776
#152734,20928361,1536776
#152734,21086478,1536776
152734,2.10302e+07,1536776,120631
#160370,22271030,1536776
#160370,21281336,1536776
#160370,21468897,1536776
#160370,21631040,1536776
#160370,21304155,1536776
160370,2.15913e+07,1536776,725051
#168388,24214825,1792832
#168388,24197565,1792832
#168388,24358068,1792832
#168388,24250527,1792832
#168388,24087309,1792832
168388,2.42217e+07,1792832,174626
#176807,24975209,1792832
#176807,24377624,1792832
#176807,24421160,1792832
#176807,24345844,1792832
#176807,24399692,1792832
176807,2.45039e+07,1792832,473932
#185647,25532174,1792832
#185647,24720575,1792832
#185647,24819119,1792832
#185647,24773376,1792832
#185647,24807666,1792832
185647,2.49306e+07,1792832,605483
#194929,25602541,1792832
#194929,25314626,1792832
#194929,25689760,1792832
#194929,25476640,1792832
#194929,25361932,1792832
194929,2.54891e+07,1792832,282703
#204675,28945120,2091560
#204675,29025847,2091560
#204675,29078463,2091560
#204675,28799721,2091560
#204675,29135910,2091560
204675,2.8997e+07,2091560,233880
#214908,30372233,2091560
#214908,29982467,2091560
#214908,29956557,2091560
#214908,30274899,2091560
#214908,30213699,2091560
214908,3.016e+07,2091560,327457
#225653,32419422,2091560
#225653,30837663,2091560
#225653,31973714,2091560
#225653,31338729,2091560
#225653,31216807,2091560
225653,3.15573e+07,2091560,1.13075e+06
#236935,33665911,2440072
#236935,33550501,2440072
#236935,33683253,2440072
#236935,33441025,2440072
#236935,33381538,2440072
236935,3.35444e+07,2440072,238818
#248781,33611237,2440072
#248781,33731134,2440072
#248781,33877776,2440072
#248781,33751915,2440072
#248781,33612212,2440072
248781,3.37169e+07,2440072,198865
#261220,35301024,2440072
#261220,34744046,2440072
#261220,34941522,2440072
#261220,34795859,2440072
#261220,34749020,2440072
261220,3.49063e+07,2440072,419817
#274281,39231807,2846680
#274281,39846620,2846680
#274281,38926292,2846680
#274281,39336072,2846680
#274281,39919925,2846680
274281,3.94521e+07,2846680,755233
#287995,40836618,2846680
#287995,40012769,2846680
#287995,40021520,2846680
#287995,40355766,2846680
#287995,39796734,2846680
287995,4.02047e+07,2846680,726069
#302394,41935825,2846680
#302394,40284840,2846680
#302394,40973108,2846680
#302394,40391549,2846680
#302394,41011631,2846680
302394,4.09194e+07,2846680,1.17501e+06
#317513,45380071,3321048
#317513,47904900,3321048
#317513,45881913,3321048
#317513,46182894,3321048
#317513,47155876,3321048
317513,4.65011e+07,3321048,1.82005e+06
#333388,48637860,3321048
#333388,46422387,3321048
#333388,49931150,3321048
#333388,46644186,3321048
#333388,48285280,3321048
333388,4.79842e+07,3321048,2.61433e+06
#350057,49482723,3321048
#350057,48509220,3321048
#350057,47821943,3321048
#350057,48220249,3321048
#350057,47540143,3321048
350057,4.83149e+07,3321048,1.34277e+06
#367559,54345903,3874472
#367559,54078849,3874472
#367559,53250132,3874472
#367559,53242686,3874472
#367559,53149078,3874472
367559,5.36133e+07,3874472,995265
#385936,53843619,3874472
#385936,55259357,3874472
#385936,54391939,3874472
#385936,54975793,3874472
#385936,54468131,3874472
385936,5.45878e+07,3874472,983063
#405232,60515141,3874472
#405232,54634868,3874472
#405232,54328775,3874472
#405232,54934458,3874472
#405232,55088398,3874472
405232,5.59003e+07,3874472,4.64412e+06
#425493,62679740,4520136
#425493,62543049,4520136
#425493,62340426,4520136
#425493,63213194,4520136
#425493,62353107,4520136
425493,6.26259e+07,4520136,639117
#446767,65821824,4520136
#446767,63097322,4520136
#446767,63276990,4520136
#446767,64576409,4520136
#446767,63574917,4520136
446767,6.40695e+07,4520136,2.02887e+06
#469105,65013037,4520136
#469105,64568363,4520136
#469105,65239579,4520136
#469105,64474636,4520136
#469105,66300032,4520136
469105,6.51191e+07,4520136,1.30813e+06
#492560,66117005,4520136
#492560,67487511,4520136
#492560,65984723,4520136
#492560,66570751,4520136
#492560,68522965,4520136
492560,6.69366e+07,4520136,1.90404e+06
#517188,75355828,5273416
#517188,74387892,5273416
#517188,77341051,5273416
#517188,75017026,5273416
#517188,75384949,5273416
517188,7.54973e+07,5273416,1.97859e+06
#543047,77326965,5273416
#543047,81170225,5273416
#543047,78306253,5273416
#543047,76508237,5273416
#543047,75785073,5273416
543047,7.78194e+07,5273416,3.74862e+06
#570199,78533189,5273416
#570199,76765077,5273416
#570199,76717311,5273416
#570199,76754746,5273416
#570199,78000321,5273416
570199,7.73541e+07,5273416,1.52827e+06
#598708,86988875,6152248
#598708,89755354,6152248
#598708,88352986,6152248
#598708,91096345,6152248
#598708,92034490,6152248
598708,8.96456e+07,6152248,3.63896e+06
#628643,89446932,6152248
#628643,90006612,6152248
#628643,88634162,6152248
#628643,90248258,6152248
#628643,89086879,6152248
628643,8.94846e+07,6152248,1.17933e+06
#660075,96187514,6152248
#660075,89922780,6152248
#660075,91108921,6152248
#660075,94530760,6152248
#660075,91860023,6152248
660075,9.2722e+07,6152248,4.60105e+06
#693078,101227062,7177544
#693078,100331750,7177544
#693078,100791462,7177544
#693078,105403911,7177544
#693078,101131991,7177544
693078,1.01777e+08,7177544,3.68054e+06
#727731,105252648,7177544
#727731,102784926,7177544
#727731,106906121,7177544
#727731,104335747,7177544
#727731,103722444,7177544
727731,1.046e+08,7177544,2.8112e+06
#764117,106963489,7177544
#764117,104795627,7177544
#764117,103484504,7177544
#764117,106289981,7177544
#764117,106847755,7177544
764117,1.05676e+08,7177544,2.68109e+06
#802322,119441039,8373728
#802322,120477771,8373728
#802322,120417551,8373728
#802322,119626568,8373728
#802322,119896060,8373728
802322,1.19972e+08,8373728,830099
#842438,126601938,8373728
#842438,126299826,8373728
#842438,127600856,8373728
#842438,127973388,8373728
#842438,126978012,8373728
842438,1.27091e+08,8373728,1.23821e+06
#884559,128140533,8373728
#884559,128049905,8373728
#884559,129452947,8373728
#884559,128196983,8373728
#884559,130025880,8373728
884559,1.28773e+08,8373728,1.62153e+06
#928786,142513662,9769272
#928786,145225927,9769272
#928786,140133656,9769272
#928786,139798919,9769272
#928786,142010156,9769272
928786,1.41936e+08,9769272,3.8965e+06
#975225,142590509,9769272
#975225,142325166,9769272
#975225,148168276,9769272
#975225,143746743,9769272
#975225,142644103,9769272
975225,1.43895e+08,9769272,4.38303e+06
#1023986,151310138,9769272
#1023986,144905245,9769272
#1023986,146644211,9769272
#1023986,147569645,9769272
#1023986,147137662,9769272
1023986,1.47513e+08,9769272,4.20643e+06
#1075185,165479676,11397408
#1075185,169241775,11397408
#1075185,165161525,11397408
#1075185,168141136,11397408
#1075185,171733716,11397408
1075185,1.67952e+08,11397408,4.89079e+06
#1128944,175660273,11397408
#1128944,168259298,11397408
#1128944,168374755,11397408
#1128944,179482254,11397408
#1128944,171741166,11397408
1128944,1.72704e+08,11397408,8.67682e+06
#1185391,177287623,11397408
#1185391,175252266,11397408
#1185391,174958441,11397408
#1185391,178103535,11397408
#1185391,177593062,11397408
1185391,1.76639e+08,11397408,2.56486e+06
#1244660,184099283,11397408
#1244660,177879802,11397408
#1244660,177446915,11397408
#1244660,179842179,11397408
#1244660,181928005,11397408
1244660,1.80239e+08,11397408,5.00188e+06
#1306893,203962375,13296896
#1306893,201996622,13296896
#1306893,202463067,13296896
#1306893,202041162,13296896
#1306893,206639003,13296896
1306893,2.0342e+08,13296896,3.52126e+06
#1372237,217972655,13296896
#1372237,209223116,13296896
#1372237,210096216,13296896
#1372237,211088281,13296896
#1372237,211285423,13296896
1372237,2.11933e+08,13296896,6.21788e+06
#1440848,232044723,13296896
#1440848,219640250,13296896
#1440848,218032302,13296896
#1440848,219377064,13296896
#1440848,238896064,13296896
1440848,2.25598e+08,13296896,1.67292e+07
#1512890,252539020,15512968
#1512890,249010440,15512968
#1512890,248657165,15512968
#1512890,245262901,15512968
#1512890,242029931,15512968
1512890,2.475e+08,15512968,7.15198e+06
#1588534,251375527,15512968
#1588534,255324640,15512968
#1588534,256242317,15512968
#1588534,256481723,15512968
#1588534,259044252,15512968
1588534,2.55694e+08,15512968,4.97441e+06
#1667960,265648130,15512968
#1667960,262823277,15512968
#1667960,259995322,15512968
#1667960,262325173,15512968
#1667960,276405243,15512968
1667960,2.65439e+08,15512968,1.15403e+07
#1751358,296666589,18098392
#1751358,299617649,18098392
#1751358,293465262,18098392
#1751358,293395110,18098392
#1751358,299834105,18098392
1751358,2.96596e+08,18098392,5.63332e+06
#1838925,312872017,18098392
#1838925,301984056,18098392
#1838925,302341234,18098392
#1838925,305533317,18098392
#1838925,304536603,18098392
1838925,3.05453e+08,18098392,7.87933e+06
#1930871,314405241,18098392
#1930871,328981819,18098392
#1930871,310570952,18098392
#1930871,308473422,18098392
#1930871,338503148,18098392
1930871,3.20187e+08,18098392,2.3254e+07
#2027414,397668234,21114712
#2027414,470625439,21114712
#2027414,434598043,21114712
#2027414,440908254,21114712
#2027414,447902940,21114712
2027414,4.38341e+08,21114712,4.74012e+07
#2128784,450552832,21114712
#2128784,431507875,21114712
#2128784,476277187,21114712
#2128784,492167356,21114712
#2128784,530904984,21114712
2128784,4.76282e+08,21114712,6.87181e+07
#2235223,592818194,21114712
#2235223,624238267,21114712
#2235223,623533654,21114712
#2235223,627073184,21114712
#2235223,596324070,21114712
2235223,6.12797e+08,21114712,2.99399e+07
#2346984,632251560,24633752
#2346984,688029441,24633752
#2346984,595748810,24633752
#2346984,466812579,24633752
#2346984,444378207,24633752
2346984,5.65444e+08,24633752,1.89302e+08
#2464333,442573559,24633752
#2464333,439502396,24633752
#2464333,445790467,24633752
#2464333,439637339,24633752
#2464333,439939262,24633752
2464333,4.41489e+08,24633752,4.85434e+06
#2587549,456661067,24633752
#2587549,455199129,24633752
#2587549,457025874,24633752
#2587549,457352260,24633752
#2587549,458316138,24633752
2587549,4.56911e+08,24633752,2.03476e+06
#2716926,527479904,28739296
#2716926,519327060,28739296
#2716926,514770250,28739296
#2716926,516172798,28739296
#2716926,516677618,28739296
2716926,5.18886e+08,28739296,9.08747e+06
#2852772,532167019,28739296
#2852772,520224809,28739296
#2852772,528420794,28739296
#2852772,522696347,28739296
#2852772,523415643,28739296
2852772,5.25385e+08,28739296,8.62307e+06
#2995410,548914460,28739296
#2995410,548755274,28739296
#2995410,549322970,28739296
#2995410,547725502,28739296
#2995410,549560918,28739296
2995410,5.48856e+08,28739296,1.26698e+06
#3145180,672945022,33529096
#3145180,617072527,33529096
#3145180,620396863,33529096
#3145180,641454769,33529096
#3145180,618236161,33529096
3145180,6.34021e+08,33529096,4.2824e+07
#3302439,645730712,33529096
#3302439,639213770,33529096
#3302439,658618694,33529096
#3302439,655310953,33529096
#3302439,660580632,33529096
3302439,6.51891e+08,33529096,1.62758e+07
#3467560,674417197,33529096
#3467560,691459014,33529096
#3467560,681243864,33529096
#3467560,684054037,33529096
#3467560,686193006,33529096
3467560,6.83473e+08,33529096,1.12602e+07
#3640938,690458622,33529096
#3640938,700474030,33529096
#3640938,699761034,33529096
#3640938,704745824,33529096
#3640938,688934064,33529096
3640938,6.96875e+08,33529096,1.22462e+07
#3822984,774821041,39117208
#3822984,774161670,39117208
#3822984,777144767,39117208
#3822984,778552012,39117208
#3822984,775460036,39117208
3822984,7.76028e+08,39117208,3.21003e+06
#4014133,795967412,39117208
#4014133,793731720,39117208
#4014133,800377296,39117208
#4014133,798051052,39117208
#4014133,794063000,39117208
4014133,7.96438e+08,39117208,5.00448e+06
#4214839,840074721,39117208
#4214839,839079423,39117208
#4214839,839022757,39117208
#4214839,846151129,39117208
#4214839,851698269,39117208
4214839,8.43205e+08,39117208,1.0005e+07
#4425580,942867407,45636664
#4425580,932008151,45636664
#4425580,936706331,45636664
#4425580,933061539,45636664
#4425580,934442774,45636664
4425580,9.35817e+08,45636664,7.71946e+06
#4646859,962056722,45636664
#4646859,974722640,45636664
#4646859,973253903,45636664
#4646859,974494590,45636664
#4646859,974171754,45636664
4646859,9.7174e+08,45636664,9.73468e+06
#4879201,1000438369,45636664
#4879201,992957345,45636664
#4879201,1002838632,45636664
#4879201,998680974,45636664
#4879201,993473711,45636664
4879201,9.97678e+08,45636664,7.75723e+06
#5123161,1114943377,53242696
#5123161,1105384534,53242696
#5123161,1108717803,53242696
#5123161,1110289584,53242696
#5123161,1113925436,53242696
5123161,1.11065e+09,53242696,6.97137e+06
#5379319,1163520788,53242696
#5379319,1166191965,53242696
#5379319,1164543611,53242696
#5379319,1173447349,53242696
#5379319,1168598937,53242696
5379319,1.16726e+09,53242696,7.07543e+06
#5648284,1201509734,53242696
#5648284,1214370871,53242696
#5648284,1211989304,53242696
#5648284,1255067859,53242696
#5648284,1231180497,53242696
5648284,1.22282e+09,53242696,3.74448e+07
#5930698,1369336544,62116408
#5930698,1361806436,62116408
#5930698,1367925383,62116408
#5930698,1369773971,62116408
#5930698,1370016101,62116408
5930698,1.36777e+09,62116408,6.13861e+06
#6227232,1404458884,62116408
#6227232,1405121811,62116408
#6227232,1404134843,62116408
#6227232,1406026214,62116408
#6227232,1404360522,62116408
6227232,1.40482e+09,62116408,1.37317e+06
#6538593,1444489459,62116408
#6538593,1456703437,62116408
#6538593,1458748947,62116408
#6538593,1457519109,62116408
#6538593,1449783404,62116408
6538593,1.45345e+09,62116408,1.09163e+07
#6865522,1634962118,72469064
#6865522,1636170785,72469064
#6865522,1631660253,72469064
#6865522,1634943966,72469064
#6865522,1634753821,72469064
6865522,1.6345e+09,72469064,3.01075e+06
#7208798,1677771488,72469064
#7208798,1688298690,72469064
#7208798,1688960440,72469064
#7208798,1695755996,72469064
#7208798,1693126778,72469064
7208798,1.68878e+09,72469064,1.22967e+07
#7569237,1728887041,72469064
#7569237,1748605701,72469064
#7569237,1742095941,72469064
#7569237,1750349534,72469064
#7569237,1742913679,72469064
7569237,1.74257e+09,72469064,1.50869e+07
#7947698,1954110302,84547168
#7947698,1954307026,84547168
#7947698,1964890608,84547168
#7947698,1950093697,84547168
#7947698,1964875051,84547168
7947698,1.95766e+09,84547168,-nan
#8345082,2000394760,84547168
#8345082,2025119364,84547168
#8345082,2021527951,84547168
#8345082,2008595285,84547168
#8345082,2007176989,84547168
8345082,2.01256e+09,84547168,-nan
#8762336,2075433510,84547168
#8762336,2080789104,84547168
#8762336,2088777051,84547168
#8762336,2076383760,84547168
#8762336,2080294896,84547168
8762336,2.08034e+09,84547168,-nan
#9200452,2145063687,84547168
#9200452,2151129764,84547168
#9200452,2151133570,84547168
#9200452,2153201385,84547168
#9200452,2146379889,84547168
9200452,2.14938e+09,84547168,-nan
#9660474,2393981587,98638280
#9660474,2386969530,98638280
#9660474,2382232715,98638280
#9660474,2387644905,98638280
#9660474,2394631180,98638280
9660474,2.38909e+09,98638280,-nan
