#1,1851,256
#1,644,256
#1,282,256
#1,614,256
#1,407,256
1,759.6,256,1123.62
#2,418,256
#2,373,256
#2,501,256
#2,438,256
#2,312,256
2,408.4,256,126.773
#3,652,256
#3,329,256
#3,638,256
#3,397,256
#3,348,256
3,472.8,256,284.82
#4,497,256
#4,355,256
#4,353,256
#4,314,256
#4,378,256
4,379.4,256,124.583
#5,519,256
#5,383,256
#5,336,256
#5,306,256
#5,390,256
5,386.8,256,145.906
#6,606,256
#6,389,256
#6,6654,256
#6,458,256
#6,389,256
6,1699.2,256,4957.33
#7,463,256
#7,352,256
#7,363,256
#7,361,256
#7,422,256
7,392.2,256,86.4537
#8,565,256
#8,507,256
#8,602,256
#8,495,256
#8,472,256
8,528.2,256,95.9617
#9,587,256
#9,605,256
#9,475,256
#9,981,256
#9,682,256
9,666,256,341.671
#10,681,256
#10,511,256
#10,570,256
#10,551,256
#10,568,256
10,576.2,256,113.048
#11,589,256
#11,486,256
#11,601,256
#11,585,256
#11,591,256
11,570.4,256,85.0562
#12,759,256
#12,605,256
#12,629,256
#12,615,256
#12,594,256
12,640.4,256,120.821
#13,1432,384
#13,1304,384
#13,1133,384
#13,1038,384
#13,919,384
13,1165.2,384,366.91
#14,1159,384
#14,957,384
#14,933,384
#14,934,384
#14,1034,384
14,1003.4,384,172.217
#15,1237,384
#15,1078,384
#15,1104,384
#15,1045,384
#15,932,384
15,1079.2,384,196.682
#16,1078,384
#16,1032,384
#16,1038,384
#16,1035,384
#16,1084,384
16,1053.4,384,45.389
#17,1202,384
#17,1184,384
#17,1222,384
#17,1188,384
#17,1194,384
17,1198,384,26.8924
#18,1347,384
#18,1166,384
#18,1059,384
#18,940,384
#18,1124,384
18,1127.2,384,267.616
#19,1302,384
#19,1286,384
#19,1268,384
#19,1163,384
#19,1242,384
19,1252.2,384,97.7049
#20,1347,384
#20,1255,384
#20,1249,384
#20,1230,384
#20,1257,384
20,1267.6,384,81.6588
#21,1305,384
#21,1223,384
#21,1133,384
#21,1279,384
#21,1275,384
21,1243,384,122.193
#22,1320,384
#22,1253,384
#22,1329,384
#22,1286,384
#22,1202,384
22,1278,384,93.0806
#23,1492,384
#23,1389,384
#23,1384,384
#23,1373,384
#23,1354,384
23,1398.4,384,96.6362
#24,1522,384
#24,1327,384
#24,1356,384
#24,1363,384
#24,1346,384
24,1382.8,384,141.293
#25,2288,640
#25,2297,640
#25,2121,640
#25,2020,640
#25,2003,640
25,2145.8,640,252.847
#26,2209,640
#26,1851,640
#26,2031,640
#26,1977,640
#26,1931,640
26,1999.8,640,240.221
#27,2245,640
#27,2043,640
#27,2109,640
#27,2071,640
#27,2049,640
27,2103.4,640,148.968
#28,2097,640
#28,1880,640
#28,2075,640
#28,2058,640
#28,2024,640
28,2026.8,640,154.358
#29,2349,640
#29,2121,640
#29,2044,640
#29,2122,640
#29,2092,640
29,2145.6,640,211.148
#30,2340,640
#30,2141,640
#30,2152,640
#30,2183,640
#30,2156,640
30,2194.4,640,148.198
#31,2607,640
#31,2217,640
#31,2352,640
#31,2212,640
#31,2103,640
31,2298.2,640,346.847
#32,3003,640
#32,2432,640
#32,2041,640
#32,2039,640
#32,1964,640
32,2295.8,640,779.56
#33,2517,640
#33,2114,640
#33,2016,640
#33,2159,640
#33,1987,640
33,2158.6,640,379.706
#34,2322,640
#34,2132,640
#34,2031,640
#34,2020,640
#34,2072,640
34,2115.4,640,221.029
#35,2459,640
#35,2254,640
#35,1987,640
#35,2179,640
#35,2047,640
35,2185.2,640,332.41
#36,2365,640
#36,2200,640
#36,2167,640
#36,2138,640
#36,2012,640
36,2176.4,640,227.538
#37,16158,896
#37,4477,896
#37,4673,896
#37,3948,896
#37,3672,896
37,6585.6,896,9599.21
#38,3906,896
#38,3685,896
#38,3374,896
#38,3428,896
#38,3327,896
38,3544,896,438.516
#39,4079,896
#39,3703,896
#39,3360,896
#39,3540,896
#39,3250,896
39,3586.4,896,581.601
#40,3746,896
#40,3564,896
#40,3358,896
#40,3488,896
#40,3586,896
40,3548.4,896,253.934
#42,4006,896
#42,3635,896
#42,3571,896
#42,3433,896
#42,3521,896
42,3633.2,896,395.495
#44,3864,896
#44,3557,896
#44,3493,896
#44,3480,896
#44,3549,896
44,3588.6,896,281.915
#46,4026,896
#46,3742,896
#46,3573,896
#46,3827,896
#46,3719,896
46,3777.4,896,297.597
#48,4764,896
#48,4110,896
#48,4096,896
#48,3497,896
#48,3659,896
48,4025.2,896,881.42
#50,5972,1152
#50,5526,1152
#50,5261,1152
#50,4928,1152
#50,4783,1152
50,5294,1152,853.076
#52,5646,1152
#52,5124,1152
#52,4716,1152
#52,4634,1152
#52,4787,1152
52,4981.4,1152,743.475
#54,5804,1152
#54,5190,1152
#54,4808,1152
#54,5048,1152
#54,4930,1152
54,5156,1152,695.646
#56,5883,1152
#56,5292,1152
#56,5382,1152
#56,5268,1152
#56,5080,1152
56,5381,1152,539.107
#58,5958,1152
#58,6180,1152
#58,5052,1152
#58,5194,1152
#58,4918,1152
58,5460.4,1152,1018.78
#60,6367,1152
#60,5895,1152
#60,5168,1152
#60,4694,1152
#60,5023,1152
60,5429.4,1152,1223.17
#63,8027,1280
#63,7374,1280
#63,6880,1280
#63,6880,1280
#63,6634,1280
63,7159,1280,992.353
#66,7442,1280
#66,7361,1280
#66,6920,1280
#66,6964,1280
#66,6371,1280
66,7011.6,1280,763.334
#69,7449,1280
#69,7029,1280
#69,7008,1280
#69,7430,1280
#69,6870,1280
69,7157.2,1280,473.917
#72,7541,1280
#72,6917,1280
#72,7094,1280
#72,6853,1280
#72,6699,1280
72,7020.8,1280,578.586
#75,23549,1536
#75,9354,1536
#75,8822,1536
#75,8367,1536
#75,8421,1536
75,11702.6,1536,11867.5
#78,9421,1536
#78,9167,1536
#78,8676,1536
#78,8561,1536
#78,8697,1536
78,8904.4,1536,662.685
#81,10294,1536
#81,10511,1536
#81,9449,1536
#81,8541,1536
#81,9059,1536
81,9570.8,1536,1481.69
#85,10044,1536
#85,9630,1536
#85,9041,1536
#85,9146,1536
#85,8435,1536
85,9259.2,1536,1092.94
#89,10348,1536
#89,9427,1536
#89,8792,1536
#89,8819,1536
#89,8935,1536
89,9264.2,1536,1176.66
#93,10650,1536
#93,9539,1536
#93,9037,1536
#93,8861,1536
#93,8991,1536
93,9415.6,1536,1317.63
#97,9947,1536
#97,9246,1536
#97,9191,1536
#97,8869,1536
#97,8902,1536
97,9231,1536,776.539
#101,12335,1792
#101,11815,1792
#101,11522,1792
#101,11008,1792
#101,11036,1792
101,11543.2,1792,997.983
#106,13262,1792
#106,11908,1792
#106,11382,1792
#106,11178,1792
#106,12007,1792
106,11947.4,1792,1454.63
#111,12148,1792
#111,12030,1792
#111,11683,1792
#111,11347,1792
#111,11213,1792
111,11684.2,1792,732.351
#116,12668,1792
#116,12349,1792
#116,11259,1792
#116,11253,1792
#116,11396,1792
116,11785,1792,1202.93
#121,12906,1792
#121,12439,1792
#121,11697,1792
#121,11811,1792
#121,10383,1792
121,11847.2,1792,1706.23
#127,15247,2048
#127,14697,2048
#127,13541,2048
#127,14525,2048
#127,13755,2048
127,14353,2048,1253.51
#133,18639,2048
#133,17157,2048
#133,15500,2048
#133,14791,2048
#133,15252,2048
133,16267.8,2048,2858.75
#139,16333,2048
#139,15855,2048
#139,14515,2048
#139,14287,2048
#139,14055,2048
139,15009,2048,1820.8
#145,17396,2048
#145,16294,2048
#145,15545,2048
#145,14821,2048
#145,15015,2048
145,15814.2,2048,1882.54
#152,20020,2432
#152,19730,2432
#152,18323,2432
#152,18032,2432
#152,17293,2432
152,18679.6,2432,2072.53
#159,20805,2432
#159,19956,2432
#159,18294,2432
#159,18001,2432
#159,18055,2432
159,19022.2,2432,2290.67
#166,21912,2432
#166,19764,2432
#166,19160,2432
#166,18469,2432
#166,18554,2432
166,19571.8,2432,2519.55
#174,19904,2432
#174,19222,2432
#174,18716,2432
#174,17997,2432
#174,18018,2432
174,18771.4,2432,1457.72
#182,21200,2432
#182,19527,2432
#182,18352,2432
#182,17667,2432
#182,17286,2432
182,18806.4,2432,2837.59
#191,26077,2816
#191,23991,2816
#191,29235,2816
#191,22403,2816
#191,21485,2816
191,24638.2,2816,5553.98
#200,26020,2816
#200,23853,2816
#200,23088,2816
#200,22239,2816
#200,21834,2816
200,23406.8,2816,2962.03
#210,26963,2816
#210,25497,2816
#210,23566,2816
#210,22779,2816
#210,23237,2816
210,24408.4,2816,3155.67
#220,27246,2816
#220,25017,2816
#220,23435,2816
#220,35868,2816
#220,22005,2816
220,26714.2,2816,9793.27
#231,28970,3328
#231,27190,3328
#231,26212,3328
#231,25781,3328
#231,25716,3328
231,26773.8,3328,2435.85
#242,29865,3328
#242,28827,3328
#242,26459,3328
#242,26529,3328
#242,26251,3328
242,27586.2,3328,2953.44
#254,30468,3328
#254,28923,3328
#254,27432,3328
#254,26698,3328
#254,26244,3328
254,27953,3328,3102.68
#266,33134,3328
#266,30116,3328
#266,27966,3328
#266,28004,3328
#266,26244,3328
266,29092.8,3328,4728.56
#279,35910,3840
#279,34680,3840
#279,32382,3840
#279,32510,3840
#279,32005,3840
279,33497.4,3840,3054.9
#292,35605,3840
#292,33830,3840
#292,32454,3840
#292,31283,3840
#292,31350,3840
292,32904.4,3840,3273.89
#306,39201,3840
#306,36127,3840
#306,33471,3840
#306,33205,3840
#306,32769,3840
306,34954.6,3840,4853.49
#321,42882,4480
#321,41487,4480
#321,39253,4480
#321,38530,4480
#321,38245,4480
321,40079.4,4480,3609.38
#337,43696,4480
#337,41091,4480
#337,38522,4480
#337,38805,4480
#337,38103,4480
337,40043.4,4480,4200.23
#353,44704,4480
#353,43225,4480
#353,40496,4480
#353,39559,4480
#353,38840,4480
353,41364.8,4480,4472.22
#370,45007,4480
#370,42986,4480
#370,40606,4480
#370,40020,4480
#370,39423,4480
370,41608.4,4480,4171.53
#388,53398,5248
#388,50020,5248
#388,47031,5248
#388,46567,5248
#388,60456,5248
388,51494.4,5248,10210.2
#407,55220,5248
#407,52179,5248
#407,51118,5248
#407,48289,5248
#407,46675,5248
407,50696.2,5248,5987.06
#427,57441,5248
#427,44562,5248
#427,42750,5248
#427,45554,5248
#427,47055,5248
427,47472.4,5248,10353.7
#448,52453,5248
#448,50187,5248
#448,49321,5248
#448,47226,5248
#448,46260,5248
448,49089.4,5248,4386.34
#470,64764,6144
#470,63664,6144
#470,63103,6144
#470,63381,6144
#470,61518,6144
470,63286,6144,2096.8
#493,63111,6144
#493,61297,6144
#493,59964,6144
#493,60049,6144
#493,59249,6144
493,60734,6144,2718.01
#517,68135,6144
#517,66118,6144
#517,75434,6144
#517,58890,6144
#517,56517,6144
517,65018.8,6144,13542.2
#542,67431,7168
#542,71123,7168
#542,65278,7168
#542,63711,7168
#542,61273,7168
542,65763.2,7168,6700.32
#569,70908,7168
#569,66660,7168
#569,64803,7168
#569,62049,7168
#569,52768,7168
569,63437.6,7168,12126.8
#597,63370,7168
#597,48003,7168
#597,45977,7168
#597,44145,7168
#597,42627,7168
597,48824.4,7168,14984.3
#626,47354,7168
#626,46075,7168
#626,43868,7168
#626,42117,7168
#626,43093,7168
626,44501.4,7168,3866.13
#657,51534,8320
#657,49247,8320
#657,48820,8320
#657,51207,8320
#657,45891,8320
657,49339.8,8320,4047.12
#689,54404,8320
#689,52994,8320
#689,49382,8320
#689,45792,8320
#689,47793,8320
689,50073,8320,6405.79
#723,79899,8320
#723,65097,8320
#723,56590,8320
#723,53571,8320
#723,53864,8320
723,61804.2,8320,19925.6
#759,61606,9728
#759,58767,9728
#759,70788,9728
#759,55122,9728
#759,54430,9728
759,60142.6,9728,11838.9
#796,64201,9728
#796,70080,9728
#796,80896,9728
#796,77657,9728
#796,76494,9728
796,73865.6,9728,11948.1
#835,90525,9728
#835,90464,9728
#835,86936,9728
#835,86072,9728
#835,87397,9728
835,88278.8,9728,3717.11
#876,103299,9728
#876,96723,9728
#876,97912,9728
#876,95959,9728
#876,95625,9728
876,97903.6,9728,5619.8
#919,93498,11392
#919,116745,11392
#919,100216,11392
#919,113619,11392
#919,97452,11392
919,104306,11392,18373.4
#964,70971,11392
#964,92232,11392
#964,93062,11392
#964,95010,11392
#964,94857,11392
964,89226.4,11392,18377.4
#1012,99893,11392
#1012,104711,11392
#1012,122039,11392
#1012,105034,11392
#1012,103376,11392
1012,107011,11392,15464
#1062,87501,13312
#1062,123277,13312
#1062,120955,13312
#1062,119061,13312
#1062,120435,13312
1062,114246,13312,26882.7
#1115,85759,13312
#1115,150697,13312
#1115,121124,13312
#1115,134599,13312
#1115,113140,13312
1115,121064,13312,43548.1
#1170,96942,13312
#1170,130324,13312
#1170,128802,13312
#1170,127257,13312
#1170,126405,13312
1170,121946,13312,25147.3
#1228,94486,15488
#1228,130977,15488
#1228,129617,15488
#1228,127476,15488
#1228,129008,15488
1228,122313,15488,27917.5
#1289,96026,15488
#1289,142231,15488
#1289,123948,15488
#1289,125015,15488
#1289,133267,15488
1289,124097,15488,31006.8
#1353,94912,15488
#1353,131516,15488
#1353,143339,15488
#1353,131164,15488
#1353,132575,15488
1353,126701,15488,33045.1
#1420,95389,15488
#1420,130726,15488
#1420,130855,15488
#1420,128733,15488
#1420,140210,15488
1420,125183,15488,30841.4
#1491,118597,18048
#1491,153069,18048
#1491,149736,18048
#1491,148395,18048
#1491,149214,18048
1491,143802,18048,25405
#1565,107037,18048
#1565,141515,18048
#1565,143433,18048
#1565,137750,18048
#1565,137226,18048
1565,133392,18048,26759.4
#1643,114532,18048
#1643,147079,18048
#1643,145647,18048
#1643,196315,18048
#1643,115622,18048
1643,143839,18048,59481.7
#1725,120361,20992
#1725,118760,20992
#1725,117358,20992
#1725,113368,20992
#1725,114782,20992
1725,116926,20992,5107.29
#1811,151607,20992
#1811,150338,20992
#1811,146423,20992
#1811,146153,20992
#1811,147070,20992
1811,148318,20992,4448.25
#1901,131678,20992
#1901,131328,20992
#1901,128114,20992
#1901,126143,20992
#1901,137290,20992
1901,130911,20992,7590.04
#1996,159309,24448
#1996,158156,24448
#1996,155709,24448
#1996,157008,24448
#1996,155484,24448
1996,157133,24448,2904.36
#2095,166590,24448
#2095,169558,24448
#2095,155676,24448
#2095,155467,24448
#2095,154095,24448
2095,160277,24448,12915.5
#2199,158230,24448
#2199,156667,24448
#2199,153680,24448
#2199,153427,24448
#2199,152542,24448
2199,154909,24448,4329.35
#2308,180588,28544
#2308,178233,28544
#2308,177230,28544
#2308,176326,28544
#2308,175141,28544
2308,177504,28544,3697.46
#2423,182927,28544
#2423,179999,28544
#2423,180761,28544
#2423,178408,28544
#2423,180027,28544
2423,180424,28544,2936.81
#2544,173771,28544
#2544,172994,28544
#2544,165133,28544
#2544,165790,28544
#2544,177172,28544
2544,170972,28544,9436.52
#2671,169418,28544
#2671,167654,28544
#2671,165384,28544
#2671,165239,28544
#2671,176233,28544
2671,168786,28544,8064.41
#2804,181011,33280
#2804,179475,33280
#2804,179544,33280
#2804,179022,33280
#2804,190870,33280
2804,181984,33280,8985.76
#2944,195067,33280
#2944,193249,33280
#2944,190185,33280
#2944,201253,33280
#2944,187271,33280
2944,193405,33280,9481.44
#3091,184505,33280
#3091,181197,33280
#3091,206753,33280
#3091,191050,33280
#3091,175650,33280
3091,187831,33280,21388.8
#3245,201990,38784
#3245,201617,38784
#3245,201432,38784
#3245,199170,38784
#3245,199890,38784
3245,200820,38784,2184.68
#3407,213896,38784
#3407,214318,38784
#3407,211231,38784
#3407,211226,38784
#3407,212259,38784
3407,212586,38784,2608.98
#3577,225093,38784
#3577,216312,38784
#3577,208590,38784
#3577,209229,38784
#3577,209638,38784
3577,213772,38784,12623.7
#3755,234442,45184
#3755,233155,45184
#3755,232536,45184
#3755,233953,45184
#3755,232048,45184
3755,233227,45184,1760.91
#3942,252596,45184
#3942,252127,45184
#3942,248148,45184
#3942,249474,45184
#3942,250457,45184
3942,250560,45184,3299.52
#4139,238752,45184
#4139,245423,45184
#4139,239626,45184
#4139,241184,45184
#4139,237065,45184
4139,240410,45184,5676.75
#4345,263931,52736
#4345,265558,52736
#4345,263925,52736
#4345,263978,52736
#4345,262857,52736
4345,264050,52736,1727.95
#4562,273879,52736
#4562,273366,52736
#4562,271729,52736
#4562,272321,52736
#4562,276257,52736
4562,273510,52736,3135.42
#4790,292343,52736
#4790,287992,52736
#4790,290912,52736
#4790,291849,52736
#4790,287531,52736
4790,290125,52736,3978.9
#5029,316869,61568
#5029,316506,61568
#5029,317426,61568
#5029,318086,61568
#5029,317479,61568
5029,317273,61568,1087.5
#5280,344401,61568
#5280,339942,61568
#5280,341218,61568
#5280,362872,61568
#5280,338722,61568
5280,345431,61568,17846.9
#5544,332127,61568
#5544,331833,61568
#5544,329939,61568
#5544,344647,61568
#5544,330523,61568
5544,333814,61568,10953.4
#5821,346063,61568
#5821,336156,61568
#5821,336086,61568
#5821,336002,61568
#5821,339030,61568
5821,338667,61568,7740.88
#6112,403976,71808
#6112,384085,71808
#6112,380494,71808
#6112,384133,71808
#6112,383734,71808
6112,387284,71808,16911.3
#6417,382324,71808
#6417,385738,71808
#6417,380494,71808
#6417,387422,71808
#6417,447525,71808
6417,396701,71808,51058.6
#6737,402379,71808
#6737,398019,71808
#6737,400089,71808
#6737,404994,71808
#6737,397617,71808
6737,400620,71808,5534.7
#7073,459789,83712
#7073,459575,83712
#7073,458557,83712
#7073,469723,83712
#7073,452874,83712
7073,460104,83712,10865.4
#7426,472214,83712
#7426,462626,83712
#7426,461553,83712
#7426,470999,83712
#7426,480112,83712
7426,469501,83712,13642.1
#7797,472434,83712
#7797,471258,83712
#7797,467917,83712
#7797,473920,83712
#7797,469309,83712
7797,470968,83712,4290.31
#8186,543489,97664
#8186,540605,97664
#8186,542951,97664
#8186,538326,97664
#8186,541850,97664
8186,541444,97664,3692.56
#8595,553177,97664
#8595,549849,97664
#8595,551271,97664
#8595,552000,97664
#8595,555843,97664
8595,552428,97664,4039.44
#9024,548583,97664
#9024,549414,97664
#9024,543173,97664
#9024,548239,97664
#9024,545216,97664
9024,546925,97664,4704.79
#9475,614651,113920
#9475,621124,113920
#9475,614495,113920
#9475,613071,113920
#9475,613159,113920
9475,615300,113920,5969.29
#9948,627685,113920
#9948,624515,113920
#9948,632181,113920
#9948,619745,113920
#9948,621277,113920
9948,625081,113920,8964.57
#10445,645639,113920
#10445,644125,113920
#10445,647492,113920
#10445,646735,113920
#10445,643774,113920
10445,645553,113920,2880.04
#10967,759779,132864
#10967,721938,132864
#10967,734969,132864
#10967,722378,132864
#10967,720775,132864
10967,731968,132864,29669
#11515,763154,132864
#11515,763514,132864
#11515,771215,132864
#11515,739479,132864
#11515,738519,132864
11515,755176,132864,27044.7
#12090,775135,132864
#12090,940530,132864
#12090,775873,132864
#12090,757423,132864
#12090,768731,132864
12090,803538,132864,137629
#12694,841254,155008
#12694,823787,155008
#12694,828372,155008
#12694,824653,155008
#12694,820446,155008
12694,827702,155008,14460.4
#13328,868111,155008
#13328,870517,155008
#13328,865631,155008
#13328,869894,155008
#13328,881407,155008
13328,871112,155008,10839.6
#13994,878321,155008
#13994,866038,155008
#13994,869842,155008
#13994,898947,155008
#13994,874015,155008
13994,877433,155008,23026.8
#14693,928993,155008
#14693,957995,155008
#14693,927990,155008
#14693,926245,155008
#14693,922239,155008
14693,932692,155008,25719.4
#15427,994181,180864
#15427,988701,180864
#15427,997624,180864
#15427,992620,180864
#15427,992990,180864
15427,993223,180864,5737.8
#16198,996654,180864
#16198,993181,180864
#16198,1023449,180864
#16198,994243,180864
#16198,991042,180864
16198,999714,180864,24008.8
#17007,1062466,180864
#17007,1051760,180864
#17007,1058875,180864
#17007,1085800,180864
#17007,1052467,180864
17007,1.06227e+06,180864,24848.1
#17857,1200319,210944
#17857,1197189,210944
#17857,1217188,210944
#17857,1204984,210944
#17857,1199536,210944
17857,1.20384e+06,210944,14272.6
#18749,1247394,210944
#18749,1230076,210944
#18749,1253158,210944
#18749,1224096,210944
#18749,1213877,210944
18749,1.23372e+06,210944,29181.6
#19686,1213723,210944
#19686,1167712,210944
#19686,1189141,210944
#19686,1236148,210944
#19686,1199934,210944
19686,1.20133e+06,210944,46013.7
#20670,1390362,246144
#20670,1382708,246144
#20670,1383833,246144
#20670,1383295,246144
#20670,1337746,246144
20670,1.37559e+06,246144,38245.1
#21703,1417065,246144
#21703,1397108,246144
#21703,1410802,246144
#21703,1404835,246144
#21703,1401950,246144
21703,1.40635e+06,246144,13905.4
#22788,1491086,246144
#22788,1502843,246144
#22788,1516563,246144
#22788,1475443,246144
#22788,1443939,246144
22788,1.48597e+06,246144,49993.8
#23927,1648569,287104
#23927,1646288,287104
#23927,1696053,287104
#23927,1643374,287104
#23927,1630318,287104
23927,1.65292e+06,287104,44947.5
#25123,1787239,287104
#25123,1645769,287104
#25123,1625939,287104
#25123,1637386,287104
#25123,1610992,287104
25123,1.66146e+06,287104,127921
#26379,1679376,287104
#26379,1685699,287104
#26379,1671473,287104
#26379,1682796,287104
#26379,1694777,287104
26379,1.68282e+06,287104,15280.7
#27697,1883759,334976
#27697,1869407,334976
#27697,1842012,334976
#27697,1870001,334976
#27697,1851392,334976
27697,1.86331e+06,334976,29607.4
#29081,1948990,334976
#29081,1944665,334976
#29081,1950143,334976
#29081,1988258,334976
#29081,1938626,334976
29081,1.95414e+06,334976,35065.6
#30535,1924996,334976
#30535,1912469,334976
#30535,1918287,334976
#30535,1896212,334976
#30535,1927578,334976
30535,1.91591e+06,334976,22346.4
#32061,2219139,390784
#32061,2201184,390784
#32061,2231771,390784
#32061,2140280,390784
#32061,2185312,390784
32061,2.19554e+06,390784,63622.2
#33664,2378364,390784
#33664,2234087,390784
#33664,2216020,390784
#33664,2207375,390784
#33664,2877255,390784
33664,2.38262e+06,390784,510067
#35347,2314987,390784
#35347,2277160,390784
#35347,2271020,390784
#35347,2245872,390784
#35347,2256323,390784
35347,2.27307e+06,390784,47313.1
#37114,2345091,390784
#37114,2210277,390784
#37114,2231825,390784
#37114,2281625,390784
#37114,2238089,390784
37114,2.26138e+06,390784,95686.5
#38969,2718568,455936
#38969,2716768,455936
#38969,2702077,455936
#38969,2624627,455936
#38969,2716156,455936
38969,2.69564e+06,455936,71984.8
#40917,2597222,455936
#40917,2619408,455936
#40917,2894059,455936
#40917,3203641,455936
#40917,3084926,455936
40917,2.87985e+06,455936,485640
#42962,2736940,455936
#42962,2731188,455936
#42962,2737316,455936
#42962,2785581,455936
#42962,2731497,455936
42962,2.7445e+06,455936,41402.4
#45110,3121772,531968
#45110,3053367,531968
#45110,3108713,531968
#45110,3101350,531968
#45110,3065938,531968
45110,3.09023e+06,531968,52223.8
#47365,3144212,531968
#47365,3167017,531968
#47365,3135372,531968
#47365,3188732,531968
#47365,3081153,531968
47365,3.1433e+06,531968,72401.6
#49733,3155747,531968
#49733,3143222,531968
#49733,3196619,531968
#49733,3234634,531968
#49733,3172234,531968
49733,3.18049e+06,531968,64875.3
#52219,3653559,620672
#52219,3648292,620672
#52219,3683403,620672
#52219,3708369,620672
#52219,3646970,620672
52219,3.66812e+06,620672,48216.6
#54829,3606640,620672
#54829,3653840,620672
#54829,3583204,620672
#54829,4582339,620672
#54829,3958034,620672
54829,3.87681e+06,620672,755397
#57570,3836660,620672
#57570,3814365,620672
#57570,3769951,620672
#57570,3768870,620672
#57570,3774846,620672
57570,3.79294e+06,620672,55177.7
#60448,4217800,724096
#60448,4230531,724096
#60448,4269319,724096
#60448,4212788,724096
#60448,4210807,724096
60448,4.22825e+06,724096,43307.3
#63470,4225988,724096
#63470,4186932,724096
#63470,4193051,724096
#63470,4189023,724096
#63470,4191245,724096
63470,4.19725e+06,724096,29033.9
#66643,4267376,724096
#66643,4393380,724096
#66643,4348388,724096
#66643,4385753,724096
#66643,4314317,724096
66643,4.34184e+06,724096,93509.4
#69975,5091657,844800
#69975,4910699,844800
#69975,4935246,844800
#69975,4944974,844800
#69975,4954955,844800
69975,4.96751e+06,844800,127582
#73473,4927630,844800
#73473,4970693,844800
#73473,5027087,844800
#73473,4940252,844800
#73473,5029350,844800
73473,4.979e+06,844800,85120
#77146,5054142,844800
#77146,5006705,844800
#77146,5154984,844800
#77146,5079133,844800
#77146,5062573,844800
77146,5.07151e+06,844800,96362.7
#81003,5679817,985600
#81003,5662021,985600
#81003,5682057,985600
#81003,5753324,985600
#81003,5733553,985600
81003,5.70215e+06,985600,69958.6
#85053,5706941,985600
#85053,5787774,985600
#85053,5777385,985600
#85053,5741462,985600
#85053,5761672,985600
85053,5.75505e+06,985600,57359.7
#89305,5908798,985600
#89305,5871849,985600
#89305,5854012,985600
#89305,5982290,985600
#89305,5841173,985600
89305,5.89162e+06,985600,101455
#93770,6118089,985600
#93770,6020445,985600
#93770,6181494,985600
#93770,6116380,985600
#93770,6243882,985600
93770,6.13606e+06,985600,149042
#98458,6753864,1149824
#98458,6865372,1149824
#98458,6787196,1149824
#98458,6881822,1149824
#98458,6966490,1149824
98458,6.85095e+06,1149824,149669
#103380,6818133,1149824
#103380,6862169,1149824
#103380,6763806,1149824
#103380,6904872,1149824
#103380,6916572,1149824
103380,6.85311e+06,1149824,113092
#108549,7235905,1149824
#108549,7419545,1149824
#108549,7248106,1149824
#108549,7204772,1149824
#108549,7282483,1149824
108549,7.27816e+06,1149824,149888
#113976,7934026,1341440
#113976,7958702,1341440
#113976,8062243,1341440
#113976,7983338,1341440
#113976,8061049,1341440
113976,7.99987e+06,1341440,105591
#119674,8221395,1341440
#119674,8351569,1341440
#119674,8239707,1341440
#119674,8322331,1341440
#119674,8221819,1341440
119674,8.27136e+06,1341440,109487
#125657,8261912,1341440
#125657,8252985,1341440
#125657,8308376,1341440
#125657,8275428,1341440
#125657,8326340,1341440
125657,8.28501e+06,1341440,55893.3
#131939,9396612,1565056
#131939,9294172,1565056
#131939,9349280,1565056
#131939,9290135,1565056
#131939,9330859,1565056
131939,9.33221e+06,1565056,78271.4
#138535,9601090,1565056
#138535,9417843,1565056
#138535,9495278,1565056
#138535,9335195,1565056
#138535,9374802,1565056
138535,9.44484e+06,1565056,188922
#145461,9851129,1565056
#145461,9631878,1565056
#145461,9567214,1565056
#145461,9624744,1565056
#145461,9695917,1565056
145461,9.67418e+06,1565056,194851
#152734,13629208,1825920
#152734,11055102,1825920
#152734,10972982,1825920
#152734,11130914,1825920
#152734,11199924,1825920
152734,1.15976e+07,1825920,2.03722e+06
#160370,11357298,1825920
#160370,11031430,1825920
#160370,11174381,1825920
#160370,11011901,1825920
#160370,11221165,1825920
160370,1.11592e+07,1825920,255084
#168388,11632884,1825920
#168388,11788676,1825920
#168388,11694324,1825920
#168388,11601731,1825920
#168388,11433938,1825920
168388,1.16303e+07,1825920,234202
#176807,12485599,2130176
#176807,12831134,2130176
#176807,12684932,2130176
#176807,12826392,2130176
#176807,12641615,2130176
176807,1.26939e+07,2130176,257046
#185647,13208114,2130176
#185647,12962539,2130176
#185647,13013782,2130176
#185647,13136109,2130176
#185647,13155609,2130176
185647,1.30952e+07,2130176,183957
#194929,13378456,2130176
#194929,13389092,2130176
#194929,13428401,2130176
#194929,13390646,2130176
#194929,13521526,2130176
194929,1.34216e+07,2130176,105481
#204675,15088511,2485248
#204675,15114873,2485248
#204675,15973778,2485248
#204675,14808478,2485248
#204675,15092111,2485248
204675,1.52156e+07,2485248,791014
#214908,15176225,2485248
#214908,15095752,2485248
#214908,15001043,2485248
#214908,14920049,2485248
#214908,15154958,2485248
214908,1.50696e+07,2485248,192675
#225653,15840977,2485248
#225653,15694277,2485248
#225653,15503372,2485248
#225653,15508770,2485248
#225653,15428789,2485248
225653,1.55952e+07,2485248,301752
#236935,16187302,2485248
#236935,15769560,2485248
#236935,15782650,2485248
#236935,15920028,2485248
#236935,15865982,2485248
236935,1.59051e+07,2485248,302993
#248781,18041627,2899456
#248781,17929289,2899456
#248781,18096220,2899456
#248781,17846435,2899456
#248781,17870747,2899456
248781,1.79569e+07,2899456,193858
#261220,18171777,2899456
#261220,18357312,2899456
#261220,18430251,2899456
#261220,18296288,2899456
#261220,18210933,2899456
261220,1.82933e+07,2899456,188498
#274281,19358429,2899456
#274281,18849660,2899456
#274281,18621087,2899456
#274281,19104820,2899456
#274281,18690432,2899456
274281,1.89249e+07,2899456,546448
#287995,21367167,3382656
#287995,21380260,3382656
#287995,21518483,3382656
#287995,21506309,3382656
#287995,21413271,3382656
287995,2.14371e+07,3382656,126814
#302394,21517527,3382656
#302394,21181748,3382656
#302394,21857555,3382656
#302394,21702210,3382656
#302394,21766334,3382656
302394,2.16051e+07,3382656,478377
#317513,22538119,3382656
#317513,21942665,3382656
#317513,22162853,3382656
#317513,22365569,3382656
#317513,21872765,3382656
317513,2.21764e+07,3382656,500907
#333388,23959454,3946368
#333388,24203670,3946368
#333388,24153739,3946368
#333388,24512456,3946368
#333388,24547355,3946368
333388,2.42753e+07,3946368,447145
#350057,25846128,3946368
#350057,25079830,3946368
#350057,25399174,3946368
#350057,24960192,3946368
#350057,25274424,3946368
350057,2.53119e+07,3946368,614476
#367559,26046305,3946368
#367559,25578184,3946368
#367559,26277777,3946368
#367559,25422200,3946368
#367559,25815436,3946368
367559,2.5828e+07,3946368,617865
#385936,29115619,4604032
#385936,28754081,4604032
#385936,28604881,4604032
#385936,28966133,4604032
#385936,28942933,4604032
385936,2.88767e+07,4604032,355964
#405232,29850209,4604032
#405232,30733474,4604032
#405232,29381468,4604032
#405232,29250707,4604032
#405232,29502958,4604032
405232,2.97438e+07,4604032,1.06704e+06
#425493,30500166,4604032
#425493,30427675,4604032
#425493,30596007,4604032
#425493,30475408,4604032
#425493,30136300,4604032
425493,3.04271e+07,4604032,310827
#446767,34432457,5371392
#446767,34229224,5371392
#446767,34425517,5371392
#446767,34374556,5371392
#446767,34267805,5371392
446767,3.43459e+07,5371392,165805
#469105,34844747,5371392
#469105,34583338,5371392
#469105,34747631,5371392
#469105,34777520,5371392
#469105,34688846,5371392
469105,3.47284e+07,5371392,176469
#492560,35004184,5371392
#492560,35260130,5371392
#492560,35237203,5371392
#492560,35063462,5371392
#492560,35229847,5371392
492560,3.5159e+07,5371392,208725
#517188,42045294,6266624
#517188,41386066,6266624
#517188,41438003,6266624
#517188,40504518,6266624
#517188,40679019,6266624
517188,4.12106e+07,6266624,1.11726e+06
#543047,41532752,6266624
#543047,40957213,6266624
#543047,41118480,6266624
#543047,41041712,6266624
#543047,40959207,6266624
543047,4.11219e+07,6266624,427862
#570199,42618231,6266624
#570199,42875100,6266624
#570199,42948714,6266624
#570199,43008234,6266624
#570199,43623906,6266624
570199,4.30148e+07,6266624,664652
#598708,44035965,6266624
#598708,43869258,6266624
#598708,43897683,6266624
#598708,43490954,6266624
#598708,43696588,6266624
598708,4.37981e+07,6266624,375450
#628643,49584326,7311104
#628643,49939953,7311104
#628643,50713145,7311104
#628643,49388987,7311104
#628643,53770024,7311104
628643,5.06793e+07,7311104,3.22046e+06
#660075,49967928,7311104
#660075,49885971,7311104
#660075,50202867,7311104
#660075,50828000,7311104
#660075,50069126,7311104
660075,5.01908e+07,7311104,671456
#693078,51523410,7311104
#693078,51474834,7311104
#693078,51124282,7311104
#693078,51045966,7311104
#693078,50824822,7311104
693078,5.11987e+07,7311104,529405
#727731,58721516,8529664
#727731,58107681,8529664
#727731,58592642,8529664
#727731,60656675,8529664
#727731,60756288,8529664
727731,5.9367e+07,8529664,2.22631e+06
#764117,60674847,8529664
#764117,60132555,8529664
#764117,60204272,8529664
#764117,60218933,8529664
#764117,60341647,8529664
764117,6.03145e+07,8529664,384681
#802322,61514684,8529664
#802322,61551324,8529664
#802322,61151528,8529664
#802322,61314197,8529664
#802322,61881799,8529664
802322,6.14827e+07,8529664,492407
#842438,70582188,9951232
#842438,71650439,9951232
#842438,78254469,9951232
#842438,69754268,9951232
#842438,70133519,9951232
842438,7.2075e+07,9951232,6.30871e+06
#884559,71973946,9951232
#884559,70800799,9951232
#884559,70933129,9951232
#884559,70753449,9951232
#884559,70886941,9951232
884559,7.10697e+07,9951232,913033
#928786,74231262,9951232
#928786,73781413,9951232
#928786,73753729,9951232
#928786,73491704,9951232
#928786,74181169,9951232
928786,7.38879e+07,9951232,558725
#975225,84891422,11609728
#975225,83951633,11609728
#975225,83442149,11609728
#975225,84135342,11609728
#975225,83681446,11609728
975225,8.40204e+07,11609728,990307
#1023986,86370483,11609728
#1023986,85300871,11609728
#1023986,86795231,11609728
#1023986,86183212,11609728
#1023986,87647435,11609728
1023986,8.64594e+07,11609728,1.53638e+06
#1075185,90247805,11609728
#1075185,88883358,11609728
#1075185,89246575,11609728
#1075185,88828444,11609728
#1075185,88927471,11609728
1075185,8.92267e+07,11609728,1.06173e+06
#1128944,102789327,13544704
#1128944,104530236,13544704
#1128944,103110096,13544704
#1128944,104082334,13544704
#1128944,100893127,13544704
1128944,1.03081e+08,13544704,2.52597e+06
#1185391,104467376,13544704
#1185391,103449831,13544704
#1185391,103317620,13544704
#1185391,103884195,13544704
#1185391,104926332,13544704
1185391,1.04009e+08,13544704,1.21913e+06
#1244660,110132377,13544704
#1244660,109551116,13544704
#1244660,112102530,13544704
#1244660,109560791,13544704
#1244660,109849206,13544704
1244660,1.10239e+08,13544704,1.9119e+06
#1306893,126338347,15802112
#1306893,126029413,15802112
#1306893,126326044,15802112
#1306893,124776111,15802112
#1306893,142055159,15802112
1306893,1.29105e+08,15802112,1.3001e+07
#1372237,127454137,15802112
#1372237,128432208,15802112
#1372237,125931154,15802112
#1372237,127979523,15802112
#1372237,128132518,15802112
1372237,1.27586e+08,15802112,1.77212e+06
#1440848,133326723,15802112
#1440848,139596256,15802112
#1440848,137600515,15802112
#1440848,140356548,15802112
#1440848,140868277,15802112
1440848,1.3835e+08,15802112,5.49299e+06
#1512890,155322053,18435840
#1512890,159715781,18435840
#1512890,170770198,18435840
#1512890,157249883,18435840
#1512890,156607371,18435840
1512890,1.59933e+08,18435840,1.12076e+07
#1588534,158633121,18435840
#1588534,159591234,18435840
#1588534,158612345,18435840
#1588534,164579972,18435840
#1588534,156773552,18435840
1588534,1.59638e+08,18435840,5.26818e+06
#1667960,169038015,18435840
#1667960,172210164,18435840
#1667960,172255073,18435840
#1667960,178337652,18435840
#1667960,173445698,18435840
1667960,1.73057e+08,18435840,6.03648e+06
#1751358,189333601,18435840
#1751358,186180251,18435840
#1751358,182663377,18435840
#1751358,183659925,18435840
#1751358,181584626,18435840
1751358,1.84684e+08,18435840,5.55664e+06
#1838925,202699308,21508480
#1838925,199839418,21508480
#1838925,205877015,21508480
#1838925,199540431,21508480
#1838925,199776009,21508480
1838925,2.01546e+08,21508480,4.91165e+06
#1930871,212380087,21508480
#1930871,214241926,21508480
#1930871,213708774,21508480
#1930871,209117610,21508480
#1930871,211387432,21508480
1930871,2.12167e+08,21508480,3.64794e+06
#2027414,226014538,21508480
#2027414,228757301,21508480
#2027414,224019539,21508480
#2027414,226189777,21508480
#2027414,226276345,21508480
2027414,2.26252e+08,21508480,3.00949e+06
#2128784,259571235,25093248
#2128784,259391325,25093248
#2128784,267659740,25093248
#2128784,261738516,25093248
#2128784,286141301,25093248
2128784,2.669e+08,25093248,2.01502e+07
#2235223,262888496,25093248
#2235223,263685355,25093248
#2235223,262112050,25093248
#2235223,262355983,25093248
#2235223,262845791,25093248
2235223,2.62778e+08,25093248,1.08136e+06
#2346984,270695791,25093248
#2346984,277320503,25093248
#2346984,272192482,25093248
#2346984,270947993,25093248
#2346984,270832911,25093248
2346984,2.72398e+08,25093248,5.03768e+06
#2464333,328842059,29275392
#2464333,326247705,29275392
#2464333,322201878,29275392
#2464333,326221528,29275392
#2464333,323660082,29275392
2464333,3.25435e+08,29275392,4.60353e+06
#2587549,314039653,29275392
#2587549,312594060,29275392
#2587549,310329054,29275392
#2587549,313981881,29275392
#2587549,317262213,29275392
2587549,3.13641e+08,29275392,4.5125e+06
#2716926,331994937,29275392
#2716926,336851279,29275392
#2716926,341108113,29275392
#2716926,333954266,29275392
#2716926,336972658,29275392
2716926,3.36176e+08,29275392,6.18604e+06
#2852772,384696584,34154624
#2852772,384230744,34154624
#2852772,386536733,34154624
#2852772,389569743,34154624
#2852772,385548544,34154624
2852772,3.86116e+08,34154624,3.79434e+06
#2995410,385152741,34154624
#2995410,390287935,34154624
#2995410,384776757,34154624
#2995410,385644712,34154624
#2995410,388490728,34154624
2995410,3.86871e+08,34154624,4.30265e+06
#3145180,432230610,34154624
#3145180,434578956,34154624
#3145180,432172973,34154624
#3145180,438742431,34154624
#3145180,443479540,34154624
3145180,4.36241e+08,34154624,8.67401e+06
#3302439,505637530,39847040
#3302439,502182102,39847040
#3302439,501151681,39847040
#3302439,501860401,39847040
#3302439,500889693,39847040
3302439,5.02344e+08,39847040,3.42275e+06
#3467560,473506807,39847040
#3467560,487478284,39847040
#3467560,484742158,39847040
#3467560,479851117,39847040
#3467560,476528138,39847040
3467560,4.80421e+08,39847040,1.0267e+07
#3640938,527566867,39847040
#3640938,534395299,39847040
#3640938,536588502,39847040
#3640938,538621207,39847040
#3640938,538503395,39847040
3640938,5.35135e+08,39847040,8.17e+06
#3822984,563139109,46488192
#3822984,562666724,46488192
#3822984,561321966,46488192
#3822984,559934287,46488192
#3822984,596124738,46488192
3822984,5.68637e+08,46488192,2.75782e+07
#4014133,593503774,46488192
#4014133,586755105,46488192
#4014133,600583278,46488192
#4014133,603634425,46488192
#4014133,591873554,46488192
4014133,5.9527e+08,46488192,1.21771e+07
#4214839,667944266,46488192
#4214839,676711976,46488192
#4214839,672582814,46488192
#4214839,669293500,46488192
#4214839,676087758,46488192
4214839,6.72524e+08,46488192,7.02299e+06
#4425580,665853594,46488192
#4425580,668689849,46488192
#4425580,668270384,46488192
#4425580,670986524,46488192
#4425580,673536110,46488192
4425580,6.69467e+08,46488192,5.21223e+06
#4646859,770776767,54236160
#4646859,768641994,54236160
#4646859,767070111,54236160
#4646859,763116468,54236160
#4646859,671557244,54236160
4646859,7.48233e+08,54236160,7.68389e+07
#4879201,696619127,54236160
#4879201,704464662,54236160
#4879201,699393694,54236160
#4879201,696577297,54236160
#4879201,700580782,54236160
4879201,6.99527e+08,54236160,5.84227e+06
#5123161,728293048,54236160
#5123161,735247688,54236160
#5123161,731354197,54236160
#5123161,731702641,54236160
#5123161,735711075,54236160
5123161,7.32462e+08,54236160,5.47727e+06
#5379319,809992271,63275520
#5379319,805205829,63275520
#5379319,802686465,63275520
#5379319,813652550,63275520
#5379319,814914034,63275520
5379319,8.0929e+08,63275520,9.44211e+06
#5648284,906431063,63275520
#5648284,902380602,63275520
#5648284,902332183,63275520
#5648284,906975332,63275520
#5648284,914929386,63275520
5648284,9.0661e+08,63275520,9.18979e+06
#5930698,1013978832,63275520
#5930698,1015481817,63275520
#5930698,1014452881,63275520
#5930698,1012106732,63275520
#5930698,1013866202,63275520
5930698,1.01398e+09,63275520,2.19109e+06
#6227232,1071653439,73821440
#6227232,1062344261,73821440
#6227232,1070643763,73821440
#6227232,1072190168,73821440
#6227232,1067491738,73821440
6227232,1.06886e+09,73821440,7.28846e+06
#6538593,1128983548,73821440
#6538593,1134647565,73821440
#6538593,1135982792,73821440
#6538593,1136711568,73821440
#6538593,1133903329,73821440
6538593,1.13405e+09,73821440,5.43081e+06
#6865522,1224240506,73821440
#6865522,1226530111,73821440
#6865522,1236360162,73821440
#6865522,1220731235,73821440
#6865522,1223438853,73821440
6865522,1.22626e+09,73821440,1.07588e+07
#7208798,1341045326,86125056
#7208798,1323240801,86125056
#7208798,1327928719,86125056
#7208798,1319760587,86125056
#7208798,1322552258,86125056
7208798,1.32691e+09,86125056,1.50841e+07
#7569237,1366755933,86125056
#7569237,1382690007,86125056
#7569237,1380322767,86125056
#7569237,1380736752,86125056
#7569237,1380714262,86125056
7569237,1.37824e+09,86125056,1.16062e+07
#7947698,1440019847,86125056
#7947698,1448966916,86125056
#7947698,1447092536,86125056
#7947698,1446999497,86125056
#7947698,1445604811,86125056
7947698,1.44574e+09,86125056,6.10358e+06
#8345082,1586795746,100479232
#8345082,1577261754,100479232
#8345082,1577989876,100479232
#8345082,1595099559,100479232
#8345082,1587779894,100479232
8345082,1.58499e+09,100479232,1.33259e+07
#8762336,1660795446,100479232
#8762336,1664186193,100479232
#8762336,1672384600,100479232
#8762336,1671561574,100479232
#8762336,1669977947,100479232
8762336,1.66778e+09,100479232,9.03474e+06
#9200452,1727388000,100479232
#9200452,1737367342,100479232
#9200452,1727694231,100479232
#9200452,1729630489,100479232
#9200452,1738525273,100479232
9200452,1.73212e+09,100479232,9.66391e+06
#9660474,1935549080,117225728
#9660474,1930545987,117225728
#9660474,1948530865,117225728
#9660474,1937956264,117225728
#9660474,1953524234,117225728
9660474,1.94122e+09,117225728,-nan
