#1,326,536
#1,138,536
#1,36,536
#1,38,536
#1,39,536
1,115.4,536,224.491
#2,633,544
#2,182,544
#2,155,544
#2,146,544
#2,128,544
2,248.8,544,385.778
#3,369,552
#3,268,552
#3,240,552
#3,251,552
#3,244,552
3,274.4,552,96.5203
#4,635,568
#4,439,568
#4,356,568
#4,360,568
#4,361,568
4,430.2,568,213.996
#5,449,568
#5,413,568
#5,371,568
#5,365,568
#5,370,568
5,393.6,568,65.3067
#6,791,584
#6,562,584
#6,500,584
#6,501,584
#6,491,584
6,569,584,227.688
#7,680,584
#7,534,584
#7,513,584
#7,517,584
#7,506,584
7,550,584,131.301
#8,867,608
#8,689,608
#8,654,608
#8,645,608
#8,636,608
8,698.2,608,172.582
#9,922,608
#9,740,608
#9,698,608
#9,658,608
#9,645,608
9,732.6,608,200.725
#10,1142,632
#10,914,632
#10,820,632
#10,802,632
#10,778,632
10,891.2,632,267.224
#11,1111,632
#11,882,632
#11,856,632
#11,814,632
#11,830,632
11,898.6,632,217.379
#12,1011,632
#12,868,632
#12,836,632
#12,839,632
#12,791,632
12,869,632,150.301
#13,1678,664
#13,1314,664
#13,1078,664
#13,1063,664
#13,1020,664
13,1230.6,664,492.22
#14,1505,664
#14,1235,664
#14,1048,664
#14,1046,664
#14,1017,664
14,1170.2,664,368.911
#15,1448,664
#15,1177,664
#15,1055,664
#15,1043,664
#15,1029,664
15,1150.4,664,315.781
#16,2083,696
#16,1555,696
#16,1309,696
#16,1265,696
#16,1200,696
16,1482.4,696,646.882
#17,1746,696
#17,1357,696
#17,1249,696
#17,1252,696
#17,1190,696
17,1358.8,696,401.878
#18,1958,696
#18,1491,696
#18,1387,696
#18,1268,696
#18,1233,696
18,1467.4,696,523.384
#19,1966,696
#19,1539,696
#19,1399,696
#19,1274,696
#19,1248,696
19,1485.2,696,523.345
#20,2444,736
#20,1902,736
#20,1472,736
#20,1412,736
#20,1376,736
20,1721.2,736,815.842
#21,2350,736
#21,1785,736
#21,1498,736
#21,1481,736
#21,1450,736
21,1712.8,736,681.276
#22,2367,736
#22,1907,736
#22,1678,736
#22,1512,736
#22,1510,736
22,1794.8,736,641.704
#23,2404,736
#23,1707,736
#23,1580,736
#23,1495,736
#23,1413,736
23,1719.8,736,711.336
#24,2666,776
#24,1998,776
#24,1711,776
#24,1703,776
#24,1642,776
24,1944,776,763.033
#25,3046,776
#25,2189,776
#25,1969,776
#25,1823,776
#25,1743,776
25,2154,776,942.166
#26,2749,776
#26,2152,776
#26,1962,776
#26,1932,776
#26,1752,776
26,2109.4,776,688.09
#27,2896,776
#27,2121,776
#27,1884,776
#27,1834,776
#27,1796,776
27,2106.2,776,821.556
#28,2842,776
#28,2201,776
#28,1959,776
#28,1885,776
#28,1821,776
28,2141.6,776,746.222
#29,3509,832
#29,2600,832
#29,2292,832
#29,2130,832
#29,2068,832
29,2519.8,832,1055.62
#30,3343,832
#30,2668,832
#30,2401,832
#30,2233,832
#30,2075,832
30,2544,832,890.352
#31,3401,832
#31,2652,832
#31,2323,832
#31,2193,832
#31,2149,832
31,2543.6,832,927.008
#32,3467,832
#32,2547,832
#32,2304,832
#32,2136,832
#32,2040,832
32,2498.8,832,1027.54
#33,3420,832
#33,2689,832
#33,2346,832
#33,2225,832
#33,2124,832
33,2560.8,832,939.938
#34,3421,832
#34,2615,832
#34,2321,832
#34,2237,832
#34,2151,832
34,2549,832,926.271
#35,3960,896
#35,3125,896
#35,2621,896
#35,2443,896
#35,2367,896
35,2903.2,896,1181.51
#36,3963,896
#36,3076,896
#36,2684,896
#36,2600,896
#36,2467,896
36,2958,896,1083.8
#37,4061,896
#37,3152,896
#37,2789,896
#37,2725,896
#37,2506,896
37,3046.6,896,1096.23
#38,4093,896
#38,3281,896
#38,2811,896
#38,2563,896
#38,2506,896
38,3050.8,896,1176.92
#39,4307,896
#39,3287,896
#39,2829,896
#39,2712,896
#39,2590,896
39,3145,896,1254.04
#40,4200,896
#40,3366,896
#40,2849,896
#40,2664,896
#40,2552,896
40,3126.2,896,1210.2
#42,5010,968
#42,3872,968
#42,3330,968
#42,3125,968
#42,2964,968
42,3660.2,968,1482.43
#44,4642,968
#44,3553,968
#44,3076,968
#44,2972,968
#44,2918,968
44,3432.2,968,1290.36
#46,5063,968
#46,4115,968
#46,3537,968
#46,3309,968
#46,3057,968
46,3816.2,968,1429.79
#48,4763,968
#48,3595,968
#48,3209,968
#48,3056,968
#48,2901,968
48,3504.8,968,1340.06
#50,6138,1056
#50,4793,1056
#50,4008,1056
#50,3803,1056
#50,3557,1056
50,4459.8,1056,1871.46
#52,5849,1056
#52,4582,1056
#52,4108,1056
#52,3815,1056
#52,3609,1056
52,4392.6,1056,1596.4
#54,5867,1056
#54,4669,1056
#54,4092,1056
#54,3862,1056
#54,3667,1056
54,4431.4,1056,1585.21
#56,5946,1056
#56,4608,1056
#56,4084,1056
#56,3816,1056
#56,3564,1056
56,4403.6,1056,1690.71
#58,6004,1056
#58,4723,1056
#58,4027,1056
#58,3754,1056
#58,3676,1056
58,4436.8,1056,1732.28
#60,6687,1152
#60,5566,1152
#60,4865,1152
#60,4542,1152
#60,4466,1152
60,5225.2,1152,1655.51
#63,6748,1152
#63,5390,1152
#63,4616,1152
#63,4464,1152
#63,4321,1152
63,5107.8,1152,1798.95
#66,6766,1152
#66,5700,1152
#66,4703,1152
#66,4549,1152
#66,4191,1152
66,5181.8,1152,1873.95
#69,7209,1152
#69,5565,1152
#69,4712,1152
#69,4414,1152
#69,4175,1152
69,5215,1152,2204.49
#72,8449,1272
#72,6911,1272
#72,5814,1272
#72,5317,1272
#72,5014,1272
72,6301,1272,2505.64
#75,8651,1272
#75,6886,1272
#75,6090,1272
#75,5660,1272
#75,5311,1272
75,6519.6,1272,2376.77
#78,8382,1272
#78,6940,1272
#78,5896,1272
#78,5412,1272
#78,5180,1272
78,6362,1272,2354.78
#81,8607,1272
#81,7015,1272
#81,6055,1272
#81,5766,1272
#81,5490,1272
81,6586.6,1272,2266.99
#85,9913,1408
#85,7902,1408
#85,6978,1408
#85,6523,1408
#85,6165,1408
85,7496.2,1408,2682.29
#89,9988,1408
#89,8387,1408
#89,7113,1408
#89,6449,1408
#89,6103,1408
89,7608,1408,2845.99
#93,10085,1408
#93,8325,1408
#93,7374,1408
#93,6772,1408
#93,6213,1408
93,7753.8,1408,2719.27
#97,9789,1408
#97,8011,1408
#97,6889,1408
#97,6531,1408
#97,6207,1408
97,7485.4,1408,2605.18
#101,11022,1568
#101,9059,1568
#101,8193,1568
#101,7535,1568
#101,7352,1568
101,8632.2,1568,2672.67
#106,11686,1568
#106,9892,1568
#106,8281,1568
#106,7599,1568
#106,7264,1568
106,8944.4,1568,3284.91
#111,12109,1568
#111,10102,1568
#111,8763,1568
#111,8183,1568
#111,7581,1568
111,9347.6,1568,3226.56
#116,13673,1752
#116,11919,1752
#116,10659,1752
#116,9837,1752
#116,9123,1752
116,11042.2,1752,3221.5
#121,13178,1752
#121,11538,1752
#121,10155,1752
#121,9442,1752
#121,9108,1752
121,10684.2,1752,3000.74
#127,13777,1752
#127,11808,1752
#127,10326,1752
#127,9566,1752
#127,9105,1752
127,10916.4,1752,3397.8
#133,13464,1752
#133,11485,1752
#133,10192,1752
#133,9586,1752
#133,9342,1752
133,10813.8,1752,3037.68
#139,17345,1960
#139,15098,1960
#139,13569,1960
#139,25667,1960
#139,12416,1960
139,16819,1960,9443.5
#145,17020,1960
#145,14842,1960
#145,13363,1960
#145,12817,1960
#145,12051,1960
145,14018.6,1960,3513.57
#152,16852,1960
#152,14813,1960
#152,13453,1960
#152,12319,1960
#152,11423,1960
152,13772,1960,3826.31
#159,19081,2208
#159,17452,2208
#159,16022,2208
#159,14445,2208
#159,13535,2208
159,16107,2208,4003.83
#166,18719,2208
#166,16588,2208
#166,14858,2208
#166,13779,2208
#166,13223,2208
166,15433.4,2208,4008.22
#174,19940,2208
#174,17280,2208
#174,15183,2208
#174,14250,2208
#174,13588,2208
174,16048.2,2208,4621.53
#182,19476,2208
#182,17568,2208
#182,15635,2208
#182,14926,2208
#182,14209,2208
182,16362.8,2208,3834.31
#191,22506,2496
#191,20518,2496
#191,18712,2496
#191,17470,2496
#191,16865,2496
191,19214.2,2496,4132.7
#200,23632,2496
#200,20646,2496
#200,19020,2496
#200,18295,2496
#200,17228,2496
200,19764.2,2496,4461.58
#210,23172,2496
#210,21255,2496
#210,20027,2496
#210,18841,2496
#210,17673,2496
210,20193.6,2496,3816.61
#220,29605,2840
#220,26876,2840
#220,25480,2840
#220,23422,2840
#220,22226,2840
220,25521.8,2840,5198.43
#231,27805,2840
#231,25475,2840
#231,23867,2840
#231,22702,2840
#231,21484,2840
231,24266.6,2840,4411.89
#242,27125,2840
#242,24655,2840
#242,23215,2840
#242,22525,2840
#242,26645,2840
242,24833,2840,3634.62
#254,30347,3232
#254,28326,3232
#254,26099,3232
#254,25060,3232
#254,24160,3232
254,26798.4,3232,4507.64
#266,29976,3232
#266,27836,3232
#266,25875,3232
#266,24824,3232
#266,24169,3232
266,26536,3232,4242.09
#279,31293,3232
#279,29444,3232
#279,27060,3232
#279,25705,3232
#279,24986,3232
279,27697.6,3232,4708
#292,31958,3232
#292,30513,3232
#292,41673,3232
#292,27833,3232
#292,27350,3232
292,31865.4,3232,10379.8
#306,39458,3688
#306,37449,3688
#306,34976,3688
#306,33803,3688
#306,32089,3688
306,35555,3688,5233.63
#321,36873,3688
#321,35255,3688
#321,33346,3688
#321,31804,3688
#321,30471,3688
321,33549.8,3688,4606.06
#337,37978,3688
#337,35953,3688
#337,33895,3688
#337,31414,3688
#337,30652,3688
337,33978.4,3688,5480.43
#353,42335,4224
#353,40094,4224
#353,38189,4224
#353,37100,4224
#353,35898,4224
353,38723.2,4224,4545.42
#370,44210,4224
#370,42716,4224
#370,40673,4224
#370,38775,4224
#370,37996,4224
370,40874,4224,4669.13
#388,42327,4224
#388,40158,4224
#388,38792,4224
#388,37063,4224
#388,35902,4224
388,38848.4,4224,4533.24
#407,48042,4856
#407,45891,4856
#407,43294,4856
#407,42593,4856
#407,41329,4856
407,44229.8,4856,4838.34
#427,50949,4856
#427,49408,4856
#427,46914,4856
#427,46047,4856
#427,44276,4856
427,47518.8,4856,4765.13
#448,52076,4856
#448,49865,4856
#448,47820,4856
#448,46503,4856
#448,45035,4856
448,48259.8,4856,4965.41
#470,53938,4856
#470,51396,4856
#470,49619,4856
#470,47686,4856
#470,46925,4856
470,49912.8,4856,5089.13
#493,61351,5592
#493,59950,5592
#493,57625,5592
#493,56127,5592
#493,54982,5592
493,58007,5592,4714.96
#517,60046,5592
#517,58157,5592
#517,69783,5592
#517,56354,5592
#517,54841,5592
517,59836.2,5592,10540.6
#542,63686,5592
#542,61867,5592
#542,59809,5592
#542,58015,5592
#542,61184,5592
542,60912.2,5592,3825.21
#569,70222,6440
#569,68710,6440
#569,66663,6440
#569,64957,6440
#569,63693,6440
569,66849,6440,4767.81
#597,71703,6440
#597,70805,6440
#597,69022,6440
#597,67262,6440
#597,65967,6440
597,68951.8,6440,4268.29
#626,75151,6440
#626,73197,6440
#626,71092,6440
#626,69726,6440
#626,69042,6440
626,71641.6,6440,4513.51
#657,83275,7432
#657,81790,7432
#657,79636,7432
#657,78013,7432
#657,77542,7432
657,80051.2,7432,4385.34
#689,88313,7432
#689,86219,7432
#689,84266,7432
#689,83438,7432
#689,82630,7432
689,84973.2,7432,4104.03
#723,84903,7432
#723,83069,7432
#723,81403,7432
#723,79886,7432
#723,78811,7432
723,81614.4,7432,4365.49
#759,94100,8600
#759,92503,8600
#759,90496,8600
#759,89586,8600
#759,88640,8600
759,91065,8600,3966.95
#796,98791,8600
#796,97349,8600
#796,95670,8600
#796,94714,8600
#796,94692,8600
796,96243.2,8600,3198.41
#835,97306,8600
#835,95879,8600
#835,94195,8600
#835,99020,8600
#835,92721,8600
835,95824.2,8600,4444.86
#876,96821,8600
#876,95183,8600
#876,93240,8600
#876,92774,8600
#876,92114,8600
876,94026.4,8600,3463.15
#919,113044,9952
#919,111738,9952
#919,110174,9952
#919,109233,9952
#919,108546,9952
919,110547,9952,3289.16
#964,116356,9952
#964,114360,9952
#964,113685,9952
#964,112460,9952
#964,112289,9952
964,113830,9952,2957.59
#1012,127736,9952
#1012,125742,9952
#1012,124296,9952
#1012,123994,9952
#1012,123220,9952
1012,124998,9952,3189.02
#1062,125822,11528
#1062,124294,11528
#1062,123197,11528
#1062,122057,11528
#1062,121296,11528
1062,123333,11528,3214.3
#1115,129071,11528
#1115,142522,11528
#1115,130022,11528
#1115,129776,11528
#1115,133441,11528
1115,132966,11528,10022.3
#1170,142108,11528
#1170,139975,11528
#1170,139118,11528
#1170,138526,11528
#1170,138092,11528
1170,139564,11528,2840.28
#1228,149247,13376
#1228,149210,13376
#1228,146543,13376
#1228,146260,13376
#1228,145656,13376
1228,147383,13376,3067.47
#1289,149835,13376
#1289,147849,13376
#1289,146297,13376
#1289,145873,13376
#1289,145513,13376
1289,147073,13376,3188.3
#1353,158936,13376
#1353,157108,13376
#1353,155476,13376
#1353,155154,13376
#1353,154529,13376
1353,156241,13376,3189.04
#1420,188044,15528
#1420,196330,15528
#1420,185335,15528
#1420,181489,15528
#1420,180203,15528
1420,186280,15528,11485.3
#1491,174873,15528
#1491,174026,15528
#1491,173313,15528
#1491,172492,15528
#1491,172167,15528
1491,173374,15528,1982.04
#1565,174098,15528
#1565,173029,15528
#1565,172144,15528
#1565,171765,15528
#1565,171674,15528
1565,172542,15528,1827.32
#1643,202813,18040
#1643,224636,18040
#1643,213105,18040
#1643,211730,18040
#1643,211611,18040
1643,212779,18040,13927.8
#1725,216999,18040
#1725,200084,18040
#1725,201830,18040
#1725,198057,18040
#1725,198280,18040
1725,203050,18040,14213.9
#1811,214808,18040
#1811,213632,18040
#1811,212754,18040
#1811,212893,18040
#1811,212442,18040
1811,213306,18040,1693.29
#1901,220763,18040
#1901,220090,18040
#1901,218870,18040
#1901,219802,18040
#1901,219001,18040
1901,219705,18040,1405.66
#1996,260088,20968
#1996,258994,20968
#1996,257644,20968
#1996,260262,20968
#1996,257562,20968
1996,258910,20968,2305.21
#2095,254795,20968
#2095,239256,20968
#2095,236058,20968
#2095,235494,20968
#2095,251620,20968
2095,243445,20968,16272.4
#2199,260686,20968
#2199,264798,20968
#2199,281952,20968
#2199,266506,20968
#2199,251598,20968
2199,265108,20968,19755.4
#2308,293805,24384
#2308,286822,24384
#2308,292458,24384
#2308,286057,24384
#2308,285609,24384
2308,288950,24384,6924.58
#2423,285969,24384
#2423,284403,24384
#2423,283435,24384
#2423,282822,24384
#2423,282566,24384
2423,283839,24384,2477.58
#2544,285690,24384
#2544,284540,24384
#2544,283360,24384
#2544,283291,24384
#2544,286494,24384
2544,284675,24384,2530.12
#2671,338019,28376
#2671,336401,28376
#2671,335530,28376
#2671,335511,28376
#2671,334743,28376
2671,336041,28376,2239.45
#2804,337021,28376
#2804,336371,28376
#2804,334713,28376
#2804,335720,28376
#2804,334341,28376
2804,335633,28376,1998.88
#2944,364121,28376
#2944,361315,28376
#2944,361147,28376
#2944,360598,28376
#2944,361437,28376
2944,361724,28376,2465.13
#3091,383524,33024
#3091,382412,33024
#3091,383414,33024
#3091,382947,33024
#3091,384090,33024
3091,383277,33024,1130.62
#3245,398506,33024
#3245,395124,33024
#3245,395126,33024
#3245,393698,33024
#3245,400042,33024
3245,396499,33024,4749.93
#3407,405297,33024
#3407,422323,33024
#3407,414252,33024
#3407,415937,33024
#3407,417031,33024
3407,414968,33024,11075.4
#3577,471250,38456
#3577,470037,38456
#3577,468866,38456
#3577,469410,38456
#3577,510479,38456
3577,478008,38456,32509.4
#3755,464331,38456
#3755,481774,38456
#3755,456701,38456
#3755,453842,38456
#3755,454437,38456
3755,462217,38456,20938.8
#3942,463454,38456
#3942,461412,38456
#3942,461472,38456
#3942,461355,38456
#3942,460934,38456
3942,461725,38456,1769.52
#4139,461468,38456
#4139,460259,38456
#4139,458227,38456
#4139,458444,38456
#4139,459355,38456
4139,459551,38456,2398.83
#4345,519669,44792
#4345,517503,44792
#4345,525861,44792
#4345,519159,44792
#4345,517603,44792
4345,519959,44792,6141.03
#4562,555895,44792
#4562,554173,44792
#4562,554195,44792
#4562,554317,44792
#4562,556551,44792
4562,555026,44792,2000.33
#4790,548926,44792
#4790,547686,44792
#4790,546174,44792
#4790,545976,44792
#4790,546215,44792
4790,546995,44792,2285.09
#5029,631553,52184
#5029,620356,52184
#5029,620649,52184
#5029,621753,52184
#5029,619963,52184
5029,622855,52184,8779.28
#5280,623140,52184
#5280,624885,52184
#5280,619866,52184
#5280,619416,52184
#5280,617912,52184
5280,621044,52184,5137.63
#5544,619480,52184
#5544,620771,52184
#5544,627904,52184
#5544,619692,52184
#5544,619629,52184
5544,621495,52184,6474.1
#5821,743060,60800
#5821,732592,60800
#5821,734931,60800
#5821,731271,60800
#5821,730887,60800
5821,734548,60800,8969.66
#6112,700868,60800
#6112,699801,60800
#6112,708233,60800
#6112,700971,60800
#6112,699962,60800
6112,701967,60800,6335.56
#6417,722293,60800
#6417,722052,60800
#6417,724279,60800
#6417,733837,60800
#6417,707421,60800
6417,721976,60800,16922
#6737,865294,70856
#6737,862308,70856
#6737,865285,70856
#6737,860889,70856
#6737,867113,70856
6737,864178,70856,4507.73
#7073,829574,70856
#7073,830518,70856
#7073,827068,70856
#7073,827726,70856
#7073,840903,70856
7073,831158,70856,10055.5
#7426,866198,70856
#7426,848908,70856
#7426,851113,70856
#7426,849233,70856
#7426,846954,70856
7426,852481,70856,13968.3
#7797,954536,82592
#7797,954507,82592
#7797,954582,82592
#7797,965595,82592
#7797,931004,82592
7797,952045,82592,22716.1
#8186,1001248,82592
#8186,975684,82592
#8186,978839,82592
#8186,973375,82592
#8186,973443,82592
8186,980518,82592,21109.2
#8595,1028939,82592
#8595,1029462,82592
#8595,1029051,82592
#8595,1025712,82592
#8595,1027739,82592
8595,1.02818e+06,82592,2722.32
#9024,1157418,96280
#9024,1162130,96280
#9024,1115154,96280
#9024,1147833,96280
#9024,1146266,96280
9024,1.14576e+06,96280,32804.5
#9475,1169486,96280
#9475,1170481,96280
#9475,1166433,96280
#9475,1163805,96280
#9475,1142187,96280
9475,1.16248e+06,96280,20828.6
#9948,1142835,96280
#9948,1140350,96280
#9948,1147509,96280
#9948,1141464,96280
#9948,1140407,96280
9948,1.14251e+06,96280,5312.47
#10445,1157929,96280
#10445,1154561,96280
#10445,1153453,96280
#10445,1153724,96280
#10445,1161549,96280
10445,1.15624e+06,96280,6193.86
#10967,1333875,112248
#10967,1337257,112248
#10967,1329788,112248
#10967,1328243,112248
#10967,1332771,112248
10967,1.33239e+06,112248,6324.94
#11515,1393627,112248
#11515,1362233,112248
#11515,1370763,112248
#11515,1366047,112248
#11515,1368143,112248
11515,1.37216e+06,112248,22178.1
#12090,1411440,112248
#12090,1407102,112248
#12090,1412109,112248
#12090,1410413,112248
#12090,1410115,112248
12090,1.41024e+06,112248,3443.91
#12694,1562060,130880
#12694,1518568,130880
#12694,1528488,130880
#12694,1510375,130880
#12694,1513804,130880
12694,1.52666e+06,130880,37442.9
#13328,1548976,130880
#13328,1546789,130880
#13328,1548543,130880
#13328,1545626,130880
#13328,1554656,130880
13328,1.54892e+06,130880,6225.02
#13994,1598426,130880
#13994,1603040,130880
#13994,1599826,130880
#13994,1593980,130880
#13994,1657413,130880
13994,1.61054e+06,130880,47236.4
#14693,1793947,152616
#14693,1766080,152616
#14693,1745115,152616
#14693,1746015,152616
#14693,1739931,152616
14693,1.75822e+06,152616,39933.8
#15427,1788373,152616
#15427,1786301,152616
#15427,1806240,152616
#15427,1790596,152616
#15427,1787677,152616
15427,1.79184e+06,152616,14668
#16198,1818574,152616
#16198,1818855,152616
#16198,1815781,152616
#16198,1818872,152616
#16198,1814167,152616
16198,1.81725e+06,152616,3859.82
#17007,2112374,177976
#17007,2122258,177976
#17007,2112094,177976
#17007,2116262,177976
#17007,2232747,177976
17007,2.13915e+06,177976,93887.5
#17857,2144261,177976
#17857,2141909,177976
#17857,2125605,177976
#17857,2118210,177976
#17857,2083341,177976
17857,2.12267e+06,177976,43923.4
#18749,2121694,177976
#18749,2121353,177976
#18749,2125527,177976
#18749,2125564,177976
#18749,2373853,177976
18749,2.1736e+06,177976,200287
#19686,2783968,207560
#19686,2785582,207560
#19686,2783238,207560
#19686,2776670,207560
#19686,2827059,207560
19686,2.7913e+06,207560,36267.8
#20670,2825167,207560
#20670,2875570,207560
#20670,2823294,207560
#20670,2827284,207560
#20670,2857403,207560
20670,2.84174e+06,207560,42082.7
#21703,2985087,207560
#21703,2999644,207560
#21703,3006370,207560
#21703,2992567,207560
#21703,2967706,207560
21703,2.99027e+06,207560,26658.7
#22788,3321291,242080
#22788,3291950,242080
#22788,3284789,242080
#22788,3338384,242080
#22788,3347577,242080
22788,3.3168e+06,242080,49602.3
#23927,3397230,242080
#23927,3398868,242080
#23927,3397853,242080
#23927,3397951,242080
#23927,3399656,242080
23927,3.39831e+06,242080,1703.45
#25123,3405462,242080
#25123,3408710,242080
#25123,3405766,242080
#25123,3410245,242080
#25123,3406331,242080
25123,3.4073e+06,242080,3723.59
#26379,3563053,242080
#26379,3553511,242080
#26379,3568410,242080
#26379,3552613,242080
#26379,3556552,242080
26379,3.55883e+06,242080,12057.9
#27697,4002794,282344
#27697,3994254,282344
#27697,4001365,282344
#27697,3992229,282344
#27697,3988156,282344
27697,3.99576e+06,282344,11079.7
#29081,4038866,282344
#29081,4052787,282344
#29081,4045165,282344
#29081,4054390,282344
#29081,4052463,282344
29081,4.04873e+06,282344,11745.2
#30535,4115727,282344
#30535,4112881,282344
#30535,4112842,282344
#30535,4117476,282344
#30535,4116932,282344
30535,4.11517e+06,282344,3938.69
#32061,4605170,329320
#32061,4628635,329320
#32061,4623028,329320
#32061,4576399,329320
#32061,4629598,329320
32061,4.61257e+06,329320,40204.6
#33664,4792664,329320
#33664,4799013,329320
#33664,4914099,329320
#33664,4844963,329320
#33664,4841939,329320
33664,4.83854e+06,329320,86851.4
#35347,4965540,329320
#35347,4884028,329320
#35347,4819876,329320
#35347,4847919,329320
#35347,4486249,329320
35347,4.80072e+06,329320,329354
#37114,4952637,384128
#37114,4839803,384128
#37114,4806456,384128
#37114,4827315,384128
#37114,4816018,384128
37114,4.84845e+06,384128,106552
#38969,4822736,384128
#38969,4816061,384128
#38969,4821167,384128
#38969,4824405,384128
#38969,4828538,384128
38969,4.82258e+06,384128,8165.62
#40917,4859007,384128
#40917,4883063,384128
#40917,4795125,384128
#40917,4956356,384128
#40917,5111728,384128
40917,4.92106e+06,384128,216802
#42962,5846027,448072
#42962,5933484,448072
#42962,5855750,448072
#42962,5919618,448072
#42962,5893295,448072
42962,5.88963e+06,448072,68614.6
#45110,5689176,448072
#45110,5536700,448072
#45110,5497023,448072
#45110,5462416,448072
#45110,5473546,448072
45110,5.53177e+06,448072,165429
#47365,5662782,448072
#47365,5651070,448072
#47365,5646983,448072
#47365,5647704,448072
#47365,5670895,448072
47365,5.65589e+06,448072,18809.1
#49733,6332657,522680
#49733,6344310,522680
#49733,6331151,522680
#49733,6329256,522680
#49733,6322631,522680
49733,6.332e+06,522680,14085.3
#52219,6443102,522680
#52219,6407497,522680
#52219,6417312,522680
#52219,6301716,522680
#52219,6262898,522680
52219,6.3665e+06,522680,141593
#54829,6330296,522680
#54829,6315088,522680
#54829,6409688,522680
#54829,6494315,522680
#54829,6427600,522680
54829,6.3954e+06,522680,131799
#57570,7237170,609720
#57570,7230939,609720
#57570,7220414,609720
#57570,7225165,609720
#57570,7228656,609720
57570,7.22847e+06,609720,11230.1
#60448,7329993,609720
#60448,7322779,609720
#60448,7366396,609720
#60448,7370262,609720
#60448,7456190,609720
60448,7.36912e+06,609720,94945.5
#63470,7495601,609720
#63470,7479473,609720
#63470,7510050,609720
#63470,7512434,609720
#63470,7570088,609720
63470,7.51353e+06,609720,61276.1
#66643,8449504,711264
#66643,8445963,711264
#66643,8442129,711264
#66643,8447710,711264
#66643,8434423,711264
66643,8.44395e+06,711264,10700.1
#69975,8606365,711264
#69975,8533497,711264
#69975,8525626,711264
#69975,8521340,711264
#69975,8537413,711264
69975,8.54485e+06,711264,62549.7
#73473,8962372,711264
#73473,8962761,711264
#73473,8920778,711264
#73473,8932021,711264
#73473,8928241,711264
73473,8.94123e+06,711264,35579.5
#77146,8916109,711264
#77146,8932681,711264
#77146,8928350,711264
#77146,8977746,711264
#77146,8946655,711264
77146,8.94031e+06,711264,42224.6
#81003,10039425,829728
#81003,10028674,829728
#81003,10038249,829728
#81003,10030871,829728
#81003,10015406,829728
81003,1.00305e+07,829728,17227.9
#85053,10209077,829728
#85053,10217329,829728
#85053,10248674,829728
#85053,10198712,829728
#85053,10232425,829728
85053,1.02212e+07,829728,35196.3
#89305,10530711,829728
#89305,10502483,829728
#89305,10506503,829728
#89305,10490236,829728
#89305,10500756,829728
89305,1.05061e+07,829728,26820.4
#93770,11794383,967936
#93770,11785797,967936
#93770,11778982,967936
#93770,11857861,967936
#93770,11802650,967936
93770,1.18039e+07,967936,56232
#98458,11917667,967936
#98458,11918074,967936
#98458,11920280,967936
#98458,11946670,967936
#98458,11894505,967936
98458,1.19194e+07,967936,33093.1
#103380,12139160,967936
#103380,12156043,967936
#103380,12143725,967936
#103380,12059510,967936
#103380,12133486,967936
103380,1.21264e+07,967936,68505
#108549,13709709,1129184
#108549,13805226,1129184
#108549,13872930,1129184
#108549,13891981,1129184
#108549,13907961,1129184
108549,1.38376e+07,1129184,145768
#113976,13913998,1129184
#113976,13881528,1129184
#113976,13898389,1129184
#113976,13869879,1129184
#113976,13791727,1129184
113976,1.38711e+07,1129184,84830.3
#119674,14124344,1129184
#119674,14195579,1129184
#119674,14115358,1129184
#119674,14131577,1129184
#119674,14063334,1129184
119674,1.4126e+07,1129184,84452.9
#125657,15843996,1317304
#125657,15862344,1317304
#125657,15891591,1317304
#125657,15949700,1317304
#125657,15997590,1317304
125657,1.5909e+07,1317304,113877
#131939,16125418,1317304
#131939,16167960,1317304
#131939,16200558,1317304
#131939,16218261,1317304
#131939,16244343,1317304
131939,1.61913e+07,1317304,82517.2
#138535,16539100,1317304
#138535,16498288,1317304
#138535,16560745,1317304
#138535,16448205,1317304
#138535,16567453,1317304
138535,1.65228e+07,1317304,88835.3
#145461,18401662,1536776
#145461,18535797,1536776
#145461,18684847,1536776
#145461,18604326,1536776
#145461,18557907,1536776
145461,1.85569e+07,1536776,185828
#152734,18831875,1536776
#152734,18798488,1536776
#152734,18805853,1536776
#152734,18974318,1536776
#152734,18854086,1536776
152734,1.88529e+07,1536776,127624
#160370,19085408,1536776
#160370,19357436,1536776
#160370,19214452,1536776
#160370,19177844,1536776
#160370,19275193,1536776
160370,1.92221e+07,1536776,182946
#168388,21611289,1792832
#168388,21764743,1792832
#168388,21639960,1792832
#168388,21816215,1792832
#168388,21799111,1792832
168388,2.17263e+07,1792832,168632
#176807,21803148,1792832
#176807,21909437,1792832
#176807,21846802,1792832
#176807,21921241,1792832
#176807,21689576,1792832
176807,2.1834e+07,1792832,167990
#185647,22200099,1792832
#185647,22230101,1792832
#185647,22185883,1792832
#185647,22366957,1792832
#185647,22336209,1792832
185647,2.22638e+07,1792832,147374
#194929,22642681,1792832
#194929,22921017,1792832
#194929,22720060,1792832
#194929,22806594,1792832
#194929,22943213,1792832
194929,2.28067e+07,1792832,229979
#204675,25457967,2091560
#204675,25576976,2091560
#204675,25545523,2091560
#204675,25544840,2091560
#204675,25367790,2091560
204675,2.54986e+07,2091560,152958
#214908,26098203,2091560
#214908,26133789,2091560
#214908,26050334,2091560
#214908,26050126,2091560
#214908,26192926,2091560
214908,2.61051e+07,2091560,108094
#225653,26253901,2091560
#225653,25955718,2091560
#225653,26507396,2091560
#225653,26129084,2091560
#225653,26255135,2091560
225653,2.62202e+07,2091560,361210
#236935,29392174,2440072
#236935,29599801,2440072
#236935,29728561,2440072
#236935,29647230,2440072
#236935,29642698,2440072
236935,2.96021e+07,2440072,225834
#248781,30278599,2440072
#248781,30250357,2440072
#248781,30159300,2440072
#248781,30304409,2440072
#248781,38794639,2440072
248781,3.19575e+07,2440072,6.83788e+06
#261220,38899983,2440072
#261220,32195321,2440072
#261220,31538013,2440072
#261220,31320475,2440072
#261220,31352724,2440072
261220,3.30613e+07,2440072,5.87267e+06
#274281,35225979,2846680
#274281,35109106,2846680
#274281,35129121,2846680
#274281,34905961,2846680
#274281,34973421,2846680
274281,3.50687e+07,2846680,229054
#287995,35384538,2846680
#287995,35399934,2846680
#287995,35322287,2846680
#287995,35436411,2846680
#287995,35410141,2846680
287995,3.53907e+07,2846680,76268
#302394,35527045,2846680
#302394,35840763,2846680
#302394,35785252,2846680
#302394,35808395,2846680
#302394,35798429,2846680
302394,3.5752e+07,2846680,227904
#317513,40358936,3321048
#317513,39991348,3321048
#317513,40383285,3321048
#317513,40301264,3321048
#317513,40199074,3321048
317513,4.02468e+07,3321048,285240
#333388,41223459,3321048
#333388,40971437,3321048
#333388,41440528,3321048
#333388,41158183,3321048
#333388,41065684,3321048
333388,4.11719e+07,3321048,318088
#350057,41719294,3321048
#350057,41838966,3321048
#350057,41940508,3321048
#350057,41761857,3321048
#350057,41851333,3321048
350057,4.18224e+07,3321048,153251
#367559,46753506,3874472
#367559,47089998,3874472
#367559,47040572,3874472
#367559,46924706,3874472
#367559,46663839,3874472
367559,4.68945e+07,3874472,326867
#385936,47568215,3874472
#385936,47649454,3874472
#385936,47690136,3874472
#385936,47540599,3874472
#385936,47658115,3874472
385936,4.76213e+07,3874472,113902
#405232,48434179,3874472
#405232,48424820,3874472
#405232,48426987,3874472
#405232,48447206,3874472
#405232,48856728,3874472
405232,4.8518e+07,3874472,339105
#425493,54695785,4520136
#425493,54781400,4520136
#425493,54620293,4520136
#425493,54857356,4520136
#425493,54825333,4520136
425493,5.4756e+07,4520136,173822
#446767,55545435,4520136
#446767,55616218,4520136
#446767,55714121,4520136
#446767,55723643,4520136
#446767,55818435,4520136
446767,5.56836e+07,4520136,188351
#469105,56596112,4520136
#469105,56745098,4520136
#469105,56686352,4520136
#469105,56654672,4520136
#469105,56318411,4520136
469105,5.66001e+07,4520136,297733
#492560,57802635,4520136
#492560,57835368,4520136
#492560,57951899,4520136
#492560,57619984,4520136
#492560,57909704,4520136
492560,5.78239e+07,4520136,229628
#517188,65066417,5273416
#517188,65199515,5273416
#517188,65334548,5273416
#517188,65267989,5273416
#517188,65213683,5273416
517188,6.52164e+07,5273416,177556
#543047,66234157,5273416
#543047,66115182,5273416
#543047,93221827,5273416
#543047,82858202,5273416
#543047,70653411,5273416
543047,7.58166e+07,5273416,2.12626e+07
#570199,69229736,5273416
#570199,68130268,5273416
#570199,68186757,5273416
#570199,68137657,5273416
#570199,67940009,5273416
570199,6.83249e+07,5273416,920389
#598708,76035158,6152248
#598708,76092665,6152248
#598708,75830746,6152248
#598708,76211979,6152248
#598708,76345035,6152248
598708,7.61031e+07,6152248,345588
#628643,77206568,6152248
#628643,77071762,6152248
#628643,77012543,6152248
#628643,77200662,6152248
#628643,77276369,6152248
628643,7.71536e+07,6152248,193261
#660075,78649905,6152248
#660075,78968881,6152248
#660075,78912398,6152248
#660075,78795378,6152248
#660075,79043098,6152248
660075,7.88739e+07,6152248,276363
#693078,88506980,7177544
#693078,88561594,7177544
#693078,88160775,7177544
#693078,88471731,7177544
#693078,88340280,7177544
693078,8.84083e+07,7177544,287271
#727731,90252857,7177544
#727731,90550133,7177544
#727731,90263652,7177544
#727731,90076130,7177544
#727731,90233598,7177544
727731,9.02753e+07,7177544,306699
#764117,92026959,7177544
#764117,92067616,7177544
#764117,92224764,7177544
#764117,92298911,7177544
#764117,92428760,7177544
764117,9.22094e+07,7177544,296317
#802322,103387410,8373728
#802322,104003333,8373728
#802322,104048710,8373728
#802322,104390856,8373728
#802322,104129040,8373728
802322,1.03992e+08,8373728,661356
#842438,105683887,8373728
#842438,105790832,8373728
#842438,105578869,8373728
#842438,105833523,8373728
#842438,105645914,8373728
842438,1.05707e+08,8373728,187015
#884559,107772382,8373728
#884559,107962816,8373728
#884559,107902159,8373728
#884559,107752854,8373728
#884559,108156765,8373728
884559,1.07909e+08,8373728,293088
#928786,122437847,9769272
#928786,122454889,9769272
#928786,122351312,9769272
#928786,122123804,9769272
#928786,122190545,9769272
928786,1.22312e+08,9769272,265283
#975225,124723871,9769272
#975225,126145382,9769272
#975225,124772608,9769272
#975225,124175193,9769272
#975225,124709702,9769272
975225,1.24905e+08,9769272,1.31443e+06
#1023986,127908727,9769272
#1023986,127929455,9769272
#1023986,128704132,9769272
#1023986,128586826,9769272
#1023986,128024106,9769272
1023986,1.28231e+08,9769272,685892
#1075185,143387876,11397408
#1075185,144545084,11397408
#1075185,144691339,11397408
#1075185,144733536,11397408
#1075185,144293041,11397408
1075185,1.4433e+08,11397408,991416
#1128944,147569989,11397408
#1128944,147597410,11397408
#1128944,148364660,11397408
#1128944,147897790,11397408
#1128944,147965771,11397408
1128944,1.47879e+08,11397408,578639
#1185391,150922011,11397408
#1185391,150837071,11397408
#1185391,150807536,11397408
#1185391,150671126,11397408
#1185391,151245168,11397408
1185391,1.50897e+08,11397408,384146
#1244660,155195082,11397408
#1244660,156456306,11397408
#1244660,156782430,11397408
#1244660,155798631,11397408
#1244660,155935111,11397408
1244660,1.56034e+08,11397408,1.09816e+06
#1306893,174557483,13296896
#1306893,174334789,13296896
#1306893,177300343,13296896
#1306893,176672626,13296896
#1306893,174500619,13296896
1306893,1.75473e+08,13296896,2.50719e+06
#1372237,179936915,13296896
#1372237,180278242,13296896
#1372237,179735424,13296896
#1372237,180899549,13296896
#1372237,179713923,13296896
1372237,1.80113e+08,13296896,884894
#1440848,184655799,13296896
#1440848,184700565,13296896
#1440848,184811914,13296896
#1440848,185479167,13296896
#1440848,185461556,13296896
1440848,1.85022e+08,13296896,739606
#1512890,208491562,15512968
#1512890,209243600,15512968
#1512890,212776603,15512968
#1512890,208794135,15512968
#1512890,207839256,15512968
1512890,2.09429e+08,15512968,3.46986e+06
#1588534,213535778,15512968
#1588534,214360290,15512968
#1588534,213387930,15512968
#1588534,213227464,15512968
#1588534,213830552,15512968
1588534,2.13668e+08,15512968,797838
#1667960,221421637,15512968
#1667960,221815891,15512968
#1667960,220441496,15512968
#1667960,220833987,15512968
#1667960,220583565,15512968
1667960,2.21019e+08,15512968,1.04096e+06
#1751358,250313161,18098392
#1751358,247006121,18098392
#1751358,247332732,18098392
#1751358,247049794,18098392
#1751358,248136104,18098392
1751358,2.47968e+08,18098392,2.48192e+06
#1838925,256589128,18098392
#1838925,295982313,18098392
#1838925,297614610,18098392
#1838925,272761484,18098392
#1838925,256796375,18098392
1838925,2.75949e+08,18098392,3.6028e+07
#1930871,263654031,18098392
#1930871,263937072,18098392
#1930871,263495769,18098392
#1930871,263607407,18098392
#1930871,263871146,18098392
1930871,2.63713e+08,18098392,331101
#2027414,295421096,21114712
#2027414,295979833,21114712
#2027414,296650729,21114712
#2027414,295730955,21114712
#2027414,295670022,21114712
2027414,2.95891e+08,21114712,839206
#2128784,305267055,21114712
#2128784,303748730,21114712
#2128784,303209951,21114712
#2128784,305752248,21114712
#2128784,302904358,21114712
2128784,3.04176e+08,21114712,2.26413e+06
#2235223,323496794,21114712
#2235223,311994135,21114712
#2235223,312449466,21114712
#2235223,312045401,21114712
#2235223,313098353,21114712
2235223,3.14617e+08,21114712,8.91506e+06
#2346984,349507446,24633752
#2346984,352267786,24633752
#2346984,351263916,24633752
#2346984,351388732,24633752
#2346984,356994767,24633752
2346984,3.52285e+08,24633752,5.03928e+06
#2464333,360492403,24633752
#2464333,361391580,24633752
#2464333,359929634,24633752
#2464333,360146334,24633752
#2464333,362215981,24633752
2464333,3.60835e+08,24633752,1.70369e+06
#2587549,371299138,24633752
#2587549,371330049,24633752
#2587549,370985539,24633752
#2587549,370871691,24633752
#2587549,370997632,24633752
2587549,3.71097e+08,24633752,366860
#2716926,417475568,28739296
#2716926,418308717,28739296
#2716926,418720361,28739296
#2716926,419674937,28739296
#2716926,419030390,28739296
2716926,4.18642e+08,28739296,1.46849e+06
#2852772,447521756,28739296
#2852772,445701316,28739296
#2852772,445196467,28739296
#2852772,445855703,28739296
#2852772,445954888,28739296
2852772,4.46046e+08,28739296,1.56535e+06
#2995410,446813028,28739296
#2995410,458477763,28739296
#2995410,457779802,28739296
#2995410,459156010,28739296
#2995410,458564217,28739296
2995410,4.56158e+08,28739296,9.38586e+06
#3145180,495362065,33529096
#3145180,497112422,33529096
#3145180,497167293,33529096
#3145180,496936301,33529096
#3145180,496485816,33529096
3145180,4.96613e+08,33529096,1.33931e+06
#3302439,516355988,33529096
#3302439,510778403,33529096
#3302439,507502983,33529096
#3302439,507724180,33529096
#3302439,508743755,33529096
3302439,5.10221e+08,33529096,6.55761e+06
#3467560,611308885,33529096
#3467560,547727739,33529096
#3467560,542852052,33529096
#3467560,550722418,33529096
#3467560,544428910,33529096
3467560,5.59408e+08,33529096,5.21846e+07
#3640938,548321851,33529096
#3640938,545906244,33529096
#3640938,545050137,33529096
#3640938,546162870,33529096
#3640938,545546524,33529096
3640938,5.46198e+08,33529096,2.25195e+06
#3822984,603261148,39117208
#3822984,605191598,39117208
#3822984,605437266,39117208
#3822984,603614817,39117208
#3822984,605975010,39117208
3822984,6.04696e+08,39117208,2.12767e+06
#4014133,642125755,39117208
#4014133,641067778,39117208
#4014133,643014896,39117208
#4014133,643234121,39117208
#4014133,643169482,39117208
4014133,6.42522e+08,39117208,1.65917e+06
#4214839,662822617,39117208
#4214839,664050232,39117208
#4214839,708901526,39117208
#4214839,665806227,39117208
#4214839,664307181,39117208
4214839,6.73178e+08,39117208,3.57743e+07
#4425580,751534175,45636664
#4425580,750614562,45636664
#4425580,749972308,45636664
#4425580,751147608,45636664
#4425580,752495149,45636664
4425580,7.51153e+08,45636664,1.70426e+06
#4646859,762600922,45636664
#4646859,776039259,45636664
#4646859,772419540,45636664
#4646859,770340708,45636664
#4646859,771764115,45636664
4646859,7.70633e+08,45636664,8.86785e+06
#4879201,809303864,45636664
#4879201,887714254,45636664
#4879201,800720977,45636664
#4879201,799734320,45636664
#4879201,800534613,45636664
4879201,8.19602e+08,45636664,6.84696e+07
#5123161,890673444,53242696
#5123161,900045153,53242696
#5123161,900609327,53242696
#5123161,900346136,53242696
#5123161,903573589,53242696
5123161,8.9905e+08,53242696,8.75129e+06
#5379319,914788679,53242696
#5379319,923610224,53242696
#5379319,923107676,53242696
#5379319,924231934,53242696
#5379319,923206880,53242696
5379319,9.21789e+08,53242696,7.04492e+06
#5648284,942181188,53242696
#5648284,951186437,53242696
#5648284,951642492,53242696
#5648284,982213473,53242696
#5648284,958393013,53242696
5648284,9.57123e+08,53242696,2.71246e+07
#5930698,1065828995,62116408
#5930698,1072881133,62116408
#5930698,1070099724,62116408
#5930698,1069823409,62116408
#5930698,1072582822,62116408
5930698,1.07024e+09,62116408,5.06869e+06
#6227232,1098505099,62116408
#6227232,1193766880,62116408
#6227232,1105152702,62116408
#6227232,1102774841,62116408
#6227232,1101057020,62116408
6227232,1.12025e+09,62116408,7.36438e+07
#6538593,1127389566,62116408
#6538593,1133794303,62116408
#6538593,1131331101,62116408
#6538593,1136045687,62116408
#6538593,1138923040,62116408
6538593,1.1335e+09,62116408,7.90028e+06
#6865522,1263118520,72469064
#6865522,1270932897,72469064
#6865522,1267408151,72469064
#6865522,1269235959,72469064
#6865522,1271881808,72469064
6865522,1.26852e+09,72469064,6.1999e+06
#7208798,1292053015,72469064
#7208798,1301918788,72469064
#7208798,1342084666,72469064
#7208798,1302747877,72469064
#7208798,1311606112,72469064
7208798,1.31008e+09,72469064,3.43158e+07
#7569237,1332566236,72469064
#7569237,1340535491,72469064
#7569237,1341092346,72469064
#7569237,1339291152,72469064
#7569237,1336705832,72469064
7569237,1.33804e+09,72469064,6.25151e+06
#7947698,1492385909,84547168
#7947698,1501313379,84547168
#7947698,1501941603,84547168
#7947698,1502609405,84547168
#7947698,1498527291,84547168
7947698,1.49936e+09,84547168,7.50308e+06
#8345082,1533971900,84547168
#8345082,1538543405,84547168
#8345082,1538999118,84547168
#8345082,1537859863,84547168
#8345082,1536075304,84547168
8345082,1.53709e+09,84547168,3.69886e+06
#8762336,1681254277,84547168
#8762336,1582909316,84547168
#8762336,1583450040,84547168
#8762336,1581281764,84547168
#8762336,1582639303,84547168
8762336,1.60231e+09,84547168,7.89603e+07
#9200452,1624723944,84547168
#9200452,1635802569,84547168
#9200452,1632531569,84547168
#9200452,1637005883,84547168
#9200452,1630671107,84547168
9200452,1.63215e+09,84547168,8.69022e+06
#9660474,1815613227,98638280
#9660474,1830986443,98638280
#9660474,1815785633,98638280
#9660474,1819756228,98638280
#9660474,1913872737,98638280
9660474,1.8392e+09,98638280,7.55042e+07
