#1,540,256
#1,239,256
#1,111,256
#1,80,256
#1,103,256
1,214.6,256,343.843
#2,195,256
#2,91,256
#2,96,256
#2,73,256
#2,1821,256
2,455.2,256,1368.46
#3,91,256
#3,106,256
#3,104,256
#3,79,256
#3,80,256
3,92,256,22.8736
#4,97,256
#4,87,256
#4,92,256
#4,104,256
#4,102,256
4,96.4,256,12.5603
#5,134,256
#5,102,256
#5,97,256
#5,100,256
#5,94,256
5,105.4,256,29.1094
#6,125,256
#6,119,256
#6,102,256
#6,104,256
#6,109,256
6,111.8,256,17.6816
#7,1217,256
#7,132,256
#7,111,256
#7,109,256
#7,111,256
7,336,256,881.161
#8,134,256
#8,120,256
#8,119,256
#8,125,256
#8,122,256
8,124,256,10.8074
#9,171,256
#9,890,256
#9,123,256
#9,122,256
#9,121,256
9,285.4,256,605.792
#10,151,256
#10,150,256
#10,143,256
#10,144,256
#10,145,256
10,146.6,256,6.5238
#11,163,256
#11,1076,256
#11,151,256
#11,141,256
#11,140,256
11,334.2,256,741.986
#12,159,256
#12,152,256
#12,155,256
#12,153,256
#12,154,256
12,154.6,256,4.83322
#13,387,384
#13,562,384
#13,353,384
#13,293,384
#13,282,384
13,375.4,384,201.929
#14,1345,384
#14,286,384
#14,269,384
#14,312,384
#14,278,384
14,498,384,847.486
#15,349,384
#15,1071,384
#15,300,384
#15,341,384
#15,302,384
15,472.6,384,599.715
#16,1169,384
#16,301,384
#16,314,384
#16,339,384
#16,298,384
16,484.2,384,685.411
#17,330,384
#17,294,384
#17,1073,384
#17,325,384
#17,292,384
17,462.8,384,610.989
#18,329,384
#18,316,384
#18,320,384
#18,304,384
#18,299,384
18,313.6,384,21.7108
#19,1873,384
#19,529,384
#19,423,384
#19,358,384
#19,408,384
19,718.2,384,1160.16
#20,508,384
#20,413,384
#20,370,384
#20,318,384
#20,315,384
20,384.8,384,142.904
#21,395,384
#21,373,384
#21,337,384
#21,339,384
#21,326,384
21,354,384,51.6914
#22,341,384
#22,344,384
#22,332,384
#22,351,384
#22,337,384
22,341,384,12.8374
#23,389,384
#23,391,384
#23,370,384
#23,372,384
#23,354,384
23,375.2,384,27.2294
#24,385,384
#24,379,384
#24,371,384
#24,378,384
#24,368,384
24,376.2,384,12.093
#25,1484,896
#25,1094,896
#25,844,896
#25,774,896
#25,719,896
25,983,896,562.864
#26,1014,896
#26,870,896
#26,750,896
#26,762,896
#26,684,896
26,816,896,231.199
#27,817,896
#27,698,896
#27,677,896
#27,687,896
#27,657,896
27,707.2,896,113.069
#28,802,896
#28,706,896
#28,733,896
#28,705,896
#28,701,896
28,729.4,896,76.0694
#29,776,896
#29,753,896
#29,731,896
#29,729,896
#29,707,896
29,739.2,896,46.928
#30,736,896
#30,721,896
#30,707,896
#30,703,896
#30,694,896
30,712.2,896,29.4863
#31,770,896
#31,745,896
#31,704,896
#31,686,896
#31,687,896
31,718.4,896,67.0116
#32,819,896
#32,751,896
#32,745,896
#32,711,896
#32,718,896
32,748.8,896,76.5496
#33,889,896
#33,790,896
#33,761,896
#33,746,896
#33,732,896
33,783.6,896,112.204
#34,819,896
#34,742,896
#34,737,896
#34,736,896
#34,706,896
34,748,896,75.3976
#35,781,896
#35,778,896
#35,753,896
#35,745,896
#35,739,896
35,759.2,896,34.3721
#36,793,896
#36,763,896
#36,761,896
#36,751,896
#36,723,896
36,758.2,896,45.0138
#37,802,896
#37,779,896
#37,741,896
#37,741,896
#37,747,896
37,762,896,48.9571
#38,926,896
#38,887,896
#38,893,896
#38,848,896
#38,810,896
38,872.8,896,79.994
#39,951,896
#39,912,896
#39,816,896
#39,816,896
#39,782,896
39,855.4,896,129.105
#40,1032,896
#40,1071,896
#40,924,896
#40,875,896
#40,867,896
40,953.8,896,166.091
#42,984,896
#42,930,896
#42,924,896
#42,889,896
#42,847,896
42,914.8,896,91.0683
#44,932,896
#44,943,896
#44,1042,896
#44,923,896
#44,891,896
44,946.2,896,101.881
#46,965,896
#46,819,896
#46,819,896
#46,833,896
#46,898,896
46,866.8,896,114.294
#48,852,896
#48,962,896
#48,842,896
#48,808,896
#48,787,896
48,850.2,896,121.144
#50,1622,1536
#50,1429,1536
#50,1212,1536
#50,1158,1536
#50,1154,1536
50,1315,1536,367.068
#52,1544,1536
#52,1627,1536
#52,1526,1536
#52,1279,1536
#52,1243,1536
52,1443.8,1536,307.036
#54,1616,1536
#54,1507,1536
#54,1306,1536
#54,1223,1536
#54,1184,1536
54,1367.2,1536,334.122
#56,1597,1536
#56,1253,1536
#56,1187,1536
#56,1181,1536
#56,1158,1536
56,1275.2,1536,327.947
#58,1589,1536
#58,1485,1536
#58,1340,1536
#58,1256,1536
#58,1197,1536
58,1373.4,1536,289.763
#60,1505,1536
#60,1604,1536
#60,1443,1536
#60,1329,1536
#60,1269,1536
60,1430,1536,240.32
#63,1462,1536
#63,1402,1536
#63,1352,1536
#63,1307,1536
#63,1323,1536
63,1369.2,1536,113.09
#66,1467,1536
#66,1373,1536
#66,1298,1536
#66,1245,1536
#66,1213,1536
66,1319.2,1536,183.244
#69,1416,1536
#69,1401,1536
#69,1444,1536
#69,1347,1536
#69,1313,1536
69,1384.2,1536,95.1748
#72,3570,1536
#72,3879,1536
#72,1438,1536
#72,1337,1536
#72,1342,1536
72,2313.2,1536,2314.03
#75,1460,1536
#75,1389,1536
#75,1306,1536
#75,1266,1536
#75,1258,1536
75,1335.8,1536,155.097
#78,1547,1536
#78,1331,1536
#78,1307,1536
#78,1291,1536
#78,27121,1536
78,6519.4,1536,20602.4
#81,1806,1536
#81,1699,1536
#81,1619,1536
#81,1547,1536
#81,1505,1536
81,1635.2,1536,215.846
#85,1869,1536
#85,1688,1536
#85,1548,1536
#85,1526,1536
#85,1493,1536
85,1624.8,1536,278.077
#89,1591,1536
#89,1502,1536
#89,1456,1536
#89,1380,1536
#89,1393,1536
89,1464.4,1536,154.229
#93,2956,1536
#93,1444,1536
#93,1411,1536
#93,1392,1536
#93,1323,1536
93,1705.2,1536,1253.3
#97,1580,1536
#97,1561,1536
#97,1504,1536
#97,1434,1536
#97,1434,1536
97,1502.6,1536,122.687
#101,3304,2432
#101,2297,2432
#101,2122,2432
#101,2084,2432
#101,2068,2432
101,2375,2432,943.213
#106,2374,2432
#106,2258,2432
#106,2176,2432
#106,2099,2432
#106,2082,2432
106,2197.8,2432,215.994
#111,2537,2432
#111,2276,2432
#111,2129,2432
#111,2104,2432
#111,2077,2432
111,2224.6,2432,341.415
#116,2450,2432
#116,2432,2432
#116,2221,2432
#116,2188,2432
#116,2129,2432
116,2284,2432,263.317
#121,2515,2432
#121,2502,2432
#121,2247,2432
#121,2220,2432
#121,2194,2432
121,2335.6,2432,284.446
#127,2793,2432
#127,2614,2432
#127,2364,2432
#127,2304,2432
#127,2263,2432
127,2467.6,2432,406.622
#133,2550,2432
#133,2410,2432
#133,2267,2432
#133,2268,2432
#133,2256,2432
133,2350.2,2432,229.867
#139,2594,2432
#139,2575,2432
#139,2388,2432
#139,2351,2432
#139,2299,2432
139,2441.4,2432,240.728
#145,2752,2432
#145,2586,2432
#145,2370,2432
#145,2354,2432
#145,2313,2432
145,2475,2432,335.809
#152,3088,2432
#152,2776,2432
#152,2501,2432
#152,2435,2432
#152,2408,2432
152,2641.6,2432,517.19
#159,2928,2432
#159,2750,2432
#159,2566,2432
#159,2523,2432
#159,2472,2432
159,2647.8,2432,337.199
#166,3085,2432
#166,2836,2432
#166,2581,2432
#166,2496,2432
#166,2452,2432
166,2690,2432,476.237
#174,2904,2432
#174,2832,2432
#174,2583,2432
#174,2577,2432
#174,2535,2432
174,2686.2,2432,302.167
#182,3142,2432
#182,2939,2432
#182,2703,2432
#182,2640,2432
#182,2621,2432
182,2809,2432,402.919
#191,4990,3968
#191,4149,3968
#191,3757,3968
#191,3710,3968
#191,3686,3968
191,4058.4,3968,990.755
#200,4509,3968
#200,4288,3968
#200,3967,3968
#200,3962,3968
#200,3791,3968
200,4103.4,3968,517.518
#210,4384,3968
#210,4246,3968
#210,4005,3968
#210,3948,3968
#210,3859,3968
210,4088.4,3968,391.417
#220,4746,3968
#220,4259,3968
#220,4069,3968
#220,3944,3968
#220,3796,3968
220,4162.8,3968,657.627
#231,5111,3968
#231,4591,3968
#231,4144,3968
#231,4099,3968
#231,22045,3968
231,7998,3968,14066
#242,5326,3968
#242,4981,3968
#242,4727,3968
#242,17316,3968
#242,4053,3968
242,7280.6,3968,10070
#254,4834,3968
#254,4570,3968
#254,4254,3968
#254,4231,3968
#254,4211,3968
254,4420,3968,490.595
#266,4874,3968
#266,4796,3968
#266,4472,3968
#266,4385,3968
#266,4289,3968
266,4563.2,3968,461.347
#279,5010,3968
#279,4562,3968
#279,4411,3968
#279,4427,3968
#279,4280,3968
279,4538,3968,504.677
#292,5406,3968
#292,4925,3968
#292,4713,3968
#292,4534,3968
#292,4476,3968
292,4810.8,3968,672.654
#306,5468,3968
#306,5145,3968
#306,4706,3968
#306,4650,3968
#306,4569,3968
306,4907.6,3968,688.219
#321,5212,3968
#321,5117,3968
#321,4799,3968
#321,4935,3968
#321,4819,3968
321,4976.4,3968,326.478
#337,7814,6656
#337,7682,6656
#337,7558,6656
#337,7196,6656
#337,6807,6656
337,7411.4,6656,731.3
#353,7626,6656
#353,7304,6656
#353,6932,6656
#353,6799,6656
#353,6679,6656
353,7068,6656,698.134
#370,9442,6656
#370,8121,6656
#370,8218,6656
#370,8315,6656
#370,8387,6656
370,8496.6,6656,962.274
#388,8482,6656
#388,7532,6656
#388,7405,6656
#388,7200,6656
#388,7042,6656
388,7532.2,6656,1007.55
#407,8666,6656
#407,8581,6656
#407,9129,6656
#407,8806,6656
#407,7786,6656
407,8593.6,6656,889.667
#427,8698,6656
#427,7940,6656
#427,7673,6656
#427,7480,6656
#427,7397,6656
427,7837.6,6656,938.029
#448,8202,6656
#448,8034,6656
#448,7626,6656
#448,7451,6656
#448,7534,6656
448,7769.4,6656,589.584
#470,8984,6656
#470,8501,6656
#470,8014,6656
#470,7949,6656
#470,26307,6656
470,11951,6656,14375.4
#493,10128,6656
#493,9577,6656
#493,9059,6656
#493,8811,6656
#493,8917,6656
493,9298.4,6656,982.32
#517,10320,6656
#517,9789,6656
#517,9388,6656
#517,8841,6656
#517,8774,6656
517,9422.4,6656,1166.09
#542,9656,6656
#542,8862,6656
#542,8385,6656
#542,8281,6656
#542,8411,6656
542,8719,6656,1018.5
#569,10310,6656
#569,9956,6656
#569,21348,6656
#569,8348,6656
#569,8285,6656
569,11649.4,6656,9836.38
#597,15791,11392
#597,31541,11392
#597,32510,11392
#597,12157,11392
#597,33609,11392
597,25121.6,11392,18395.1
#626,35524,11392
#626,17931,11392
#626,17717,11392
#626,32627,11392
#626,41185,11392
626,28996.8,11392,19058.2
#657,14729,11392
#657,14177,11392
#657,13851,11392
#657,13619,11392
#657,13388,11392
657,13952.8,11392,935.323
#689,16704,11392
#689,15403,11392
#689,14414,11392
#689,14310,11392
#689,14081,11392
689,14982.4,11392,1944.95
#723,20142,11392
#723,19630,11392
#723,19572,11392
#723,20206,11392
#723,19512,11392
723,19812.4,11392,596.563
#759,15904,11392
#759,15403,11392
#759,15446,11392
#759,14364,11392
#759,14487,11392
759,15120.8,11392,1191.05
#796,15732,11392
#796,15030,11392
#796,14385,11392
#796,14474,11392
#796,14620,11392
796,14848.2,11392,988.255
#835,16500,11392
#835,15753,11392
#835,14929,11392
#835,14946,11392
#835,14648,11392
835,15355.2,11392,1361.77
#876,16514,11392
#876,16096,11392
#876,15497,11392
#876,15381,11392
#876,15278,11392
876,15753.2,11392,949.238
#919,17874,11392
#919,16748,11392
#919,15688,11392
#919,15840,11392
#919,15237,11392
919,16277.4,11392,1874.4
#964,18604,11392
#964,17391,11392
#964,17138,11392
#964,16345,11392
#964,16464,11392
964,17188.4,11392,1620.76
#1012,21385,11392
#1012,18801,11392
#1012,17871,11392
#1012,17091,11392
#1012,16466,11392
1012,18322.8,11392,3438.01
#1062,27371,19584
#1062,26534,19584
#1062,25202,19584
#1062,24965,19584
#1062,24339,19584
1062,25682.2,19584,2213.91
#1115,26043,19584
#1115,40049,19584
#1115,21689,19584
#1115,20911,19584
#1115,20627,19584
1115,25863.8,19584,14714.2
#1170,23223,19584
#1170,22417,19584
#1170,22252,19584
#1170,21449,19584
#1170,21212,19584
1170,22110.6,19584,1441.25
#1228,23755,19584
#1228,23191,19584
#1228,22681,19584
#1228,22065,19584
#1228,21791,19584
1228,22696.6,19584,1437.75
#1289,25920,19584
#1289,24402,19584
#1289,23347,19584
#1289,23205,19584
#1289,22780,19584
1289,23930.8,19584,2257.59
#1353,26548,19584
#1353,25394,19584
#1353,24482,19584
#1353,23518,19584
#1353,23658,19584
1353,24720,19584,2267.18
#1420,25793,19584
#1420,24622,19584
#1420,23602,19584
#1420,23271,19584
#1420,22894,19584
1420,24036.4,19584,2099.18
#1491,26491,19584
#1491,25635,19584
#1491,24621,19584
#1491,24158,19584
#1491,23919,19584
1491,24964.8,19584,1926.92
#1565,28292,19584
#1565,47757,19584
#1565,28619,19584
#1565,42771,19584
#1565,24480,19584
1565,34383.8,19584,18278.2
#1643,30016,19584
#1643,30164,19584
#1643,27506,19584
#1643,28122,19584
#1643,25436,19584
1643,28248.8,19584,3495.22
#1725,32925,19584
#1725,36362,19584
#1725,29114,19584
#1725,25481,19584
#1725,25379,19584
1725,29852.2,19584,8554.83
#1811,38974,19584
#1811,30497,19584
#1811,28052,19584
#1811,27471,19584
#1811,27324,19584
1811,30463.6,19584,8811.66
#1901,43061,33920
#1901,40826,33920
#1901,39323,33920
#1901,37837,33920
#1901,62829,33920
1901,44775.2,33920,18381.3
#1996,48421,33920
#1996,56796,33920
#1996,61757,33920
#1996,57622,33920
#1996,68191,33920
1996,58557.4,33920,12954.3
#2095,66531,33920
#2095,45719,33920
#2095,54412,33920
#2095,43397,33920
#2095,44113,33920
2095,50834.4,33920,17569.1
#2199,51861,33920
#2199,48874,33920
#2199,46680,33920
#2199,45709,33920
#2199,59662,33920
2199,50557.2,33920,10038.7
#2308,45048,33920
#2308,43179,33920
#2308,41983,33920
#2308,41160,33920
#2308,40616,33920
2308,42397.2,33920,3163.9
#2423,46943,33920
#2423,45144,33920
#2423,43417,33920
#2423,42541,33920
#2423,42149,33920
2423,44038.8,33920,3561.71
#2544,48376,33920
#2544,45234,33920
#2544,44573,33920
#2544,42698,33920
#2544,42152,33920
2544,44606.6,33920,4406.45
#2671,46341,33920
#2671,44261,33920
#2671,42672,33920
#2671,41934,33920
#2671,41208,33920
2671,43283.2,33920,3666.78
#2804,49388,33920
#2804,47974,33920
#2804,45596,33920
#2804,45296,33920
#2804,44324,33920
2804,46515.6,33920,3743.13
#2944,50435,33920
#2944,47723,33920
#2944,46160,33920
#2944,45472,33920
#2944,44350,33920
2944,46828,33920,4217.76
#3091,51725,33920
#3091,50695,33920
#3091,48501,33920
#3091,47606,33920
#3091,46669,33920
3091,49039.2,33920,3785.95
#3245,74628,59008
#3245,69322,59008
#3245,67521,59008
#3245,66326,59008
#3245,65193,59008
3245,68598,59008,6621.24
#3407,75859,59008
#3407,72910,59008
#3407,70319,59008
#3407,69323,59008
#3407,68271,59008
3407,71336.4,59008,5471.06
#3577,99635,59008
#3577,77666,59008
#3577,90466,59008
#3577,66596,59008
#3577,66068,59008
3577,80086.2,59008,26446.2
#3755,73674,59008
#3755,72042,59008
#3755,70528,59008
#3755,69244,59008
#3755,68817,59008
3755,70861,59008,3601.25
#3942,75517,59008
#3942,74081,59008
#3942,72327,59008
#3942,70975,59008
#3942,70547,59008
3942,72689.4,59008,3751.51
#4139,80068,59008
#4139,78096,59008
#4139,76182,59008
#4139,74937,59008
#4139,74121,59008
4139,76680.8,59008,4319.09
#4345,76733,59008
#4345,75451,59008
#4345,73247,59008
#4345,72636,59008
#4345,71974,59008
4345,74008.2,59008,3589.6
#4562,83941,59008
#4562,82546,59008
#4562,80453,59008
#4562,79316,59008
#4562,78487,59008
4562,80948.6,59008,4047.38
#4790,83673,59008
#4790,81865,59008
#4790,80108,59008
#4790,79008,59008
#4790,78365,59008
4790,80603.8,59008,3879.71
#5029,86504,59008
#5029,84944,59008
#5029,82874,59008
#5029,82228,59008
#5029,81518,59008
5029,83613.6,59008,3685.95
#5280,88079,59008
#5280,86746,59008
#5280,85293,59008
#5280,84190,59008
#5280,83217,59008
5280,85505,59008,3484.21
#5544,91589,59008
#5544,90159,59008
#5544,88527,59008
#5544,87462,59008
#5544,86781,59008
5544,88903.6,59008,3522.83
#5821,140722,102912
#5821,139071,102912
#5821,136694,102912
#5821,135818,102912
#5821,135389,102912
5821,137539,102912,4076.95
#6112,136779,102912
#6112,135168,102912
#6112,132959,102912
#6112,132797,102912
#6112,132251,102912
6112,133991,102912,3426.55
#6417,134477,102912
#6417,133162,102912
#6417,131797,102912
#6417,130941,102912
#6417,129959,102912
6417,132067,102912,3198.95
#6737,132815,102912
#6737,131683,102912
#6737,130216,102912
#6737,129257,102912
#6737,128580,102912
6737,130510,102912,3107.45
#7073,147913,102912
#7073,146609,102912
#7073,145162,102912
#7073,143943,102912
#7073,143530,102912
7073,145431,102912,3280.04
#7426,148652,102912
#7426,146387,102912
#7426,145043,102912
#7426,187056,102912
#7426,142745,102912
7426,153977,102912,33300.5
#7797,137872,102912
#7797,136126,102912
#7797,134439,102912
#7797,133732,102912
#7797,133148,102912
7797,135063,102912,3446.58
#8186,143778,102912
#8186,142540,102912
#8186,140196,102912
#8186,139831,102912
#8186,139126,102912
8186,141094,102912,3529.23
#8595,163343,102912
#8595,145240,102912
#8595,143671,102912
#8595,142908,102912
#8595,142285,102912
8595,147489,102912,15976.3
#9024,152059,102912
#9024,150583,102912
#9024,149122,102912
#9024,148396,102912
#9024,147697,102912
9024,149571,102912,3137.95
#9475,159039,102912
#9475,157348,102912
#9475,156294,102912
#9475,156204,102912
#9475,155467,102912
9475,156870,102912,2478.19
#9948,240898,179840
#9948,233749,179840
#9948,256444,179840
#9948,254825,179840
#9948,280463,179840
9948,253276,179840,32076
#10445,252693,179840
#10445,252343,179840
#10445,251402,179840
#10445,251441,179840
#10445,249770,179840
10445,251530,179840,2026.91
#10967,248868,179840
#10967,247523,179840
#10967,246807,179840
#10967,246301,179840
#10967,246535,179840
10967,247207,179840,1852.82
#11515,236144,179840
#11515,226950,179840
#11515,225620,179840
#11515,225073,179840
#11515,225010,179840
11515,227759,179840,8499.86
#12090,276956,179840
#12090,274860,179840
#12090,275095,179840
#12090,273151,179840
#12090,273973,179840
12090,274807,179840,2552.15
#12694,268506,179840
#12694,266504,179840
#12694,265278,179840
#12694,265497,179840
#12694,265827,179840
12694,266322,179840,2335.56
#13328,244016,179840
#13328,241855,179840
#13328,240777,179840
#13328,240262,179840
#13328,240155,179840
13328,241413,179840,2868.15
#13994,295840,179840
#13994,246552,179840
#13994,245630,179840
#13994,245677,179840
#13994,244863,179840
13994,255712,179840,40141.9
#14693,301189,179840
#14693,255541,179840
#14693,254730,179840
#14693,254624,179840
#14693,254438,179840
14693,264104,179840,37092.3
#15427,269373,179840
#15427,260941,179840
#15427,259622,179840
#15427,259271,179840
#15427,258596,179840
15427,261561,179840,7960.24
#16198,269877,179840
#16198,268187,179840
#16198,267663,179840
#16198,267682,179840
#16198,267498,179840
16198,268181,179840,1757.33
#17007,285328,179840
#17007,281905,179840
#17007,280901,179840
#17007,280149,179840
#17007,280127,179840
17007,281682,179840,3870
#17857,436078,314368
#17857,471586,314368
#17857,380282,314368
#17857,379614,314368
#17857,379015,314368
17857,409315,314368,76089.9
#18749,453546,314368
#18749,397872,314368
#18749,397087,314368
#18749,396540,314368
#18749,438371,314368
18749,416683,314368,48767.6
#19686,428232,314368
#19686,400238,314368
#19686,399502,314368
#19686,399430,314368
#19686,399730,314368
19686,405426,314368,22812.6
#20670,494028,314368
#20670,492352,314368
#20670,492468,314368
#20670,491829,314368
#20670,490423,314368
20670,492220,314368,2320.32
#21703,504885,314368
#21703,489003,314368
#21703,488946,314368
#21703,489194,314368
#21703,487619,314368
21703,491929,314368,13003.8
#22788,476616,314368
#22788,425277,314368
#22788,423855,314368
#22788,423667,314368
#22788,423493,314368
22788,434582,314368,42053.4
#23927,443022,314368
#23927,442759,314368
#23927,483203,314368
#23927,442116,314368
#23927,441996,314368
23927,450619,314368,32592.9
#25123,538112,314368
#25123,537366,314368
#25123,537869,314368
#25123,538746,314368
#25123,536833,314368
25123,537785,314368,1302.11
#26379,495648,314368
#26379,519393,314368
#26379,638272,314368
#26379,642924,314368
#26379,502970,314368
26379,559841,314368,132802
#27697,480094,314368
#27697,475520,314368
#27697,478533,314368
#27697,474791,314368
#27697,474500,314368
27697,476688,314368,4450.17
#29081,507378,314368
#29081,505459,314368
#29081,506891,314368
#29081,504258,314368
#29081,504913,314368
29081,505780,314368,2359.52
#30535,787755,549888
#30535,679689,549888
#30535,678498,549888
#30535,678039,549888
#30535,677474,549888
30535,700291,549888,87476.1
#32061,806499,549888
#32061,696784,549888
#32061,697094,549888
#32061,697146,549888
#32061,696841,549888
32061,718873,549888,87626.6
#33664,735658,549888
#33664,705168,549888
#33664,705190,549888
#33664,707140,549888
#33664,705598,549888
33664,711751,549888,23950.7
#35347,717583,549888
#35347,718519,549888
#35347,715443,549888
#35347,715357,549888
#35347,715958,549888
35347,716572,549888,2520.44
#37114,905662,549888
#37114,906533,549888
#37114,903949,549888
#37114,905351,549888
#37114,907156,549888
37114,905730,549888,2190.62
#38969,893806,549888
#38969,759795,549888
#38969,756462,549888
#38969,756848,549888
#38969,755790,549888
38969,784540,549888,109300
#40917,810463,549888
#40917,779283,549888
#40917,778300,549888
#40917,779174,549888
#40917,779016,549888
40917,785247,549888,25225.1
#42962,802684,549888
#42962,808160,549888
#42962,800596,549888
#42962,801250,549888
#42962,801834,549888
42962,802905,549888,5431.86
#45110,1034133,549888
#45110,1005434,549888
#45110,989189,549888
#45110,989952,549888
#45110,988427,549888
45110,1.00143e+06,549888,35056.3
#47365,909021,549888
#47365,845014,549888
#47365,873976,549888
#47365,860993,549888
#47365,845123,549888
47365,866825,549888,47432.9
#49733,972086,549888
#49733,928320,549888
#49733,884826,549888
#49733,885541,549888
#49733,887351,549888
49733,911625,549888,68830.5
#52219,1104955,549888
#52219,1107150,549888
#52219,1105217,549888
#52219,1104250,549888
#52219,1138032,549888
52219,1.11192e+06,549888,26181.8
#54829,1440409,962048
#54829,1373739,962048
#54829,1232949,962048
#54829,1238701,962048
#54829,1232689,962048
54829,1.3037e+06,962048,174053
#57570,1255110,962048
#57570,1251036,962048
#57570,1255476,962048
#57570,1253088,962048
#57570,1251493,962048
57570,1.25324e+06,962048,3625.39
#60448,1331518,962048
#60448,1289062,962048
#60448,1328965,962048
#60448,1328781,962048
#60448,1287967,962048
60448,1.31326e+06,962048,40459.2
#63470,1640974,962048
#63470,1630604,962048
#63470,1634758,962048
#63470,1636171,962048
#63470,1641662,962048
63470,1.63683e+06,962048,8198.12
#66643,1633142,962048
#66643,1371687,962048
#66643,1406627,962048
#66643,1373853,962048
#66643,1341222,962048
66643,1.42531e+06,962048,211919
#69975,1462331,962048
#69975,1393344,962048
#69975,1394146,962048
#69975,1396811,962048
#69975,1394620,962048
69975,1.40825e+06,962048,54129.4
#73473,1413539,962048
#73473,1414463,962048
#73473,1411201,962048
#73473,1409458,962048
#73473,1412442,962048
73473,1.41222e+06,962048,3519.9
#77146,1780823,962048
#77146,1815782,962048
#77146,1821802,962048
#77146,1792994,962048
#77146,1823169,962048
77146,1.80691e+06,962048,33929.6
#81003,1621353,962048
#81003,1540502,962048
#81003,1539784,962048
#81003,1496613,962048
#81003,1496014,962048
81003,1.53885e+06,962048,91342.1
#85053,1596419,962048
#85053,1593505,962048
#85053,1591002,962048
#85053,1645563,962048
#85053,1556266,962048
85053,1.59655e+06,962048,57027.3
#89305,1965782,962048
#89305,1925244,962048
#89305,1928876,962048
#89305,1928574,962048
#89305,1929017,962048
89305,1.9355e+06,962048,30411.3
#93770,2639205,1683328
#93770,2525790,1683328
#93770,2211944,1683328
#93770,2293356,1683328
#93770,2208638,1683328
93770,2.37579e+06,1683328,350392
#98458,2301131,1683328
#98458,2333839,1683328
#98458,2248511,1683328
#98458,2244367,1683328
#98458,2294057,1683328
98458,2.28438e+06,1683328,67575.5
#103380,2331301,1683328
#103380,2293639,1683328
#103380,2292599,1683328
#103380,2289947,1683328
#103380,2332590,1683328
103380,2.30802e+06,1683328,39160.6
#108549,3018106,1683328
#108549,2901733,1683328
#108549,2903963,1683328
#108549,2952666,1683328
#108549,2952232,1683328
108549,2.94574e+06,1683328,84894.7
#113976,2851060,1683328
#113976,2398653,1683328
#113976,2390947,1683328
#113976,2392910,1683328
#113976,2392967,1683328
113976,2.48531e+06,1683328,365789
#119674,2535592,1683328
#119674,2469537,1683328
#119674,2455074,1683328
#119674,2475998,1683328
#119674,2476554,1683328
119674,2.48255e+06,1683328,55256.5
#125657,2639990,1683328
#125657,2647428,1683328
#125657,2534853,1683328
#125657,2612026,1683328
#125657,2561426,1683328
125657,2.59914e+06,1683328,88189.2
#131939,3222858,1683328
#131939,2595429,1683328
#131939,2575445,1683328
#131939,2574865,1683328
#131939,2572784,1683328
131939,2.70828e+06,1683328,514843
#138535,2951606,1683328
#138535,2678493,1683328
#138535,2660103,1683328
#138535,2705831,1683328
#138535,2660611,1683328
138535,2.73133e+06,1683328,222779
#145461,2884804,1683328
#145461,2779857,1683328
#145461,2835204,1683328
#145461,2907716,1683328
#145461,2836503,1683328
145461,2.84882e+06,1683328,88799
#152734,3572066,1683328
#152734,2896998,1683328
#152734,2916792,1683328
#152734,3069704,1683328
#152734,3760529,1683328
152734,3.24322e+06,1683328,711214
#160370,3406391,1683328
#160370,3131903,1683328
#160370,3025029,1683328
#160370,3015976,1683328
#160370,3099649,1683328
160370,3.13579e+06,1683328,284492
#168388,4839411,2945536
#168388,4389068,2945536
#168388,4157960,2945536
#168388,4116766,2945536
#168388,4317006,2945536
168388,4.36404e+06,2945536,515697
#176807,5392319,2945536
#176807,5269758,2945536
#176807,5381135,2945536
#176807,5316990,2945536
#176807,5239797,2945536
176807,5.32e+06,2945536,119778
#185647,5278345,2945536
#185647,4414506,2945536
#185647,4318712,2945536
#185647,4384068,2945536
#185647,4287997,2945536
185647,4.53673e+06,2945536,747067
#194929,5088833,2945536
#194929,4566667,2945536
#194929,4515864,2945536
#194929,4473401,2945536
#194929,4398915,2945536
194929,4.60874e+06,2945536,492527
#204675,4913287,2945536
#204675,4614551,2945536
#204675,4647278,2945536
#204675,4514428,2945536
#204675,4583182,2945536
204675,4.65455e+06,2945536,273240
#214908,5691390,2945536
#214908,5759335,2945536
#214908,5916157,2945536
#214908,5660463,2945536
#214908,5630887,2945536
214908,5.73165e+06,2945536,203275
#225653,5242562,2945536
#225653,4681142,2945536
#225653,4607258,2945536
#225653,4633942,2945536
#225653,4583247,2945536
225653,4.74963e+06,2945536,497200
#236935,5426214,2945536
#236935,4949907,2945536
#236935,5048297,2945536
#236935,4993993,2945536
#236935,4970557,2945536
236935,5.07779e+06,2945536,354563
#248781,6283442,2945536
#248781,5230547,2945536
#248781,5076187,2945536
#248781,5080559,2945536
#248781,5037385,2945536
248781,5.34162e+06,2945536,951013
#261220,5888957,2945536
#261220,5352668,2945536
#261220,5209512,2945536
#261220,5156128,2945536
#261220,5087200,2945536
261220,5.33889e+06,2945536,577063
#274281,6218403,2945536
#274281,5644385,2945536
#274281,5554242,2945536
#274281,5616876,2945536
#274281,5572891,2945536
274281,5.72136e+06,2945536,501091
#287995,9644211,5154432
#287995,8715903,5154432
#287995,9533108,5154432
#287995,9589860,5154432
#287995,10349691,5154432
287995,9.56655e+06,5154432,1.03715e+06
#302394,9562592,5154432
#302394,8376721,5154432
#302394,8240263,5154432
#302394,8280181,5154432
#302394,8245144,5154432
302394,8.54098e+06,5154432,1.02631e+06
#317513,9461756,5154432
#317513,8659835,5154432
#317513,8550852,5154432
#317513,8549686,5154432
#317513,8542019,5154432
317513,8.75283e+06,5154432,714271
#333388,9121313,5154432
#333388,8848278,5154432
#333388,8947527,5154432
#333388,8895637,5154432
#333388,8835522,5154432
333388,8.92966e+06,5154432,207254
#350057,10460250,5154432
#350057,10356436,5154432
#350057,10337043,5154432
#350057,10309135,5154432
#350057,10294753,5154432
350057,1.03515e+07,5154432,116876
#367559,10432259,5154432
#367559,9307952,5154432
#367559,9289045,5154432
#367559,9242786,5154432
#367559,9234732,5154432
367559,9.50135e+06,5154432,932527
#385936,9609173,5154432
#385936,8915903,5154432
#385936,8877128,5154432
#385936,8935705,5154432
#385936,8947135,5154432
385936,9.05701e+06,5154432,554213
#405232,10110906,5154432
#405232,10016037,5154432
#405232,9820578,5154432
#405232,9819151,5154432
#405232,9832066,5154432
405232,9.91975e+06,5154432,242414
#425493,12050835,5154432
#425493,11909661,5154432
#425493,11408628,5154432
#425493,11346291,5154432
#425493,11289346,5154432
425493,1.1601e+07,5154432,630324
#446767,10596785,5154432
#446767,9847986,5154432
#446767,9817400,5154432
#446767,9889685,5154432
#446767,9774499,5154432
446767,9.98527e+06,5154432,616142
#469105,11131123,5154432
#469105,11088318,5154432
#469105,10948568,5154432
#469105,11040130,5154432
#469105,10956846,5154432
469105,1.1033e+07,5154432,143296
#492560,12558096,5154432
#492560,11321717,5154432
#492560,11277078,5154432
#492560,11291895,5154432
#492560,11259895,5154432
492560,1.15417e+07,5154432,1.01717e+06
#517188,17700785,9019904
#517188,16057387,9019904
#517188,16005340,9019904
#517188,16019699,9019904
#517188,15950773,9019904
517188,1.63468e+07,9019904,1.35572e+06
#543047,18080227,9019904
#543047,16792708,9019904
#543047,16810876,9019904
#543047,19168040,9019904
#543047,16811270,9019904
543047,1.75326e+07,9019904,1.91064e+06
#570199,18279933,9019904
#570199,17497475,9019904
#570199,17539730,9019904
#570199,17491129,9019904
#570199,17515482,9019904
570199,1.76647e+07,9019904,616108
#598708,20464638,9019904
#598708,20384347,9019904
#598708,20221149,9019904
#598708,20302336,9019904
#598708,20227922,9019904
598708,2.03201e+07,9019904,186810
#628643,20520243,9019904
#628643,19124152,9019904
#628643,19119153,9019904
#628643,19168987,9019904
#628643,19107413,9019904
628643,1.9408e+07,9019904,1.11304e+06
#660075,21150235,9019904
#660075,19642491,9019904
#660075,20731866,9019904
#660075,19785766,9019904
#660075,19692071,9019904
660075,2.02005e+07,9019904,1.24136e+06
#693078,20706449,9019904
#693078,20654024,9019904
#693078,20569710,9019904
#693078,20778871,9019904
#693078,20654964,9019904
693078,2.06728e+07,9019904,137642
#727731,23558572,9019904
#727731,23951150,9019904
#727731,23380701,9019904
#727731,23687399,9019904
#727731,23370194,9019904
727731,2.35896e+07,9019904,431762
#764117,23162545,9019904
#764117,21980151,9019904
#764117,22308022,9019904
#764117,21905954,9019904
#764117,24869494,9019904
764117,2.28452e+07,9019904,2.21224e+06
#802322,24058555,9019904
#802322,23968448,9019904
#802322,23885310,9019904
#802322,24312591,9019904
#802322,24143375,9019904
802322,2.40737e+07,9019904,294919
#842438,27386129,9019904
#842438,27043862,9019904
#842438,27212997,9019904
#842438,26977821,9019904
#842438,27046982,9019904
842438,2.71336e+07,9019904,296510
#884559,35495471,15784576
#884559,34350435,15784576
#884559,35418377,15784576
#884559,32500087,15784576
#884559,33053183,15784576
884559,3.41635e+07,15784576,2.4304e+06
#928786,35724295,15784576
#928786,35269963,15784576
#928786,35825530,15784576
#928786,35323426,15784576
#928786,35309163,15784576
928786,3.54905e+07,15784576,470182
#975225,37970364,15784576
#975225,38147701,15784576
#975225,38072333,15784576
#975225,40483032,15784576
#975225,37750518,15784576
975225,3.84848e+07,15784576,2.01604e+06
#1023986,44934883,15784576
#1023986,40974141,15784576
#1023986,41031560,15784576
#1023986,40756817,15784576
#1023986,40524616,15784576
1023986,4.16444e+07,15784576,3.30984e+06
#1075185,45980530,15784576
#1075185,43011105,15784576
#1075185,44238160,15784576
#1075185,43339592,15784576
#1075185,43154652,15784576
1075185,4.39448e+07,15784576,2.20774e+06
#1128944,46060499,15784576
#1128944,46060340,15784576
#1128944,45460398,15784576
#1128944,45355029,15784576
#1128944,45433185,15784576
1128944,4.56739e+07,15784576,634980
#1185391,51945505,15784576
#1185391,48839650,15784576
#1185391,48949374,15784576
#1185391,49225738,15784576
#1185391,48664586,15784576
1185391,4.9525e+07,15784576,2.44782e+06
#1244660,55924016,15784576
#1244660,51912463,15784576
#1244660,52031341,15784576
#1244660,53708893,15784576
#1244660,52178345,15784576
1244660,5.3151e+07,15784576,3.06392e+06
#1306893,57652378,15784576
#1306893,55453363,15784576
#1306893,55868273,15784576
#1306893,55529077,15784576
#1306893,55637516,15784576
1306893,5.60281e+07,15784576,1.64821e+06
#1372237,59419261,15784576
#1372237,59115490,15784576
#1372237,59397645,15784576
#1372237,58808143,15784576
#1372237,59098847,15784576
1372237,5.91679e+07,15784576,449805
#1440848,67308181,15784576
#1440848,65893755,15784576
#1440848,63892826,15784576
#1440848,63549143,15784576
#1440848,63458302,15784576
1440848,6.48204e+07,15784576,3.05587e+06
#1512890,83899729,27622656
#1512890,82193354,27622656
#1512890,79132449,27622656
#1512890,78482018,27622656
#1512890,78425796,27622656
1512890,8.04267e+07,27622656,4.44013e+06
#1588534,84097412,27622656
#1588534,83678357,27622656
#1588534,85625375,27622656
#1588534,83955879,27622656
#1588534,84682729,27622656
1588534,8.4408e+07,27622656,1.38296e+06
#1667960,89880721,27622656
#1667960,90322005,27622656
#1667960,89374956,27622656
#1667960,89366459,27622656
#1667960,89031112,27622656
1667960,8.95951e+07,27622656,907212
#1751358,98217606,27622656
#1751358,97332840,27622656
#1751358,95610856,27622656
#1751358,95381208,27622656
#1751358,95777783,27622656
1751358,9.64641e+07,27622656,2.22732e+06
#1838925,110644585,27622656
#1838925,109001384,27622656
#1838925,108740631,27622656
#1838925,108882988,27622656
#1838925,110542378,27622656
1838925,1.09562e+08,27622656,1.69307e+06
#1930871,114192761,27622656
#1930871,107957519,27622656
#1930871,108075616,27622656
#1930871,110224853,27622656
#1930871,108181597,27622656
1930871,1.09726e+08,27622656,4.76968e+06
#2027414,115428778,27622656
#2027414,115673995,27622656
#2027414,115634716,27622656
#2027414,114820818,27622656
#2027414,115797441,27622656
2027414,1.15471e+08,27622656,692296
#2128784,122458121,27622656
#2128784,122496539,27622656
#2128784,122554090,27622656
#2128784,122380642,27622656
#2128784,123015069,27622656
2128784,1.22581e+08,27622656,448568
#2235223,137825245,27622656
#2235223,136975624,27622656
#2235223,137875112,27622656
#2235223,137153636,27622656
#2235223,137741461,27622656
2235223,1.37514e+08,27622656,747649
#2346984,142912379,27622656
#2346984,139732640,27622656
#2346984,139295801,27622656
#2346984,139460606,27622656
#2346984,139873580,27622656
2346984,1.40255e+08,27622656,2.68792e+06
#2464333,156944154,27622656
#2464333,148277794,27622656
#2464333,148695468,27622656
#2464333,148440897,27622656
#2464333,152445604,27622656
2464333,1.50961e+08,27622656,6.73411e+06
#2587549,168198945,27622656
#2587549,166245854,27622656
#2587549,165762887,27622656
#2587549,165969660,27622656
#2587549,166036447,27622656
2587549,1.66443e+08,27622656,1.78305e+06
#2716926,198545776,48339328
#2716926,194716778,48339328
#2716926,194665389,48339328
#2716926,194417728,48339328
#2716926,194325258,48339328
2716926,1.95334e+08,48339328,3.22498e+06
#2852772,209723783,48339328
#2852772,206188926,48339328
#2852772,205914855,48339328
#2852772,205982181,48339328
#2852772,206923275,48339328
2852772,2.06947e+08,48339328,2.86803e+06
#2995410,224948165,48339328
#2995410,229491460,48339328
#2995410,230084195,48339328
#2995410,227794817,48339328
#2995410,226949046,48339328
2995410,2.27854e+08,48339328,3.67928e+06
#3145180,234051780,48339328
#3145180,231908098,48339328
#3145180,230530122,48339328
#3145180,229976445,48339328
#3145180,230166845,48339328
3145180,2.31327e+08,48339328,3.04198e+06
#3302439,238461440,48339328
#3302439,236882299,48339328
#3302439,236455089,48339328
#3302439,236699172,48339328
#3302439,236601420,48339328
3302439,2.3702e+08,48339328,1.46805e+06
#3467560,259936077,48339328
#3467560,259664994,48339328
#3467560,259404464,48339328
#3467560,259251593,48339328
#3467560,259887318,48339328
3467560,2.59629e+08,48339328,533046
#3640938,283740423,48339328
#3640938,286938639,48339328
#3640938,284420497,48339328
#3640938,285343686,48339328
#3640938,285300672,48339328
3640938,2.85149e+08,48339328,2.15007e+06
#3822984,298508800,48339328
#3822984,301690652,48339328
#3822984,301440982,48339328
#3822984,301135982,48339328
#3822984,301193921,48339328
3822984,3.00794e+08,48339328,2.3189e+06
#4014133,314606080,48339328
#4014133,318835052,48339328
#4014133,318267563,48339328
#4014133,318681597,48339328
#4014133,318130060,48339328
4014133,3.17704e+08,48339328,3.14086e+06
#4214839,332573482,48339328
#4214839,337840307,48339328
#4214839,336347795,48339328
#4214839,336709509,48339328
#4214839,340106640,48339328
4214839,3.36716e+08,48339328,4.9036e+06
#4425580,352539815,48339328
#4425580,356877949,48339328
#4425580,356064041,48339328
#4425580,355963081,48339328
#4425580,356328683,48339328
4425580,3.55555e+08,48339328,3.08101e+06
#4646859,422773613,84593536
#4646859,425046069,84593536
#4646859,426577502,84593536
#4646859,424975999,84593536
#4646859,425681666,84593536
4646859,4.25011e+08,84593536,2.51588e+06
#4879201,442911950,84593536
#4879201,447260896,84593536
#4879201,446893309,84593536
#4879201,447223867,84593536
#4879201,446436736,84593536
4879201,4.46145e+08,84593536,3.28717e+06
#5123161,467163920,84593536
#5123161,469984421,84593536
#5123161,471759997,84593536
#5123161,469745798,84593536
#5123161,470760239,84593536
5123161,4.69883e+08,84593536,3.06139e+06
#5379319,492709531,84593536
#5379319,494316159,84593536
#5379319,496271800,84593536
#5379319,496234628,84593536
#5379319,495111524,84593536
5379319,4.94929e+08,84593536,2.65973e+06
#5648284,531728216,84593536
#5648284,549792512,84593536
#5648284,656968722,84593536
#5648284,573892736,84593536
#5648284,626362836,84593536
5648284,5.87749e+08,84593536,9.40358e+07
#5930698,778919285,84593536
#5930698,751665701,84593536
#5930698,674205893,84593536
#5930698,588518819,84593536
#5930698,597781919,84593536
5930698,6.78218e+08,84593536,1.55093e+08
#6227232,586363896,84593536
#6227232,602947373,84593536
#6227232,597013427,84593536
#6227232,625170201,84593536
#6227232,655429261,84593536
6227232,6.13385e+08,84593536,4.91017e+07
#6538593,622519696,84593536
#6538593,623406136,84593536
#6538593,652992646,84593536
#6538593,650121993,84593536
#6538593,642928592,84593536
6538593,6.38394e+08,84593536,2.60439e+07
#6865522,681006362,84593536
#6865522,701755688,84593536
#6865522,720970545,84593536
#6865522,677212001,84593536
#6865522,753510122,84593536
6865522,7.06891e+08,84593536,5.62054e+07
#7208798,676437741,84593536
#7208798,697145575,84593536
#7208798,679108553,84593536
#7208798,702017765,84593536
#7208798,703828597,84593536
7208798,6.91708e+08,84593536,2.32326e+07
#7569237,736211021,84593536
#7569237,717768189,84593536
#7569237,733232062,84593536
#7569237,743672220,84593536
#7569237,746044573,84593536
7569237,7.35386e+08,84593536,1.99594e+07
#7947698,756541327,84593536
#7947698,778450893,84593536
#7947698,781826866,84593536
#7947698,868414181,84593536
#7947698,799280132,84593536
7947698,7.96903e+08,84593536,7.65053e+07
#8345082,912917085,148038400
#8345082,918417803,148038400
#8345082,883476361,148038400
#8345082,882862126,148038400
#8345082,882304984,148038400
8345082,8.95996e+08,148038400,3.23202e+07
#8762336,921447584,148038400
#8762336,924957742,148038400
#8762336,929437669,148038400
#8762336,927812608,148038400
#8762336,924076229,148038400
8762336,9.25546e+08,148038400,5.6275e+06
#9200452,966946204,148038400
#9200452,970466657,148038400
#9200452,969442456,148038400
#9200452,971321999,148038400
#9200452,971888165,148038400
9200452,9.70013e+08,148038400,3.48325e+06
#9660474,1014028105,148038400
#9660474,1020808358,148038400
#9660474,1017159966,148038400
#9660474,1021135732,148038400
#9660474,1018392151,148038400
9660474,1.0183e+09,148038400,5.20695e+06
