#1,826,256
#1,178,256
#1,80,256
#1,82,256
#1,79,256
#1,80,256
#1,130,256
#1,94,256
#1,109,256
#1,75,256
1,173.3,256,439.381
#2,210,256
#2,116,256
#2,97,256
#2,96,256
#2,98,256
#2,158,256
#2,153,256
#2,117,256
#2,104,256
#2,103,256
2,125.2,256,70.7717
#3,128,256
#3,115,256
#3,110,256
#3,111,256
#3,109,256
#3,112,256
#3,111,256
#3,112,256
#3,111,256
#3,1241,256
3,226,256,676.746
#4,168,256
#4,125,256
#4,117,256
#4,120,256
#4,119,256
#4,117,256
#4,119,256
#4,118,256
#4,116,256
#4,118,256
4,123.7,256,29.9072
#5,1222,256
#5,131,256
#5,146,256
#5,130,256
#5,126,256
#5,126,256
#5,125,256
#5,127,256
#5,128,256
#5,131,256
5,239.2,256,655.3
#6,154,256
#6,137,256
#6,141,256
#6,134,256
#6,138,256
#6,136,256
#6,134,256
#6,136,256
#6,137,256
#6,139,256
6,138.6,256,11.0345
#7,150,256
#7,1077,256
#7,144,256
#7,144,256
#7,148,256
#7,146,256
#7,145,256
#7,143,256
#7,142,256
#7,147,256
7,238.6,256,558.952
#8,198,256
#8,168,256
#8,1099,256
#8,156,256
#8,154,256
#8,151,256
#8,153,256
#8,152,256
#8,153,256
#8,150,256
8,253.4,256,564.407
#10,175,256
#10,174,256
#10,176,256
#10,999,256
#10,172,256
#10,170,256
#10,173,256
#10,171,256
#10,174,256
#10,171,256
10,255.5,256,495.68
#12,191,256
#12,190,256
#12,197,256
#12,1172,256
#12,219,256
#12,185,256
#12,191,256
#12,203,256
#12,189,256
#12,186,256
12,292.3,256,586.779
#15,569,384
#15,1749,384
#15,454,384
#15,404,384
#15,382,384
#15,359,384
#15,1242,384
#15,408,384
#15,450,384
#15,359,384
15,637.6,384,894.868
#18,495,384
#18,396,384
#18,395,384
#18,2806,384
#18,634,384
#18,542,384
#18,450,384
#18,433,384
#18,410,384
#18,417,384
18,697.8,384,1412.79
#22,565,384
#22,516,384
#22,485,384
#22,472,384
#22,488,384
#22,476,384
#22,453,384
#22,464,384
#22,469,384
#22,459,384
22,484.7,384,63.2964
#27,1050,640
#27,960,640
#27,998,640
#27,906,640
#27,817,640
#27,757,640
#27,813,640
#27,739,640
#27,827,640
#27,750,640
27,861.7,640,209.502
#33,1027,640
#33,1052,640
#33,881,640
#33,798,640
#33,780,640
#33,839,640
#33,859,640
#33,2498,640
#33,932,640
#33,912,640
33,1057.8,640,974.795
#41,2060,896
#41,1807,896
#41,1460,896
#41,1478,896
#41,1320,896
#41,1303,896
#41,1315,896
#41,1399,896
#41,1431,896
#41,1301,896
41,1487.4,896,476.799
#51,1799,896
#51,1486,896
#51,1400,896
#51,1440,896
#51,1368,896
#51,1383,896
#51,1375,896
#51,1384,896
#51,1360,896
#51,1384,896
51,1437.9,896,251.303
#63,2640,1152
#63,2434,1152
#63,2140,1152
#63,2145,1152
#63,2084,1152
#63,2067,1152
#63,2054,1152
#63,2085,1152
#63,2059,1152
#63,2082,1152
63,2179,1152,374.199
#78,4727,1536
#78,4205,1536
#78,3759,1536
#78,3725,1536
#78,3661,1536
#78,3678,1536
#78,3678,1536
#78,3686,1536
#78,3677,1536
#78,3638,1536
78,3843.4,1536,667.917
#97,6194,1664
#97,5543,1664
#97,5062,1664
#97,4844,1664
#97,4792,1664
#97,4801,1664
#97,4784,1664
#97,4763,1664
#97,4723,1664
#97,4739,1664
97,5024.5,1664,910.649
#121,9354,1920
#121,8436,1920
#121,7663,1920
#121,7315,1920
#121,7254,1920
#121,7191,1920
#121,7131,1920
#121,7080,1920
#121,7128,1920
#121,7128,1920
121,7568,1920,1424.54
#151,11346,2176
#151,10551,2176
#151,10346,2176
#151,9945,2176
#151,9924,2176
#151,9792,2176
#151,9875,2176
#151,9817,2176
#151,9804,2176
#151,9901,2176
151,10130.1,2176,941.312
#188,17851,2560
#188,16749,2560
#188,15911,2560
#188,15322,2560
#188,15125,2560
#188,14987,2560
#188,14983,2560
#188,14926,2560
#188,14952,2560
#188,14829,2560
188,15563.5,2560,1897.22
#235,27464,3072
#235,26218,3072
#235,24920,3072
#235,24331,3072
#235,23968,3072
#235,23491,3072
#235,23280,3072
#235,23072,3072
#235,23151,3072
#235,23331,3072
235,24322.6,3072,2803.01
#293,40977,3584
#293,39380,3584
#293,37790,3584
#293,36358,3584
#293,35624,3584
#293,35239,3584
#293,34490,3584
#293,34510,3584
#293,34404,3584
#293,34300,3584
293,36307.2,3584,4438.08
#366,59650,4352
#366,57624,4352
#366,63832,4352
#366,67328,4352
#366,48415,4352
#366,48065,4352
#366,48090,4352
#366,47734,4352
#366,47649,4352
#366,47840,4352
366,53622.7,4352,14653.7
#457,84859,5376
#457,83055,5376
#457,81796,5376
#457,80621,5376
#457,80053,5376
#457,79803,5376
#457,79807,5376
#457,79662,5376
#457,79507,5376
#457,79561,5376
457,80872.4,5376,3439.32
#571,103870,6400
#571,102797,6400
#571,100812,6400
#571,99992,6400
#571,100066,6400
#571,99176,6400
#571,121795,6400
#571,112110,6400
#571,99470,6400
#571,101867,6400
571,104196,6400,13763.2
#713,152974,7936
#713,153281,7936
#713,149720,7936
#713,149869,7936
#713,151602,7936
#713,153636,7936
#713,145643,7936
#713,165712,7936
#713,198308,7936
#713,174674,7936
713,159542,7936,30550.5
#891,216342,9472
#891,230615,9472
#891,206129,9472
#891,204345,9472
#891,205035,9472
#891,210115,9472
#891,213827,9472
#891,209031,9472
#891,206423,9472
#891,206205,9472
891,210807,9472,15140.7
#1113,286543,11648
#1113,286059,11648
#1113,287731,11648
#1113,290566,11648
#1113,288918,11648
#1113,298202,11648
#1113,286444,11648
#1113,279011,11648
#1113,279082,11648
#1113,277568,11648
1113,286012,11648,11824.5
#1391,401079,14720
#1391,402064,14720
#1391,411610,14720
#1391,510667,14720
#1391,396032,14720
#1391,381630,14720
#1391,388968,14720
#1391,340652,14720
#1391,341504,14720
#1391,345862,14720
1391,392007,14720,94017.6
#1738,458258,18304
#1738,464195,18304
#1738,466753,18304
#1738,465401,18304
#1738,468124,18304
#1738,518678,18304
#1738,465739,18304
#1738,466033,18304
#1738,466919,18304
#1738,458147,18304
1738,469825,18304,33225.9
#2172,591209,22528
#2172,602643,22528
#2172,663422,22528
#2172,588752,22528
#2172,585245,22528
#2172,589274,22528
#2172,597581,22528
#2172,621221,22528
#2172,574289,22528
#2172,622085,22528
2172,603572,22528,49166.2
#2715,724334,27648
#2715,723635,27648
#2715,724044,27648
#2715,723347,27648
#2715,757266,27648
#2715,748133,27648
#2715,722218,27648
#2715,722577,27648
#2715,723022,27648
#2715,723931,27648
2715,729251,27648,23834.1
#3393,967333,34944
#3393,964721,34944
#3393,964188,34944
#3393,965007,34944
#3393,1013139,34944
#3393,965239,34944
#3393,964733,34944
#3393,964710,34944
#3393,969172,34944
#3393,964185,34944
3393,970243,34944,28753.9
#4241,1213658,42624
#4241,1214168,42624
#4241,1212289,42624
#4241,1212323,42624
#4241,1210779,42624
#4241,1213683,42624
#4241,1211804,42624
#4241,1213234,42624
#4241,1213406,42624
#4241,1211418,42624
4241,1.21268e+06,42624,2122.7
#5301,1527138,53632
#5301,1559238,53632
#5301,1567687,53632
#5301,1562338,53632
#5301,1525583,53632
#5301,1525262,53632
#5301,1565756,53632
#5301,1673005,53632
#5301,1861896,53632
#5301,1524441,53632
5301,1.58923e+06,53632,200199
#6626,2029184,67200
#6626,1982561,67200
#6626,2103651,67200
#6626,1984923,67200
#6626,1987113,67200
#6626,1983215,67200
#6626,1983518,67200
#6626,1982350,67200
#6626,1983444,67200
#6626,1982758,67200
6626,2.00027e+06,67200,74103.5
#8282,2575583,84096
#8282,2572454,84096
#8282,2571396,84096
#8282,2578860,84096
#8282,2571384,84096
#8282,2572555,84096
#8282,2573698,84096
#8282,2570956,84096
#8282,2615962,84096
#8282,2614672,84096
8282,2.58175e+06,84096,33868.4
#10352,3342058,105216
#10352,3252256,105216
#10352,3338542,105216
#10352,3250938,105216
#10352,3336003,105216
#10352,3251929,105216
#10352,3252617,105216
#10352,3249622,105216
#10352,3250800,105216
#10352,3295076,105216
10352,3.28198e+06,105216,78816.8
#12940,4269276,131456
#12940,4345153,131456
#12940,4261062,131456
#12940,4271395,131456
#12940,4267201,131456
#12940,4284493,131456
#12940,4308321,131456
#12940,4281682,131456
#12940,5130806,131456
#12940,4407089,131456
12940,4.38265e+06,131456,506138
#16175,5406953,164096
#16175,5430829,164096
#16175,5433670,164096
#16175,5289636,164096
#16175,5399658,164096
#16175,5346118,164096
#16175,5339011,164096
#16175,5359649,164096
#16175,5354977,164096
#16175,5358097,164096
16175,5.37186e+06,164096,85856
#20218,6769297,204672
#20218,6846978,204672
#20218,6774619,204672
#20218,6769862,204672
#20218,6764473,204672
#20218,6779744,204672
#20218,6771776,204672
#20218,6769004,204672
#20218,6862787,204672
#20218,6932011,204672
20218,6.80406e+06,204672,108327
#25272,8778205,255232
#25272,8617106,255232
#25272,8647444,255232
#25272,8644798,255232
#25272,8653426,255232
#25272,8644960,255232
#25272,8774813,255232
#25272,8607228,255232
#25272,8830488,255232
#25272,8657747,255232
25272,8.68562e+06,255232,148248
#31590,10910994,318336
#31590,10665635,318336
#31590,10737457,318336
#31590,10656123,318336
#31590,11139219,318336
#31590,10863166,318336
#31590,10792311,318336
#31590,10657165,318336
#31590,10774092,318336
#31590,11435687,318336
31590,1.08632e+07,318336,473013
#39487,13510513,396544
#39487,13761092,396544
#39487,13461907,396544
#39487,13381818,396544
#39487,13221569,396544
#39487,13414434,396544
#39487,13355605,396544
#39487,13398912,396544
#39487,15739690,396544
#39487,13436402,396544
39487,1.36682e+07,396544,1.40527e+06
#49358,17087363,494080
#49358,17197172,494080
#49358,17458585,494080
#49358,17406034,494080
#49358,17229175,494080
#49358,17415068,494080
#49358,17327851,494080
#49358,17558389,494080
#49358,17196213,494080
#49358,17370078,494080
49358,1.73246e+07,494080,273943
#61697,21648697,615680
#61697,21549695,615680
#61697,21495788,615680
#61697,21696367,615680
#61697,21586242,615680
#61697,21858241,615680
#61697,21829238,615680
#61697,22008764,615680
#61697,21506523,615680
#61697,21819206,615680
61697,2.16999e+07,615680,327781
#77121,26809014,767232
#77121,26802690,767232
#77121,27102510,767232
#77121,27150158,767232
#77121,27041782,767232
#77121,27182390,767232
#77121,26913989,767232
#77121,26888297,767232
#77121,27112122,767232
#77121,26974788,767232
77121,2.69978e+07,767232,265712
#96401,34169934,955648
#96401,34023812,955648
#96401,34125377,955648
#96401,34706210,955648
#96401,35348908,955648
#96401,34357171,955648
#96401,34543472,955648
#96401,34305789,955648
#96401,34509245,955648
#96401,34372908,955648
96401,3.44463e+07,955648,717384
#120501,44275236,1223552
#120501,46737320,1223552
#120501,44996896,1223552
#120501,44355213,1223552
#120501,44031885,1223552
#120501,43642925,1223552
#120501,43952366,1223552
#120501,43695884,1223552
#120501,44622490,1223552
#120501,44753434,1223552
120501,4.45064e+07,1223552,1.70916e+06
#150626,56248551,1523840
#150626,55880950,1523840
#150626,55933492,1523840
#150626,55575957,1523840
#150626,55642360,1523840
#150626,55702817,1523840
#150626,55798946,1523840
#150626,55791713,1523840
#150626,55667980,1523840
#150626,55134222,1523840
150626,5.57377e+07,1523840,541112
#188282,68497793,1897600
#188282,68308178,1897600
#188282,67835400,1897600
#188282,67887741,1897600
#188282,67985965,1897600
#188282,68041322,1897600
#188282,67960465,1897600
#188282,67888705,1897600
#188282,68253379,1897600
#188282,67798894,1897600
188282,6.80458e+07,1897600,439092
#235352,88026245,2363136
#235352,89021018,2363136
#235352,92838988,2363136
#235352,92486506,2363136
#235352,91337519,2363136
#235352,87634190,2363136
#235352,86608809,2363136
#235352,85991006,2363136
#235352,92719039,2363136
#235352,92236548,2363136
235352,8.989e+07,2363136,5.15089e+06
#294190,116392505,2942720
#294190,119009076,2942720
#294190,120966404,2942720
#294190,117274225,2942720
#294190,117843149,2942720
#294190,124245537,2942720
#294190,110638361,2942720
#294190,115112666,2942720
#294190,126937711,2942720
#294190,117644699,2942720
294190,1.18606e+08,2942720,8.73663e+06
#367737,149851183,3664384
#367737,150481374,3664384
#367737,148804677,3664384
#367737,148032787,3664384
#367737,138143288,3664384
#367737,138107321,3664384
#367737,137914496,3664384
#367737,138116102,3664384
#367737,137387348,3664384
#367737,140242709,3664384
367737,1.42708e+08,3664384,1.09074e+07
#459671,189104275,4562944
#459671,190449254,4562944
#459671,176014868,4562944
#459671,175665150,4562944
#459671,175818834,4562944
#459671,174013169,4562944
#459671,174476708,4562944
#459671,184480536,4562944
#459671,198026665,4562944
#459671,189583914,4562944
459671,1.82763e+08,4562944,1.63842e+07
#574588,252280807,5681664
#574588,241446737,5681664
#574588,244427898,5681664
#574588,250025900,5681664
#574588,241138884,5681664
#574588,253359496,5681664
#574588,238230063,5681664
#574588,247951634,5681664
#574588,234367434,5681664
#574588,235685167,5681664
574588,2.43891e+08,5681664,1.29319e+07
#718235,330799073,7271040
#718235,342694386,7271040
#718235,308565143,7271040
#718235,313604812,7271040
#718235,329181483,7271040
#718235,328010192,7271040
#718235,332062103,7271040
#718235,312405047,7271040
#718235,329202485,7271040
#718235,326643623,7271040
718235,3.25317e+08,7271040,2.00109e+07
#897793,418503358,9053184
#897793,403092544,9053184
#897793,449275814,9053184
#897793,396668338,9053184
#897793,404553176,9053184
#897793,400434943,9053184
#897793,386131207,9053184
#897793,390118729,9053184
#897793,404219588,9053184
#897793,386754755,9053184
897793,4.03975e+08,9053184,3.54246e+07
#1122241,496835091,11272448
#1122241,524735676,11272448
#1122241,595810106,11272448
#1122241,543054059,11272448
#1122241,518813922,11272448
#1122241,495966887,11272448
#1122241,521067249,11272448
#1122241,535724281,11272448
#1122241,499074260,11272448
#1122241,502482499,11272448
1122241,5.23356e+08,11272448,5.76097e+07
#1402801,640393742,14035456
#1402801,639492498,14035456
#1402801,647188157,14035456
#1402801,664209745,14035456
#1402801,637777681,14035456
#1402801,639034797,14035456
#1402801,639783730,14035456
#1402801,669725338,14035456
#1402801,666590870,14035456
#1402801,645064539,14035456
1402801,6.48926e+08,14035456,2.41965e+07
#1753501,815931022,17475584
#1753501,821687860,17475584
#1753501,815854063,17475584
#1753501,815125635,17475584
#1753501,819580853,17475584
#1753501,819321644,17475584
#1753501,816065610,17475584
#1753501,816306142,17475584
#1753501,832679878,17475584
#1753501,835309746,17475584
1753501,8.20786e+08,17475584,1.38434e+07
#2191876,1197474109,21758848
#2191876,1079377387,21758848
#2191876,1052531299,21758848
#2191876,1069019244,21758848
#2191876,1167963405,21758848
#2191876,1042566909,21758848
#2191876,1027189523,21758848
#2191876,1032471106,21758848
#2191876,1033130500,21758848
#2191876,1038833030,21758848
2191876,1.07406e+09,21758848,1.13843e+08
#2739845,1353766895,27091712
#2739845,1424741931,27091712
#2739845,1546356498,27091712
#2739845,1662076522,27091712
#2739845,1434627052,27091712
#2739845,1363890695,27091712
#2739845,1367794947,27091712
#2739845,1363596257,27091712
#2739845,1390534353,27091712
#2739845,1604702341,27091712
2739845,1.45121e+09,27091712,-nan
#3424806,2262810003,34668672
#3424806,2081043444,34668672
#3424806,2016406491,34668672
#3424806,1971513502,34668672
#3424806,1916573405,34668672
#3424806,1934189520,34668672
#3424806,1998970674,34668672
#3424806,1918527534,34668672
#3424806,1919281269,34668672
#3424806,1908101340,34668672
3424806,1.99274e+09,34668672,-nan
#4281007,2318682950,43165568
#4281007,2328596368,43165568
#4281007,2302287647,43165568
#4281007,2305161154,43165568
#4281007,2294738607,43165568
#4281007,2291675016,43165568
#4281007,2307448341,43165568
#4281007,2288728192,43165568
#4281007,2287310382,43165568
#4281007,2276457283,43165568
4281007,2.30011e+09,43165568,-nan
#5351258,2875468265,53744640
#5351258,2928785811,53744640
#5351258,2917116108,53744640
#5351258,2888812068,53744640
#5351258,2902871161,53744640
#5351258,2902472520,53744640
#5351258,2888370038,53744640
#5351258,2888080640,53744640
#5351258,2903989430,53744640
#5351258,2926894321,53744640
5351258,2.90229e+09,53744640,-nan
#6689072,3683448845,66916480
#6689072,3696791343,66916480
#6689072,3695433646,66916480
#6689072,3703384073,66916480
#6689072,3660932743,66916480
#6689072,3683730612,66916480
#6689072,3698186052,66916480
#6689072,3683301823,66916480
#6689072,3655489179,66916480
#6689072,3727487317,66916480
6689072,3.68882e+09,66916480,-nan
#8361340,4617583799,83315968
#8361340,4655238885,83315968
#8361340,4629387493,83315968
#8361340,4687583441,83315968
#8361340,4677166300,83315968
#8361340,4632346852,83315968
#8361340,4679197307,83315968
#8361340,4668762417,83315968
#8361340,4679117591,83315968
#8361340,4645486234,83315968
8361340,4.65719e+09,83315968,-nan
