#1,1232,256
#1,409,256
#1,136,256
#1,302,256
#1,352,256
1,486.2,256,767.727
#2,382,256
#2,167,256
#2,312,256
#2,183,256
#2,194,256
2,247.6,256,169.123
#3,177,256
#3,156,256
#3,132,256
#3,134,256
#3,173,256
3,154.4,256,37.7062
#4,176,256
#4,328,256
#4,179,256
#4,149,256
#4,194,256
4,205.2,256,126.183
#5,239,256
#5,164,256
#5,155,256
#5,155,256
#5,154,256
5,173.4,256,66.0012
#6,222,256
#6,171,256
#6,292,256
#6,175,256
#6,167,256
6,205.4,256,95.3193
#7,199,256
#7,231,256
#7,184,256
#7,176,256
#7,166,256
7,191.2,256,45.2796
#8,209,256
#8,195,256
#8,187,256
#8,342,256
#8,265,256
8,239.6,256,116.011
#9,288,256
#9,409,256
#9,272,256
#9,207,256
#9,197,256
9,274.6,256,151.898
#10,243,256
#10,222,256
#10,207,256
#10,210,256
#10,208,256
10,218,256,27.2176
#11,267,256
#11,214,256
#11,207,256
#11,303,256
#11,269,256
11,252,256,72.5755
#12,261,256
#12,237,256
#12,237,256
#12,253,256
#12,240,256
12,245.6,256,19.4155
#13,990,384
#13,604,384
#13,489,384
#13,446,384
#13,427,384
13,591.2,384,417.32
#14,666,384
#14,463,384
#14,438,384
#14,461,384
#14,434,384
14,492.4,384,175.174
#15,547,384
#15,461,384
#15,440,384
#15,507,384
#15,508,384
15,492.6,384,75.7322
#16,550,384
#16,505,384
#16,462,384
#16,447,384
#16,453,384
16,483.4,384,78.0215
#17,539,384
#17,606,384
#17,477,384
#17,475,384
#17,458,384
17,511,384,109.8
#18,591,384
#18,467,384
#18,464,384
#18,466,384
#18,448,384
18,487.2,384,104.716
#19,525,384
#19,477,384
#19,491,384
#19,473,384
#19,459,384
19,485,384,44.8999
#20,515,384
#20,451,384
#20,534,384
#20,459,384
#20,473,384
20,486.4,384,64.9135
#21,572,384
#21,527,384
#21,502,384
#21,500,384
#21,487,384
21,517.6,384,60.2475
#22,608,384
#22,493,384
#22,496,384
#22,492,384
#22,493,384
22,516.4,384,91.6393
#23,565,384
#23,523,384
#23,521,384
#23,580,384
#23,498,384
23,537.4,384,60.6973
#24,654,384
#24,543,384
#24,523,384
#24,528,384
#24,509,384
24,551.4,384,104.878
#25,595,384
#25,567,384
#25,521,384
#25,536,384
#25,532,384
25,550.2,384,54.2203
#26,1100,640
#26,1098,640
#26,967,640
#26,801,640
#26,841,640
26,961.4,640,250
#27,998,640
#27,909,640
#27,1001,640
#27,860,640
#27,787,640
27,911,640,164.073
#28,945,640
#28,824,640
#28,794,640
#28,939,640
#28,789,640
28,858.2,640,138.976
#29,891,640
#29,915,640
#29,860,640
#29,934,640
#29,835,640
29,887,640,71.7886
#30,1179,640
#30,1013,640
#30,950,640
#30,935,640
#30,881,640
30,991.6,640,205.413
#31,1013,640
#31,843,640
#31,855,640
#31,838,640
#31,973,640
31,904.4,640,147.293
#32,983,640
#32,935,640
#32,863,640
#32,835,640
#32,974,640
32,918,640,118.538
#33,938,640
#33,931,640
#33,925,640
#33,880,640
#33,906,640
33,916,640,41.8187
#34,1127,640
#34,1022,640
#34,888,640
#34,848,640
#34,1020,640
34,981,640,201.705
#35,1156,640
#35,890,640
#35,904,640
#35,869,640
#35,947,640
35,953.2,640,209.133
#36,1218,640
#36,946,640
#36,938,640
#36,914,640
#36,961,640
36,995.4,640,224.669
#37,1156,640
#37,988,640
#37,967,640
#37,898,640
#37,920,640
37,985.8,640,181.912
#38,7640,896
#38,2047,896
#38,1769,896
#38,1461,896
#38,1378,896
38,2859,896,4804.43
#39,1763,896
#39,1473,896
#39,1469,896
#39,1429,896
#39,1380,896
39,1502.8,896,268.717
#40,1776,896
#40,1450,896
#40,1372,896
#40,1359,896
#40,1446,896
40,1480.6,896,304.598
#42,1694,896
#42,1475,896
#42,1426,896
#42,1372,896
#42,1444,896
42,1482.2,896,222.122
#44,1961,896
#44,1515,896
#44,1522,896
#44,1492,896
#44,1414,896
44,1580.8,896,387.863
#46,1869,896
#46,1598,896
#46,1512,896
#46,1501,896
#46,1489,896
46,1593.8,896,285.711
#48,1903,896
#48,1675,896
#48,1521,896
#48,1501,896
#48,1485,896
48,1617,896,316.551
#50,1889,896
#50,1545,896
#50,1521,896
#50,1458,896
#50,1409,896
50,1564.4,896,338.343
#52,2457,1152
#52,2509,1152
#52,2249,1152
#52,2185,1152
#52,2172,1152
52,2314.4,1152,282.139
#54,2713,1152
#54,2354,1152
#54,2240,1152
#54,2130,1152
#54,2198,1152
54,2327,1152,412.547
#56,2553,1152
#56,2312,1152
#56,2250,1152
#56,2172,1152
#56,2157,1152
56,2288.8,1152,286.857
#58,2472,1152
#58,2236,1152
#58,2126,1152
#58,2042,1152
#58,2065,1152
58,2188.2,1152,314.005
#60,2646,1152
#60,2336,1152
#60,2274,1152
#60,2274,1152
#60,2206,1152
60,2347.2,1152,309.917
#63,2698,1152
#63,2372,1152
#63,2319,1152
#63,2272,1152
#63,2234,1152
63,2379,1152,332.125
#66,3555,1408
#66,3424,1408
#66,2997,1408
#66,3007,1408
#66,2933,1408
66,3183.2,1408,509.538
#69,3541,1408
#69,3165,1408
#69,2952,1408
#69,2845,1408
#69,2754,1408
69,3051.4,1408,561.1
#72,3527,1408
#72,3265,1408
#72,3067,1408
#72,2880,1408
#72,2885,1408
72,3124.8,1408,491.685
#75,3465,1408
#75,3261,1408
#75,2976,1408
#75,2906,1408
#75,2921,1408
75,3105.8,1408,441.842
#78,4430,1536
#78,4248,1536
#78,3871,1536
#78,3828,1536
#78,3714,1536
78,4018.2,1536,546.091
#81,4874,1536
#81,4949,1536
#81,4654,1536
#81,4348,1536
#81,4089,1536
81,4582.8,1536,646.801
#85,5079,1536
#85,4594,1536
#85,4203,1536
#85,4016,1536
#85,3916,1536
85,4361.6,1536,854.084
#89,5859,1664
#89,5642,1664
#89,5342,1664
#89,5111,1664
#89,5307,1664
89,5452.2,1664,530.022
#93,5678,1664
#93,5538,1664
#93,5284,1664
#93,5197,1664
#93,5084,1664
93,5356.2,1664,439.324
#97,6082,1664
#97,5669,1664
#97,5368,1664
#97,5094,1664
#97,5086,1664
97,5459.8,1664,755.175
#101,7036,1792
#101,7319,1792
#101,6667,1792
#101,6237,1792
#101,6169,1792
101,6685.6,1792,891.039
#106,6862,1792
#106,6899,1792
#106,6445,1792
#106,6233,1792
#106,6188,1792
106,6525.4,1792,605.757
#111,7034,1792
#111,7135,1792
#111,6536,1792
#111,6433,1792
#111,6194,1792
111,6666.4,1792,720.754
#116,8251,1920
#116,8513,1920
#116,8170,1920
#116,7550,1920
#116,7376,1920
116,7972,1920,868.574
#121,8596,1920
#121,8399,1920
#121,7905,1920
#121,7471,1920
#121,7368,1920
121,7947.8,1920,975.329
#127,10923,2176
#127,10788,2176
#127,9617,2176
#127,9533,2176
#127,9119,2176
127,9996,2176,1446.02
#133,10536,2176
#133,9866,2176
#133,9264,2176
#133,8810,2176
#133,8790,2176
133,9453.2,2176,1336.32
#139,10802,2176
#139,10114,2176
#139,9433,2176
#139,9300,2176
#139,9163,2176
139,9762.4,2176,1228.33
#145,11171,2176
#145,10551,2176
#145,10156,2176
#145,9578,2176
#145,9174,2176
145,10126,2176,1408.59
#152,18602,2432
#152,11973,2432
#152,11001,2432
#152,10746,2432
#152,10570,2432
152,12578.4,2432,6101.14
#159,12222,2432
#159,11755,2432
#159,10947,2432
#159,10755,2432
#159,10585,2432
159,11252.8,2432,1258.2
#166,12217,2432
#166,11639,2432
#166,11044,2432
#166,10665,2432
#166,10427,2432
166,11198.4,2432,1306.93
#174,13338,2432
#174,12663,2432
#174,11641,2432
#174,10987,2432
#174,10731,2432
174,11872,2432,1982.58
#182,13977,2688
#182,13460,2688
#182,12863,2688
#182,12595,2688
#182,12354,2688
182,13049.8,2688,1184.51
#191,14244,2688
#191,13558,2688
#191,12920,2688
#191,12590,2688
#191,12486,2688
191,13159.6,2688,1317.64
#200,16117,2688
#200,14811,2688
#200,13951,2688
#200,13390,2688
#200,13127,2688
200,14279.2,2688,2170.03
#210,18002,2944
#210,16839,2944
#210,15984,2944
#210,15424,2944
#210,15085,2944
210,16266.8,2944,2102.43
#220,17158,2944
#220,16965,2944
#220,15892,2944
#220,15169,2944
#220,15040,2944
220,16044.8,2944,1763.17
#231,19522,3200
#231,19093,3200
#231,18099,3200
#231,17545,3200
#231,17154,3200
231,18282.6,3200,1798.75
#242,20105,3200
#242,19567,3200
#242,18215,3200
#242,17797,3200
#242,17588,3200
242,18654.4,3200,2000.5
#254,23035,3584
#254,21981,3584
#254,21257,3584
#254,20501,3584
#254,20353,3584
254,21425.4,3584,1986.44
#266,22959,3584
#266,22036,3584
#266,20924,3584
#266,20476,3584
#266,19924,3584
266,21263.8,3584,2191.1
#279,23347,3584
#279,22363,3584
#279,21550,3584
#279,20904,3584
#279,20453,3584
279,21723.4,3584,2070.86
#292,39398,3968
#292,25820,3968
#292,24568,3968
#292,24160,3968
#292,23672,3968
292,27523.6,3968,11959.5
#306,27799,3968
#306,26441,3968
#306,24959,3968
#306,24735,3968
#306,24052,3968
306,25597.2,3968,2697.89
#321,27494,3968
#321,26326,3968
#321,24852,3968
#321,24456,3968
#321,24310,3968
321,25487.6,3968,2463.08
#337,31170,4352
#337,30447,4352
#337,28916,4352
#337,28125,4352
#337,28000,4352
337,29331.6,4352,2533.87
#353,30712,4352
#353,29764,4352
#353,28921,4352
#353,27948,4352
#353,27303,4352
353,28929.6,4352,2446.65
#370,35066,4736
#370,34214,4736
#370,32954,4736
#370,32047,4736
#370,31511,4736
370,33158.4,4736,2644.87
#388,35163,4736
#388,34350,4736
#388,33128,4736
#388,32423,4736
#388,31854,4736
388,33383.6,4736,2437.7
#407,41645,5248
#407,39998,5248
#407,38639,5248
#407,37600,5248
#407,36802,5248
407,38936.8,5248,3451.79
#427,38973,5248
#427,37844,5248
#427,36754,5248
#427,35985,5248
#427,35233,5248
427,36957.8,5248,2654.69
#448,41375,5248
#448,40426,5248
#448,38866,5248
#448,37688,5248
#448,37088,5248
448,39088.6,5248,3228.61
#470,45047,5760
#470,56694,5760
#470,43575,5760
#470,42448,5760
#470,41801,5760
470,45913,5760,11004
#493,48883,5760
#493,47386,5760
#493,45779,5760
#493,44563,5760
#493,44067,5760
493,46135.6,5760,3576.71
#517,51660,6400
#517,50726,6400
#517,49099,6400
#517,59945,6400
#517,47617,6400
517,51809.4,6400,8593.33
#542,57379,6400
#542,56188,6400
#542,53610,6400
#542,52675,6400
#542,52178,6400
542,54406,6400,4060.37
#569,59152,7040
#569,57884,7040
#569,56433,7040
#569,54950,7040
#569,54248,7040
569,56533.4,7040,3624.52
#597,56528,7040
#597,55316,7040
#597,54419,7040
#597,53154,7040
#597,52811,7040
597,54445.6,7040,2747.34
#626,61999,7040
#626,60470,7040
#626,57630,7040
#626,56022,7040
#626,55184,7040
626,58261,7040,5194.73
#657,64971,7808
#657,64175,7808
#657,62143,7808
#657,61102,7808
#657,60515,7808
657,62581.2,7808,3452.6
#689,67649,7808
#689,66290,7808
#689,64276,7808
#689,62757,7808
#689,62184,7808
689,64631.2,7808,4145.97
#723,76019,8576
#723,74436,8576
#723,72063,8576
#723,70454,8576
#723,69542,8576
723,72502.8,8576,4838.04
#759,76937,8576
#759,75942,8576
#759,73626,8576
#759,72486,8576
#759,71509,8576
759,74100,8576,4097.27
#796,82398,9472
#796,81507,9472
#796,79233,9472
#796,77853,9472
#796,77044,9472
796,79607,9472,4116.8
#835,89107,9472
#835,88022,9472
#835,85467,9472
#835,84199,9472
#835,83796,9472
835,86118.2,9472,4200.7
#876,98414,10368
#876,94840,10368
#876,92011,10368
#876,90718,10368
#876,89756,10368
876,93147.8,10368,6279.93
#919,92013,10368
#919,91023,10368
#919,89192,10368
#919,87887,10368
#919,86783,10368
919,89379.6,10368,3861.7
#964,103167,11392
#964,101760,11392
#964,99878,11392
#964,98493,11392
#964,97873,11392
964,100234,11392,3966.19
#1012,108663,11392
#1012,107924,11392
#1012,104720,11392
#1012,103413,11392
#1012,103066,11392
1012,105557,11392,4626.21
#1062,121517,12544
#1062,133931,12544
#1062,120732,12544
#1062,120073,12544
#1062,119281,12544
1062,123107,12544,10924.1
#1115,128679,12544
#1115,126783,12544
#1115,124991,12544
#1115,124085,12544
#1115,122451,12544
1115,125398,12544,4313.48
#1170,120173,12544
#1170,119071,12544
#1170,117405,12544
#1170,119542,12544
#1170,115181,12544
1170,118274,12544,3596.78
#1228,139079,13824
#1228,137189,13824
#1228,135773,13824
#1228,134068,13824
#1228,133115,13824
1228,135845,13824,4278.4
#1289,137379,13824
#1289,135508,13824
#1289,133217,13824
#1289,132288,13824
#1289,131458,13824
1289,133970,13824,4353.67
#1353,156543,15232
#1353,155472,15232
#1353,152927,15232
#1353,151971,15232
#1353,151120,15232
1353,153607,15232,4139.8
#1420,149319,15232
#1420,147722,15232
#1420,145314,15232
#1420,144675,15232
#1420,143574,15232
1420,146121,15232,4197.12
#1491,166792,16768
#1491,164656,16768
#1491,161371,16768
#1491,163425,16768
#1491,160125,16768
1491,163274,16768,4719.89
#1565,188085,16768
#1565,173345,16768
#1565,172141,16768
#1565,170919,16768
#1565,170062,16768
1565,174910,16768,13360.5
#1643,199941,18432
#1643,183749,18432
#1643,182334,18432
#1643,180681,18432
#1643,179912,18432
1643,185323,18432,14857.3
#1725,188303,18432
#1725,186101,18432
#1725,184226,18432
#1725,183010,18432
#1725,182574,18432
1725,184843,18432,4237.27
#1811,202252,20224
#1811,200705,20224
#1811,198491,20224
#1811,201107,20224
#1811,196328,20224
1811,199777,20224,4224.23
#1901,212798,20224
#1901,211023,20224
#1901,209167,20224
#1901,208140,20224
#1901,208225,20224
1901,209871,20224,3588.4
#1996,227618,22272
#1996,225799,22272
#1996,224153,22272
#1996,222945,22272
#1996,221615,22272
1996,224426,22272,4218.4
#2095,234277,22272
#2095,233580,22272
#2095,231311,22272
#2095,230233,22272
#2095,232383,22272
2095,232357,22272,2937.79
#2199,254985,24448
#2199,252855,24448
#2199,250789,24448
#2199,250221,24448
#2199,267183,24448
2199,255207,24448,12438.2
#2308,274096,24448
#2308,273027,24448
#2308,271770,24448
#2308,270832,24448
#2308,269806,24448
2308,271906,24448,3050.86
#2423,300834,26880
#2423,284790,26880
#2423,301729,26880
#2423,283387,26880
#2423,289250,26880
2423,291998,26880,15656.9
#2544,289897,26880
#2544,302062,26880
#2544,294927,26880
#2544,295084,26880
#2544,294519,26880
2544,295298,26880,7782.69
#2671,320988,29568
#2671,319045,29568
#2671,330383,29568
#2671,307894,29568
#2671,311341,29568
2671,317930,29568,15743.1
#2804,311390,29568
#2804,310366,29568
#2804,308528,29568
#2804,307463,29568
#2804,307088,29568
2804,308967,29568,3324.28
#2944,366952,32512
#2944,385386,32512
#2944,374687,32512
#2944,385276,32512
#2944,362554,32512
2944,374971,32512,18616.8
#3091,351515,32512
#3091,347245,32512
#3091,346750,32512
#3091,345882,32512
#3091,345304,32512
3091,347339,32512,4387.15
#3245,395228,35712
#3245,393390,35712
#3245,391432,35712
#3245,391315,35712
#3245,392905,35712
3245,392854,35712,2872.82
#3407,392636,35712
#3407,391509,35712
#3407,389903,35712
#3407,389998,35712
#3407,389898,35712
3407,390789,35712,2215.29
#3577,432570,39296
#3577,432321,39296
#3577,431854,39296
#3577,431191,39296
#3577,432595,39296
3577,432106,39296,1058.82
#3755,429952,39296
#3755,427297,39296
#3755,427608,39296
#3755,426554,39296
#3755,443249,39296
3755,430932,39296,12525.1
#3942,495916,43264
#3942,514818,43264
#3942,700648,43264
#3942,503849,43264
#3942,502990,43264
3942,543644,43264,157469
#4139,627230,43264
#4139,531522,43264
#4139,550861,43264
#4139,486434,43264
#4139,505524,43264
4139,540314,43264,97391.3
#4345,525274,47616
#4345,520457,47616
#4345,520617,47616
#4345,520126,47616
#4345,520026,47616
4345,521300,47616,3997.12
#4562,533085,47616
#4562,525094,47616
#4562,535388,47616
#4562,509842,47616
#4562,532893,47616
4562,527260,47616,18757.5
#4790,574506,52352
#4790,741263,52352
#4790,594445,52352
#4790,557616,52352
#4790,557844,52352
4790,605135,52352,138788
#5029,596717,52352
#5029,592498,52352
#5029,595223,52352
#5029,590377,52352
#5029,590832,52352
5029,593129,52352,4940.16
#5280,634819,57600
#5280,634091,57600
#5280,632453,57600
#5280,638576,57600
#5280,633799,57600
5280,634748,57600,4123.87
#5544,638183,57600
#5544,637230,57600
#5544,636108,57600
#5544,636739,57600
#5544,640344,57600
5544,637721,57600,2953.07
#5821,685559,63360
#5821,684425,63360
#5821,683637,63360
#5821,682813,63360
#5821,729650,63360
5821,693217,63360,36478.2
#6112,723587,63360
#6112,721087,63360
#6112,722453,63360
#6112,721114,63360
#6112,721637,63360
6112,721976,63360,1891.27
#6417,770804,69760
#6417,772323,69760
#6417,772711,69760
#6417,769782,69760
#6417,771810,69760
6417,771486,69760,2130.71
#6737,775216,69760
#6737,775493,69760
#6737,775023,69760
#6737,774344,69760
#6737,778140,69760
6737,775643,69760,2609.47
#7073,846956,76800
#7073,845383,76800
#7073,983209,76800
#7073,847376,76800
#7073,843969,76800
7073,873379,76800,109857
#7426,874097,76800
#7426,874452,76800
#7426,874046,76800
#7426,873379,76800
#7426,872589,76800
7426,873713,76800,1320.42
#7797,915402,84480
#7797,922071,84480
#7797,921864,84480
#7797,921158,84480
#7797,918742,84480
7797,919847,84480,5036.84
#8186,954976,84480
#8186,951297,84480
#8186,952296,84480
#8186,952258,84480
#8186,953434,84480
8186,952852,84480,2518.75
#8595,1018615,92928
#8595,1014873,92928
#8595,1016751,92928
#8595,1021153,92928
#8595,990123,92928
8595,1.0123e+06,92928,22565.6
#9024,1032979,92928
#9024,1032909,92928
#9024,1029882,92928
#9024,1030273,92928
#9024,1031648,92928
9024,1.03154e+06,92928,2578.49
#9475,1152588,102272
#9475,1106003,102272
#9475,1128321,102272
#9475,1136450,102272
#9475,1135490,102272
9475,1.13177e+06,102272,30265
#9948,1151243,102272
#9948,1138425,102272
#9948,1141024,102272
#9948,1139089,102272
#9948,1138301,102272
9948,1.14162e+06,102272,9821.9
#10445,1256948,112512
#10445,1264141,112512
#10445,1257644,112512
#10445,1260149,112512
#10445,1220811,112512
10445,1.25194e+06,112512,31532.6
#10967,1240206,112512
#10967,1235717,112512
#10967,1236107,112512
#10967,1239130,112512
#10967,1236112,112512
10967,1.23745e+06,112512,3689.45
#11515,1348029,123776
#11515,1349607,123776
#11515,1346361,123776
#11515,1346649,123776
#11515,1349179,123776
11515,1.34796e+06,123776,2604.42
#12090,1403847,123776
#12090,1405338,123776
#12090,1401126,123776
#12090,1401732,123776
#12090,1403348,123776
12090,1.40308e+06,123776,3019.12
#12694,1554575,136192
#12694,1556776,136192
#12694,1476976,136192
#12694,1525960,136192
#12694,1517246,136192
12694,1.52631e+06,136192,58262.9
#13328,1510693,136192
#13328,1512722,136192
#13328,1508816,136192
#13328,1508186,136192
#13328,1511710,136192
13328,1.51043e+06,136192,3417.75
#13994,1658882,149760
#13994,1660155,149760
#13994,1658185,149760
#13994,1658534,149760
#13994,1658125,149760
13994,1.65878e+06,149760,1481.76
#14693,1821528,164736
#14693,1817958,164736
#14693,1824732,164736
#14693,1873262,164736
#14693,1823560,164736
14693,1.83221e+06,164736,41310.9
#15427,1823380,164736
#15427,1823332,164736
#15427,1821252,164736
#15427,1821794,164736
#15427,1818955,164736
15427,1.82174e+06,164736,3252.24
#16198,1965548,181248
#16198,1963563,181248
#16198,1965618,181248
#16198,1961582,181248
#16198,2007068,181248
16198,1.97268e+06,181248,34520.2
#17007,2057248,181248
#17007,2054908,181248
#17007,2062942,181248
#17007,2002241,181248
#17007,2005478,181248
17007,2.03656e+06,181248,53699.4
#17857,2201146,199424
#17857,2198581,199424
#17857,2200734,199424
#17857,2196852,199424
#17857,2197848,199424
17857,2.19903e+06,199424,3313.42
#18749,2211282,199424
#18749,2213163,199424
#18749,2213951,199424
#18749,2213518,199424
#18749,2265379,199424
18749,2.22346e+06,199424,41960
#19686,2540811,219392
#19686,2688735,219392
#19686,2750956,219392
#19686,2751704,219392
#19686,2745441,219392
19686,2.69553e+06,219392,161747
#20670,2745445,219392
#20670,2746967,219392
#20670,2749236,219392
#20670,2744529,219392
#20670,2746014,219392
20670,2.74644e+06,219392,3214.81
#21703,3022508,241280
#21703,3024870,241280
#21703,3024347,241280
#21703,3021916,241280
#21703,3022443,241280
21703,3.02322e+06,241280,2333.01
#22788,3089202,241280
#22788,3089863,241280
#22788,3092637,241280
#22788,3091207,241280
#22788,3089854,241280
22788,3.09055e+06,241280,2459.38
#23927,3313215,265472
#23927,3308488,265472
#23927,3359216,265472
#23927,3307820,265472
#23927,3309710,265472
23927,3.31969e+06,265472,39701
#25123,3412209,265472
#25123,3414507,265472
#25123,3414286,265472
#25123,3417040,265472
#25123,3362548,265472
25123,3.40412e+06,265472,41682.9
#26379,3725972,291968
#26379,3727008,291968
#26379,3786804,291968
#26379,3746566,291968
#26379,3780045,291968
26379,3.75328e+06,291968,51546.1
#27697,3855857,291968
#27697,3867248,291968
#27697,3864096,291968
#27697,3866442,291968
#27697,3841634,291968
27697,3.85906e+06,291968,19200.5
#29081,4138756,321152
#29081,4207179,321152
#29081,4189661,321152
#29081,4113325,321152
#29081,4076424,321152
29081,4.14507e+06,321152,96356.7
#30535,4330586,321152
#30535,4291886,321152
#30535,4273876,321152
#30535,4277558,321152
#30535,4289612,321152
30535,4.2927e+06,321152,40290.6
#32061,4484310,353280
#32061,4487736,353280
#32061,4611972,353280
#32061,4603246,353280
#32061,4596855,353280
32061,4.55682e+06,353280,116035
#33664,4573601,353280
#33664,4624658,353280
#33664,4713994,353280
#33664,4612023,353280
#33664,4574134,353280
33664,4.61968e+06,353280,102669
#35347,5080045,388608
#35347,5047706,388608
#35347,5044073,388608
#35347,5043298,388608
#35347,5057568,388608
35347,5.05454e+06,388608,27456.4
#37114,5197809,388608
#37114,5220562,388608
#37114,5108090,388608
#37114,5123602,388608
#37114,4971835,388608
37114,5.12438e+06,388608,174766
#38969,5549623,427520
#38969,5485588,427520
#38969,5286588,427520
#38969,5417656,427520
#38969,5250039,427520
38969,5.3979e+06,427520,228653
#40917,5733466,427520
#40917,5422788,427520
#40917,5561938,427520
#40917,5825817,427520
#40917,5187204,427520
40917,5.54624e+06,427520,453970
#42962,5831347,470272
#42962,5813057,470272
#42962,5797975,470272
#42962,5810224,470272
#42962,5888798,470272
42962,5.82828e+06,470272,64174.7
#45110,5753899,470272
#45110,5539818,470272
#45110,5533656,470272
#45110,5537415,470272
#45110,5540025,470272
45110,5.58096e+06,470272,172997
#47365,6022565,517248
#47365,5891242,517248
#47365,5976616,517248
#47365,6011393,517248
#47365,5891466,517248
47365,5.95866e+06,517248,114008
#49733,6056522,517248
#49733,6006108,517248
#49733,5889881,517248
#49733,5898017,517248
#49733,5891523,517248
49733,5.94841e+06,517248,139193
#52219,6570830,568960
#52219,6461127,568960
#52219,6469457,568960
#52219,6539378,568960
#52219,6527750,568960
52219,6.51371e+06,568960,84104.5
#54829,6570865,568960
#54829,6591731,568960
#54829,6579636,568960
#54829,6583034,568960
#54829,6593621,568960
54829,6.58378e+06,568960,16603.4
#57570,7151522,625920
#57570,7163703,625920
#57570,7169901,625920
#57570,7158584,625920
#57570,7160545,625920
57570,7.16085e+06,625920,12076.4
#60448,7265723,625920
#60448,7214939,625920
#60448,7244819,625920
#60448,7132183,625920
#60448,7185687,625920
60448,7.20867e+06,625920,93721.2
#63470,7817867,688512
#63470,7819720,688512
#63470,7627550,688512
#63470,7718473,688512
#63470,7790481,688512
63470,7.75482e+06,688512,146908
#66643,7909276,688512
#66643,7950406,688512
#66643,7989198,688512
#66643,7949753,688512
#66643,7975228,688512
66643,7.95477e+06,688512,54536.1
#69975,8564694,757376
#69975,8794894,757376
#69975,8714631,757376
#69975,8694316,757376
#69975,8623124,757376
69975,8.67833e+06,757376,157788
#73473,8756247,757376
#73473,8547740,757376
#73473,8735898,757376
#73473,8541989,757376
#73473,8732766,757376
73473,8.66293e+06,757376,193504
#77146,9457768,833152
#77146,9434778,833152
#77146,9483017,833152
#77146,9357597,833152
#77146,9477738,833152
77146,9.44218e+06,833152,91144.2
#81003,9626855,833152
#81003,9408998,833152
#81003,9396653,833152
#81003,9662181,833152
#81003,9545466,833152
81003,9.52803e+06,833152,218166
#85053,10455195,916480
#85053,10379528,916480
#85053,10509907,916480
#85053,10263757,916480
#85053,10474898,916480
85053,1.04167e+07,916480,175111
#89305,10598303,916480
#89305,10449407,916480
#89305,10591699,916480
#89305,10547703,916480
#89305,10376151,916480
89305,1.05127e+07,916480,173079
#93770,11457438,1008128
#93770,11548718,1008128
#93770,11398510,1008128
#93770,11569828,1008128
#93770,11484031,1008128
93770,1.14917e+07,1008128,124168
#98458,11685585,1008128
#98458,11510697,1008128
#98458,11677379,1008128
#98458,11610294,1008128
#98458,11596928,1008128
98458,1.16162e+07,1008128,126789
#103380,12612516,1108992
#103380,12662914,1108992
#103380,12440612,1108992
#103380,12679198,1108992
#103380,12502646,1108992
103380,1.25796e+07,1108992,185869
#108549,12772317,1108992
#108549,12631844,1108992
#108549,12951760,1108992
#108549,12874173,1108992
#108549,12675987,1108992
108549,1.27812e+07,1108992,238647
#113976,13915861,1219840
#113976,13846431,1219840
#113976,13911888,1219840
#113976,13913268,1219840
#113976,14361689,1219840
113976,1.39898e+07,1219840,375500
#119674,13966002,1219840
#119674,14015225,1219840
#119674,14165296,1219840
#119674,14117846,1219840
#119674,14136204,1219840
119674,1.40801e+07,1219840,152467
#125657,15335617,1341824
#125657,15127592,1341824
#125657,15441426,1341824
#125657,15145560,1341824
#125657,15510982,1341824
125657,1.53122e+07,1341824,308040
#131939,15521594,1341824
#131939,15557823,1341824
#131939,15315582,1341824
#131939,15613681,1341824
#131939,15489175,1341824
131939,1.54996e+07,1341824,201712
#138535,16752700,1475968
#138535,16720581,1475968
#138535,16894443,1475968
#138535,16598328,1475968
#138535,16831624,1475968
138535,1.67595e+07,1475968,201889
#145461,18407169,1623552
#145461,18447180,1623552
#145461,18431181,1623552
#145461,18593874,1623552
#145461,18492572,1623552
145461,1.84744e+07,1623552,131858
#152734,18550168,1623552
#152734,18720765,1623552
#152734,18648659,1623552
#152734,18862060,1623552
#152734,18576367,1623552
152734,1.86716e+07,1623552,224559
#160370,20270053,1785856
#160370,20316573,1785856
#160370,20198356,1785856
#160370,20365919,1785856
#160370,20074455,1785856
160370,2.02451e+07,1785856,203240
#168388,20333148,1785856
#168388,20962044,1785856
#168388,20323698,1785856
#168388,20453377,1785856
#168388,20258759,1785856
168388,2.04662e+07,1785856,511521
#176807,22332105,1964416
#176807,22440027,1964416
#176807,22257358,1964416
#176807,22290175,1964416
#176807,22332525,1964416
176807,2.23304e+07,1964416,123219
#185647,22637813,1964416
#185647,22391081,1964416
#185647,22312257,1964416
#185647,22457420,1964416
#185647,22409590,1964416
185647,2.24416e+07,1964416,217359
#194929,24562893,2160896
#194929,24541715,2160896
#194929,24519526,2160896
#194929,24472792,2160896
#194929,24637246,2160896
194929,2.45468e+07,2160896,108393
#204675,25390706,2160896
#204675,25830495,2160896
#204675,25489908,2160896
#204675,25170235,2160896
#204675,25200281,2160896
204675,2.54163e+07,2160896,477362
#214908,27698464,2376960
#214908,27840095,2376960
#214908,27530552,2376960
#214908,27521113,2376960
#214908,27425722,2376960
214908,2.76032e+07,2376960,294902
#225653,27400422,2376960
#225653,27399423,2376960
#225653,27559199,2376960
#225653,27222242,2376960
#225653,27651021,2376960
225653,2.74465e+07,2376960,295514
#236935,29970455,2614656
#236935,30007916,2614656
#236935,30548234,2614656
#236935,29741121,2614656
#236935,29813124,2614656
236935,3.00162e+07,2614656,567189
#248781,30600160,2614656
#248781,30079800,2614656
#248781,30962238,2614656
#248781,30446301,2614656
#248781,30190297,2614656
248781,3.04558e+07,2614656,625637
#261220,33456719,2876160
#261220,33410068,2876160
#261220,33581675,2876160
#261220,33417705,2876160
#261220,33537700,2876160
261220,3.34808e+07,2876160,135580
#274281,33646988,2876160
#274281,33706247,2876160
#274281,33417720,2876160
#274281,33474626,2876160
#274281,33643147,2876160
274281,3.35777e+07,2876160,222398
#287995,36717884,3163776
#287995,36465135,3163776
#287995,36436153,3163776
#287995,36417511,3163776
#287995,36509269,3163776
287995,3.65092e+07,3163776,217685
#302394,37049710,3163776
#302394,36921098,3163776
#302394,36887435,3163776
#302394,37110367,3163776
#302394,37139003,3163776
302394,3.70215e+07,3163776,201105
#317513,40413664,3480192
#317513,40361701,3480192
#317513,40295181,3480192
#317513,40216423,3480192
#317513,40259332,3480192
317513,4.03093e+07,3480192,141308
#333388,41173280,3480192
#333388,40874641,3480192
#333388,41055159,3480192
#333388,40924186,3480192
#333388,40768896,3480192
333388,4.09592e+07,3480192,282319
#350057,44970797,3828224
#350057,44791703,3828224
#350057,44710715,3828224
#350057,44862452,3828224
#350057,44655816,3828224
350057,4.47983e+07,3828224,222508
#367559,45485608,3828224
#367559,45066882,3828224
#367559,45035099,3828224
#367559,45146373,3828224
#367559,45076828,3828224
367559,4.51622e+07,3828224,331508
#385936,49492815,4211072
#385936,49208819,4211072
#385936,49136373,4211072
#385936,49161165,4211072
#385936,49181567,4211072
385936,4.92361e+07,4211072,261046
#405232,50061941,4211072
#405232,49917562,4211072
#405232,49764376,4211072
#405232,49979089,4211072
#405232,49902801,4211072
405232,4.99252e+07,4211072,196013
#425493,54653015,4632192
#425493,55319878,4632192
#425493,55318059,4632192
#425493,55317930,4632192
#425493,54912612,4632192
425493,5.51043e+07,4632192,550060
#446767,55738454,4632192
#446767,55968487,4632192
#446767,55906696,4632192
#446767,55955219,4632192
#446767,55991049,4632192
446767,5.5912e+07,4632192,182107
#469105,60714304,5095424
#469105,61718134,5095424
#469105,61649825,5095424
#469105,61688127,5095424
#469105,61534118,5095424
469105,6.14609e+07,5095424,756973
#492560,63372265,5095424
#492560,65104982,5095424
#492560,63649311,5095424
#492560,63097151,5095424
#492560,62981199,5095424
492560,6.3641e+07,5095424,1.53535e+06
#517188,67916312,5604992
#517188,68855829,5604992
#517188,69081802,5604992
#517188,68749830,5604992
#517188,68911073,5604992
517188,6.8703e+07,5604992,815457
#543047,69091037,5604992
#543047,70011401,5604992
#543047,70059183,5604992
#543047,70213342,5604992
#543047,70449577,5604992
543047,6.99649e+07,5604992,925775
#570199,76076165,6165504
#570199,77090128,6165504
#570199,76968120,6165504
#570199,76988433,6165504
#570199,77108375,6165504
570199,7.68462e+07,6165504,777836
#598708,76888792,6165504
#598708,78164566,6165504
#598708,77715304,6165504
#598708,77594302,6165504
#598708,77735343,6165504
598708,7.76197e+07,6165504,826687
#628643,100180870,6782080
#628643,112208332,6782080
#628643,87835617,6782080
#628643,86768478,6782080
#628643,85326021,6782080
628643,9.44639e+07,6782080,2.06727e+07
#660075,86059308,6782080
#660075,87249960,6782080
#660075,87127947,6782080
#660075,86798181,6782080
#660075,86862658,6782080
660075,8.68196e+07,6782080,829768
#693078,94707688,7460352
#693078,95407902,7460352
#693078,95179114,7460352
#693078,95429218,7460352
#693078,95481863,7460352
693078,9.52412e+07,7460352,572398
#727731,95971223,7460352
#727731,96171532,7460352
#727731,96126918,7460352
#727731,95988869,7460352
#727731,95749565,7460352
727731,9.60016e+07,7460352,295551
#764117,107970895,8206336
#764117,105405489,8206336
#764117,105451707,8206336
#764117,105485967,8206336
#764117,105854571,8206336
764117,1.06034e+08,8206336,1.9633e+06
#802322,106739031,8206336
#802322,107355793,8206336
#802322,108261469,8206336
#802322,107866333,8206336
#802322,107587311,8206336
802322,1.07562e+08,8206336,1.02071e+06
#842438,116168407,9026944
#842438,117719273,9026944
#842438,118196987,9026944
#842438,118866445,9026944
#842438,118244845,9026944
842438,1.17839e+08,9026944,1.8229e+06
#884559,118524352,9026944
#884559,119020249,9026944
#884559,119520468,9026944
#884559,119189062,9026944
#884559,119536149,9026944
884559,1.19158e+08,9026944,746099
#928786,129494031,9929600
#928786,130935460,9929600
#928786,130468779,9929600
#928786,130626727,9929600
#928786,131265666,9929600
928786,1.30558e+08,9929600,1.19599e+06
#975225,132442810,9929600
#975225,133598751,9929600
#975225,132853651,9929600
#975225,133007097,9929600
#975225,133167744,9929600
975225,1.33014e+08,9929600,757675
#1023986,145679808,10922624
#1023986,146976418,10922624
#1023986,147069790,10922624
#1023986,146836415,10922624
#1023986,146918914,10922624
1023986,1.46696e+08,10922624,1.02778e+06
#1075185,158629817,12014848
#1075185,161156703,12014848
#1075185,161289740,12014848
#1075185,161314344,12014848
#1075185,161390210,12014848
1075185,1.60756e+08,12014848,2.13168e+06
#1128944,162904633,12014848
#1128944,164942233,12014848
#1128944,164975945,12014848
#1128944,164765148,12014848
#1128944,164990764,12014848
1128944,1.64516e+08,12014848,1.61919e+06
#1185391,177665260,13216384
#1185391,179909827,13216384
#1185391,180085372,13216384
#1185391,180138039,13216384
#1185391,179524947,13216384
1185391,1.79465e+08,13216384,1.85005e+06
#1244660,182035367,13216384
#1244660,183340116,13216384
#1244660,183282436,13216384
#1244660,183618486,13216384
#1244660,183267875,13216384
1244660,1.83109e+08,13216384,1.10309e+06
#1306893,199368708,14537984
#1306893,202313281,14537984
#1306893,202481168,14537984
#1306893,202200785,14537984
#1306893,202118379,14537984
1306893,2.01696e+08,14537984,2.34043e+06
#1372237,203953291,14537984
#1372237,206649291,14537984
#1372237,206259449,14537984
#1372237,206533046,14537984
#1372237,206043059,14537984
1372237,2.05888e+08,14537984,1.98005e+06
#1440848,223807889,15991808
#1440848,229694572,15991808
#1440848,227565191,15991808
#1440848,227126453,15991808
#1440848,227335157,15991808
1440848,2.27106e+08,15991808,3.77804e+06
#1512890,232742870,15991808
#1512890,232286704,15991808
#1512890,231535554,15991808
#1512890,231575826,15991808
#1512890,231932254,15991808
1512890,2.32015e+08,15991808,909156
#1588534,253897999,17591040
#1588534,253963904,17591040
#1588534,253712780,17591040
#1588534,255020568,17591040
#1588534,255171038,17591040
1588534,2.54353e+08,17591040,1.2274e+06
#1667960,255556911,17591040
#1667960,259344048,17591040
#1667960,258747478,17591040
#1667960,260879456,17591040
#1667960,259326380,17591040
1667960,2.58771e+08,17591040,3.51151e+06
#1751358,282803479,19350144
#1751358,285473240,19350144
#1751358,285051676,19350144
#1751358,285515367,19350144
#1751358,285826222,19350144
1751358,2.84934e+08,19350144,2.18683e+06
#1838925,295018090,19350144
#1838925,293299801,19350144
#1838925,293679256,19350144
#1838925,291302077,19350144
#1838925,291094872,19350144
1838925,2.92879e+08,19350144,2.97496e+06
#1930871,315130242,21285120
#1930871,320338574,21285120
#1930871,321500151,21285120
#1930871,321625669,21285120
#1930871,321006587,21285120
1930871,3.1992e+08,21285120,4.87474e+06
#2027414,325730635,21285120
#2027414,328785187,21285120
#2027414,328535534,21285120
#2027414,333105397,21285120
#2027414,382894393,21285120
2027414,3.3981e+08,21285120,4.33415e+07
#2128784,398556340,23413632
#2128784,364340490,23413632
#2128784,362406774,23413632
#2128784,364245833,23413632
#2128784,361649237,23413632
2128784,3.7024e+08,23413632,2.83931e+07
#2235223,366093713,23413632
#2235223,370586673,23413632
#2235223,371459677,23413632
#2235223,370466242,23413632
#2235223,370542713,23413632
2235223,3.6983e+08,23413632,3.80537e+06
#2346984,404808787,25755008
#2346984,405149403,25755008
#2346984,406084949,25755008
#2346984,408055065,25755008
#2346984,405230936,25755008
2346984,4.05866e+08,25755008,2.34512e+06
#2464333,419046746,25755008
#2464333,414683307,25755008
#2464333,415135797,25755008
#2464333,415506731,25755008
#2464333,415321166,25755008
2464333,4.15939e+08,25755008,3.15576e+06
#2587549,450685233,28330496
#2587549,461120128,28330496
#2587549,462839065,28330496
#2587549,460091974,28330496
#2587549,458992690,28330496
2587549,4.58746e+08,28330496,8.44929e+06
#2716926,461203104,28330496
#2716926,466182729,28330496
#2716926,465655104,28330496
#2716926,465390000,28330496
#2716926,466272012,28330496
2716926,4.64941e+08,28330496,3.79441e+06
#2852772,514524664,31163520
#2852772,515286548,31163520
#2852772,515787902,31163520
#2852772,516078981,31163520
#2852772,515012203,31163520
2852772,5.15338e+08,31163520,1.10337e+06
#2995410,516073013,31163520
#2995410,524116543,31163520
#2995410,522936216,31163520
#2995410,522684627,31163520
#2995410,523317891,31163520
2995410,5.21826e+08,31163520,5.83363e+06
#3145180,572518200,34279936
#3145180,571515913,34279936
#3145180,575964023,34279936
#3145180,570714954,34279936
#3145180,570874328,34279936
3145180,5.72317e+08,34279936,3.86066e+06
#3302439,590705558,34279936
#3302439,593078563,34279936
#3302439,593441840,34279936
#3302439,593182464,34279936
#3302439,594118138,34279936
3302439,5.92905e+08,34279936,2.31595e+06
#3467560,689470995,37707904
#3467560,693272911,37707904
#3467560,643848786,37707904
#3467560,642457945,37707904
#3467560,644892126,37707904
3467560,6.62789e+08,37707904,4.67639e+07
#3640938,651959446,37707904
#3640938,659850558,37707904
#3640938,657407649,37707904
#3640938,659587682,37707904
#3640938,660817450,37707904
3640938,6.57925e+08,37707904,6.3683e+06
#3822984,729695990,41478656
#3822984,727823400,41478656
#3822984,728383070,41478656
#3822984,772863780,41478656
#3822984,728507977,41478656
3822984,7.37455e+08,41478656,3.54299e+07
#4014133,741873797,41478656
#4014133,745442641,41478656
#4014133,747947201,41478656
#4014133,746683181,41478656
#4014133,744030726,41478656
4014133,7.45196e+08,41478656,4.21773e+06
#4214839,802447503,45626496
#4214839,811269993,45626496
#4214839,810750746,45626496
#4214839,810469271,45626496
#4214839,810244734,45626496
4214839,8.09036e+08,45626496,6.62448e+06
#4425580,828659150,45626496
#4425580,845633570,45626496
#4425580,835309016,45626496
#4425580,835144855,45626496
#4425580,833189281,45626496
4425580,8.35587e+08,45626496,1.11338e+07
#4646859,906538624,50189184
#4646859,915943690,50189184
#4646859,985199336,50189184
#4646859,933870642,50189184
#4646859,912008401,50189184
4646859,9.30712e+08,50189184,5.74883e+07
#4879201,932211431,50189184
#4879201,934930695,50189184
#4879201,935073929,50189184
#4879201,937234198,50189184
#4879201,935779368,50189184
4879201,9.35046e+08,50189184,3.27107e+06
#5123161,1014517050,55208064
#5123161,1016894210,55208064
#5123161,1016715486,55208064
#5123161,1019434874,55208064
#5123161,1017857108,55208064
5123161,1.01708e+09,55208064,3.21065e+06
#5379319,1041540620,55208064
#5379319,1061563156,55208064
#5379319,1046108595,55208064
#5379319,1046155539,55208064
#5379319,1045528859,55208064
5379319,1.04818e+09,55208064,1.38162e+07
#5648284,1129425077,60728832
#5648284,1133841744,60728832
#5648284,1135975169,60728832
#5648284,1138162528,60728832
#5648284,1138112979,60728832
5648284,1.1351e+09,60728832,6.5122e+06
#5930698,1213117772,60728832
#5930698,1219824401,60728832
#5930698,1178765961,60728832
#5930698,1171298314,60728832
#5930698,1168883079,60728832
5930698,1.19038e+09,60728832,4.33137e+07
#6227232,1267008576,66801664
#6227232,1274138557,66801664
#6227232,1272669631,66801664
#6227232,1273528517,66801664
#6227232,1272701955,66801664
6227232,1.27201e+09,66801664,5.11975e+06
#6538593,1300066800,66801664
#6538593,1312533142,66801664
#6538593,1311906665,66801664
#6538593,1344555770,66801664
#6538593,1309938655,66801664
6538593,1.3158e+09,66801664,3.01279e+07
#6865522,1421420494,73481856
#6865522,1415384570,73481856
#6865522,1414867253,73481856
#6865522,1416122993,73481856
#6865522,1505704623,73481856
6865522,1.4347e+09,73481856,7.11591e+07
#7208798,1450886263,73481856
#7208798,1456965630,73481856
#7208798,1452845592,73481856
#7208798,1457537777,73481856
#7208798,1460930779,73481856
7208798,1.45583e+09,73481856,7.13141e+06
#7569237,1572230232,80830080
#7569237,1578578500,80830080
#7569237,1577579398,80830080
#7569237,1605246571,80830080
#7569237,1588093810,80830080
7569237,1.58435e+09,80830080,2.32675e+07
#7947698,1618260342,80830080
#7947698,1626665091,80830080
#7947698,1623419932,80830080
#7947698,1626950977,80830080
#7947698,1650276095,80830080
7947698,1.62911e+09,80830080,2.20678e+07
#8345082,1766639339,88913152
#8345082,1773118339,88913152
#8345082,1774511190,88913152
#8345082,1770803263,88913152
#8345082,1778841315,88913152
8345082,1.77278e+09,88913152,8.07298e+06
#8762336,1919193681,97804416
#8762336,1919426605,97804416
#8762336,1920990908,97804416
#8762336,1918398629,97804416
#8762336,1922023364,97804416
8762336,1.92001e+09,97804416,2.62587e+06
#9200452,1975274909,97804416
#9200452,2017593743,97804416
#9200452,2075853123,97804416
#9200452,1984179007,97804416
#9200452,1978735582,97804416
9200452,2.00633e+09,97804416,7.57727e+07
#9660474,2139949555,107584896
#9660474,2149803649,107584896
#9660474,2141010556,107584896
#9660474,2150921483,107584896
#9660474,2149591355,107584896
9660474,2.14626e+09,107584896,9.49792e+06
