#1,1583,256
#1,487,256
#1,176,256
#1,248,256
#1,534,256
1,605.6,256,1014.67
#2,504,256
#2,299,256
#2,191,256
#2,271,256
#2,193,256
2,291.6,256,228.797
#3,239,256
#3,151,256
#3,131,256
#3,131,256
#3,148,256
3,160,256,80.7366
#4,267,256
#4,156,256
#4,344,256
#4,166,256
#4,129,256
4,212.4,256,161.466
#5,204,256
#5,204,256
#5,167,256
#5,158,256
#5,147,256
5,176,256,47.4468
#6,182,256
#6,186,256
#6,180,256
#6,371,256
#6,154,256
6,214.6,256,158.016
#7,196,256
#7,239,256
#7,207,256
#7,185,256
#7,175,256
7,200.4,256,44.138
#8,247,256
#8,191,256
#8,202,256
#8,186,256
#8,313,256
8,227.8,256,95.4769
#9,311,256
#9,232,256
#9,284,256
#9,178,256
#9,178,256
9,236.6,256,108.337
#10,210,256
#10,189,256
#10,187,256
#10,186,256
#10,191,256
10,192.6,256,17.7358
#11,214,256
#11,195,256
#11,193,256
#11,251,256
#11,194,256
11,209.4,256,44.409
#12,238,256
#12,206,256
#12,200,256
#12,205,256
#12,211,256
12,212,256,26.9221
#13,727,384
#13,524,384
#13,543,384
#13,419,384
#13,420,384
13,526.6,384,225.171
#14,575,384
#14,475,384
#14,453,384
#14,452,384
#14,435,384
14,478,384,100.272
#15,607,384
#15,453,384
#15,456,384
#15,444,384
#15,424,384
15,476.8,384,132.105
#16,531,384
#16,449,384
#16,456,384
#16,562,384
#16,457,384
16,491,384,92.8913
#17,535,384
#17,461,384
#17,447,384
#17,480,384
#17,469,384
17,478.4,384,60.5521
#18,551,384
#18,698,384
#18,475,384
#18,473,384
#18,473,384
18,534,384,174.604
#19,537,384
#19,464,384
#19,484,384
#19,465,384
#19,544,384
19,498.8,384,69.7126
#20,526,384
#20,454,384
#20,451,384
#20,460,384
#20,456,384
20,469.4,384,56.9013
#21,490,384
#21,470,384
#21,638,384
#21,502,384
#21,499,384
21,519.8,384,120.296
#22,508,384
#22,509,384
#22,515,384
#22,511,384
#22,512,384
22,511,384,4.89898
#23,629,384
#23,546,384
#23,510,384
#23,518,384
#23,516,384
23,543.8,384,88.7459
#24,648,384
#24,573,384
#24,574,384
#24,850,384
#24,548,384
24,638.6,384,221.744
#25,627,384
#25,531,384
#25,518,384
#25,507,384
#25,532,384
25,543,384,85.986
#26,1316,640
#26,1121,640
#26,918,640
#26,845,640
#26,831,640
26,1006.2,640,372.682
#27,1143,640
#27,892,640
#27,832,640
#27,808,640
#27,804,640
27,895.8,640,255.075
#28,1085,640
#28,963,640
#28,871,640
#28,869,640
#28,843,640
28,926.2,640,178.466
#29,1038,640
#29,1014,640
#29,855,640
#29,852,640
#29,807,640
29,913.2,640,187.929
#30,1001,640
#30,1124,640
#30,869,640
#30,833,640
#30,836,640
30,932.6,640,227.349
#31,961,640
#31,907,640
#31,1069,640
#31,850,640
#31,848,640
31,927,640,164.657
#32,999,640
#32,912,640
#32,1132,640
#32,887,640
#32,878,640
32,961.6,640,190.681
#33,1061,640
#33,916,640
#33,1038,640
#33,969,640
#33,908,640
33,978.4,640,124.3
#34,1037,640
#34,926,640
#34,944,640
#34,897,640
#34,875,640
34,935.8,640,111.738
#35,1043,640
#35,959,640
#35,927,640
#35,1206,640
#35,893,640
35,1005.6,640,223.763
#36,1002,640
#36,883,640
#36,895,640
#36,1046,640
#36,843,640
36,933.8,640,153.807
#37,984,640
#37,944,640
#37,937,640
#37,969,640
#37,865,640
37,939.8,640,82.1063
#38,1036,640
#38,947,640
#38,884,640
#38,891,640
#38,1034,640
38,958.4,640,132.5
#39,7538,896
#39,2131,896
#39,1914,896
#39,1861,896
#39,1585,896
39,3005.8,896,4545.54
#40,1869,896
#40,1619,896
#40,1558,896
#40,1546,896
#40,1483,896
40,1615,896,268.277
#42,1930,896
#42,1756,896
#42,1606,896
#42,1567,896
#42,1523,896
42,1676.4,896,298.134
#44,1878,896
#44,1622,896
#44,1532,896
#44,1528,896
#44,1513,896
44,1614.6,896,274.342
#46,1782,896
#46,1705,896
#46,1548,896
#46,1595,896
#46,1549,896
46,1635.8,896,185.625
#48,1853,896
#48,1733,896
#48,1641,896
#48,1545,896
#48,1500,896
48,1654.4,896,255.511
#50,1857,896
#50,1693,896
#50,1586,896
#50,1534,896
#50,1597,896
50,1653.4,896,228.037
#52,2720,1152
#52,2410,1152
#52,2178,1152
#52,2103,1152
#52,2119,1152
52,2306,1152,468.849
#54,2455,1152
#54,2191,1152
#54,2123,1152
#54,2122,1152
#54,2131,1152
54,2204.4,1152,255.786
#56,2379,1152
#56,2278,1152
#56,2171,1152
#56,2175,1152
#56,2094,1152
56,2219.4,1152,197.879
#58,2600,1152
#58,2316,1152
#58,2267,1152
#58,2250,1152
#58,2162,1152
58,2319,1152,298.106
#60,2749,1152
#60,2304,1152
#60,2253,1152
#60,2220,1152
#60,2215,1152
60,2348.2,1152,405.793
#63,2804,1152
#63,2417,1152
#63,2213,1152
#63,2242,1152
#63,2207,1152
63,2376.6,1152,454.268
#66,3756,1408
#66,3628,1408
#66,3376,1408
#66,3060,1408
#66,3033,1408
66,3370.6,1408,583.276
#69,3923,1408
#69,3470,1408
#69,3230,1408
#69,3024,1408
#69,2969,1408
69,3323.2,1408,695.687
#72,3588,1408
#72,3378,1408
#72,3185,1408
#72,3077,1408
#72,2971,1408
72,3239.8,1408,440.093
#75,3476,1408
#75,3358,1408
#75,3126,1408
#75,3006,1408
#75,3065,1408
75,3206.2,1408,360.316
#78,4901,1664
#78,4812,1664
#78,4295,1664
#78,4186,1664
#78,4085,1664
78,4455.8,1664,670.058
#81,4791,1664
#81,4581,1664
#81,4051,1664
#81,3919,1664
#81,3896,1664
81,4247.6,1664,735.767
#85,4830,1664
#85,4414,1664
#85,4120,1664
#85,4049,1664
#85,3974,1664
85,4277.4,1664,628.025
#89,4710,1664
#89,4219,1664
#89,4021,1664
#89,4035,1664
#89,3912,1664
89,4179.4,1664,566.074
#93,5635,1920
#93,5507,1920
#93,5088,1920
#93,4938,1920
#93,4866,1920
93,5206.8,1920,617.081
#97,5793,1920
#97,5264,1920
#97,4965,1920
#97,4934,1920
#97,4921,1920
97,5175.4,1920,667.258
#101,5836,1920
#101,5438,1920
#101,5101,1920
#101,5081,1920
#101,4965,1920
101,5284.2,1920,635.534
#106,6909,2176
#106,6629,2176
#106,6289,2176
#106,6173,2176
#106,5986,2176
106,6397.2,2176,661.349
#111,7195,2176
#111,6554,2176
#111,6179,2176
#111,6115,2176
#111,6081,2176
111,6424.8,2176,841.186
#116,7814,2176
#116,7072,2176
#116,6497,2176
#116,6265,2176
#116,6165,2176
116,6762.6,2176,1225.22
#121,9208,2432
#121,8601,2432
#121,8031,2432
#121,7823,2432
#121,7502,2432
121,8233,2432,1209.73
#127,9017,2432
#127,8244,2432
#127,7867,2432
#127,7614,2432
#127,7394,2432
127,8027.2,2432,1139.84
#133,10287,2688
#133,9688,2688
#133,21725,2688
#133,9304,2688
#133,9102,2688
133,12021.2,2688,9737.35
#139,12378,2688
#139,11370,2688
#139,10405,2688
#139,10039,2688
#139,9774,2688
139,10793.2,2688,1918.87
#145,14196,2944
#145,13158,2944
#145,12217,2944
#145,11608,2944
#145,11367,2944
145,12509.2,2944,2091.58
#152,14311,2944
#152,13007,2944
#152,12179,2944
#152,11666,2944
#152,11363,2944
152,12505.2,2944,2121.89
#159,15758,3200
#159,14414,3200
#159,13545,3200
#159,13225,3200
#159,12863,3200
159,13961,3200,2069.74
#166,15485,3200
#166,14296,3200
#166,13438,3200
#166,13146,3200
#166,12998,3200
166,13872.6,3200,1846.26
#174,17369,3456
#174,16223,3456
#174,15304,3456
#174,14932,3456
#174,14708,3456
174,15707.2,3456,1957.45
#182,19635,3712
#182,18233,3712
#182,17215,3712
#182,16850,3712
#182,16696,3712
182,17725.8,3712,2189.2
#191,21320,3712
#191,19731,3712
#191,18794,3712
#191,18103,3712
#191,17760,3712
191,19141.6,3712,2561.43
#200,23188,3968
#200,21857,3968
#200,20762,3968
#200,19901,3968
#200,19385,3968
200,21018.6,3968,2741.2
#210,26731,4224
#210,24898,4224
#210,23316,4224
#210,22509,4224
#210,34805,4224
210,26451.8,4224,8838.42
#220,25765,4224
#220,31795,4224
#220,23724,4224
#220,22783,4224
#220,22290,4224
220,25271.4,4224,6944.14
#231,31032,4480
#231,29390,4480
#231,27591,4480
#231,26439,4480
#231,25707,4480
231,28031.8,4480,3896.86
#242,31021,4736
#242,29826,4736
#242,28646,4736
#242,27820,4736
#242,27233,4736
242,28909.2,4736,2737.22
#254,35914,4992
#254,34355,4992
#254,32852,4992
#254,31882,4992
#254,31220,4992
254,33244.6,4992,3402.18
#266,38615,5248
#266,37521,5248
#266,36023,5248
#266,35250,5248
#266,34054,5248
266,36292.6,5248,3234.01
#279,40501,5376
#279,38996,5376
#279,37711,5376
#279,36785,5376
#279,35988,5376
279,37996.2,5376,3206.85
#292,45946,5504
#292,44630,5504
#292,42982,5504
#292,41648,5504
#292,40838,5504
292,43208.8,5504,3754.5
#306,53529,5632
#306,51716,5632
#306,49607,5632
#306,48083,5632
#306,47011,5632
306,49989.2,5632,4746.48
#321,52692,5760
#321,51126,5760
#321,49211,5760
#321,47886,5760
#321,46739,5760
321,49530.8,5760,4302.52
#337,65738,6016
#337,79036,6016
#337,66051,6016
#337,63933,6016
#337,62708,6016
337,67493.2,6016,11797.3
#353,72646,6144
#353,71083,6144
#353,69054,6144
#353,67486,6144
#353,66156,6144
353,69285,6144,4699.75
#370,81356,6272
#370,78680,6272
#370,76701,6272
#370,75008,6272
#370,86934,6272
370,79735.8,6272,8348.22
#388,79784,6400
#388,77683,6400
#388,75801,6400
#388,74055,6400
#388,72823,6400
388,76029.2,6400,4985
#407,80907,6656
#407,79541,6656
#407,77672,6656
#407,76249,6656
#407,75663,6656
407,78006.4,6656,3945.66
#427,92446,6784
#427,93650,6784
#427,89007,6784
#427,87558,6784
#427,86367,6784
427,89805.6,6784,5604.61
#448,104593,7040
#448,102171,7040
#448,101137,7040
#448,100189,7040
#448,99239,7040
448,101466,7040,3684.96
#470,130402,7296
#470,115879,7296
#470,114823,7296
#470,113315,7296
#470,112699,7296
470,117424,7296,13169.4
#493,118818,7552
#493,116831,7552
#493,114936,7552
#493,113596,7552
#493,122540,7552
493,117344,7552,6278.87
#517,117263,7808
#517,115841,7808
#517,114317,7808
#517,113184,7808
#517,112379,7808
517,114597,7808,3538.31
#542,135974,8064
#542,133928,8064
#542,132875,8064
#542,132096,8064
#542,131121,8064
542,133199,8064,3331.27
#569,155151,8320
#569,153402,8320
#569,151537,8320
#569,153708,8320
#569,151176,8320
569,152995,8320,2933.51
#597,155690,8576
#597,154210,8576
#597,153284,8576
#597,151601,8576
#597,167867,8576
597,156530,8576,11642.9
#626,163917,8832
#626,160994,8832
#626,159654,8832
#626,158429,8832
#626,158482,8832
626,160295,8832,4077.97
#657,167300,9088
#657,164835,9088
#657,163844,9088
#657,162955,9088
#657,163147,9088
657,164416,9088,3170.5
#689,197781,9600
#689,196440,9600
#689,194894,9600
#689,194590,9600
#689,194032,9600
689,195547,9600,2746.01
#723,202324,9856
#723,185042,9856
#723,183514,9856
#723,182469,9856
#723,181865,9856
723,187043,9856,15432.4
#759,219565,10112
#759,202747,10112
#759,201655,10112
#759,201069,10112
#759,199952,10112
759,204998,10112,14678.9
#796,216462,10624
#796,214115,10624
#796,214124,10624
#796,213527,10624
#796,226864,10624
796,217018,10624,10049.6
#835,266735,10880
#835,265623,10880
#835,264083,10880
#835,275171,10880
#835,256006,10880
835,265524,10880,12238
#876,281208,11392
#876,279177,11392
#876,278822,11392
#876,278713,11392
#876,277986,11392
876,279181,11392,2169.73
#919,267418,11648
#919,266234,11648
#919,266023,11648
#919,264787,11648
#919,264254,11648
919,265743,11648,2237.17
#964,301516,12416
#964,300880,12416
#964,302626,12416
#964,299697,12416
#964,300501,12416
964,301044,12416,1972.14
#1012,307845,12800
#1012,305922,12800
#1012,304405,12800
#1012,304648,12800
#1012,304720,12800
1012,305508,12800,2562.83
#1062,349359,13184
#1062,347526,13184
#1062,346465,13184
#1062,347068,13184
#1062,349116,13184
1062,347907,13184,2280.08
#1115,390677,13952
#1115,406783,13952
#1115,399517,13952
#1115,398878,13952
#1115,398161,13952
1115,398803,13952,10223.1
#1170,391806,14336
#1170,397256,14336
#1170,378909,14336
#1170,378959,14336
#1170,381765,14336
1170,385739,14336,14909.3
#1228,434248,14720
#1228,432976,14720
#1228,435067,14720
#1228,455971,14720
#1228,450787,14720
1228,441810,14720,19221.1
#1289,464051,15488
#1289,530809,15488
#1289,478663,15488
#1289,448283,15488
#1289,449994,15488
1289,474360,15488,60564
#1353,480640,16256
#1353,477516,16256
#1353,482932,16256
#1353,488149,16256
#1353,479465,16256
1353,481740,16256,7306.1
#1420,527706,16640
#1420,497310,16640
#1420,502570,16640
#1420,511713,16640
#1420,493197,16640
1420,506499,16640,24555.9
#1491,500230,17664
#1491,497923,17664
#1491,498244,17664
#1491,506432,17664
#1491,497501,17664
1491,500066,17664,6635.92
#1565,538138,18176
#1565,537934,18176
#1565,536983,18176
#1565,536758,18176
#1565,537043,18176
1565,537371,18176,1109.65
#1643,586275,19200
#1643,578845,19200
#1643,578345,19200
#1643,577581,19200
#1643,578275,19200
1643,579864,19200,6461.19
#1725,626005,19712
#1725,631372,19712
#1725,626424,19712
#1725,625119,19712
#1725,625523,19712
1725,626889,19712,4568.92
#1811,627512,20736
#1811,626147,20736
#1811,628216,20736
#1811,633681,20736
#1811,625378,20736
1811,628187,20736,5844.15
#1901,780066,21888
#1901,749123,21888
#1901,784608,21888
#1901,770729,21888
#1901,766045,21888
1901,770114,21888,24765.7
#1996,715116,22528
#1996,715099,22528
#1996,714826,22528
#1996,719871,22528
#1996,714498,22528
1996,715882,22528,4014.23
#2095,814404,23808
#2095,813668,23808
#2095,815782,23808
#2095,827372,23808
#2095,794803,23808
2095,813206,23808,20930.9
#2199,803676,24448
#2199,802742,24448
#2199,801953,24448
#2199,806120,24448
#2199,801734,24448
2199,803245,24448,3182.05
#2308,894399,25728
#2308,894318,25728
#2308,900286,25728
#2308,892318,25728
#2308,892027,25728
2308,894670,25728,5950.07
#2423,933762,27264
#2423,929875,27264
#2423,933685,27264
#2423,930874,27264
#2423,930465,27264
2423,931732,27264,3313.61
#2544,1029651,28032
#2544,1030621,28032
#2544,1028685,28032
#2544,1026700,28032
#2544,1029882,28032
2544,1.02911e+06,28032,2707.1
#2671,1046926,29568
#2671,1046555,29568
#2671,1048115,29568
#2671,1050002,29568
#2671,1047344,29568
2671,1.04779e+06,29568,2444.45
#2804,1114594,30336
#2804,1114150,30336
#2804,1179493,30336
#2804,1115383,30336
#2804,1115198,30336
2804,1.12776e+06,30336,51736.8
#2944,1191065,32128
#2944,1188310,32128
#2944,1186559,32128
#2944,1188700,32128
#2944,1188289,32128
2944,1.18858e+06,32128,2888.81
#3091,1358644,33920
#3091,1358863,33920
#3091,1359120,33920
#3091,1359361,33920
#3091,1371219,33920
3091,1.36144e+06,33920,9789.46
#3245,1297734,34816
#3245,1297607,34816
#3245,1298821,34816
#3245,1296770,34816
#3245,1297126,34816
3245,1.29761e+06,34816,1391.9
#3407,1343259,36864
#3407,1339379,36864
#3407,1340424,36864
#3407,1342129,36864
#3407,1337983,36864
3407,1.34063e+06,36864,3770.68
#3577,1463368,38912
#3577,1465935,38912
#3577,1460864,38912
#3577,1469907,38912
#3577,1467948,38912
3577,1.4656e+06,38912,6424.14
#3755,1582736,39936
#3755,1601868,39936
#3755,1600375,39936
#3755,1600647,39936
#3755,1598991,39936
3755,1.59692e+06,39936,14304.8
#3942,1773569,42240
#3942,1772715,42240
#3942,1772045,42240
#3942,1773739,42240
#3942,1768665,42240
3942,1.77215e+06,42240,3689.33
#4139,1672538,44544
#4139,1677095,44544
#4139,1627342,44544
#4139,1660666,44544
#4139,1670708,44544
4139,1.66167e+06,44544,35968.3
#4345,1799126,45824
#4345,1809634,45824
#4345,1794269,45824
#4345,1795225,45824
#4345,1797034,45824
4345,1.79906e+06,45824,11084.4
#4562,1925355,48384
#4562,1917012,48384
#4562,1913421,48384
#4562,1890966,48384
#4562,1866004,48384
4562,1.90255e+06,48384,43055.3
#4790,2024144,51200
#4790,2013591,51200
#4790,2017080,51200
#4790,2015827,51200
#4790,2018454,51200
4790,2.01782e+06,51200,7087.96
#5029,2095620,52608
#5029,2097279,52608
#5029,2095465,52608
#5029,2120543,52608
#5029,2151376,52608
5029,2.11206e+06,52608,43651.8
#5280,2217214,55552
#5280,2220090,55552
#5280,2216799,55552
#5280,2220914,55552
#5280,2173183,55552
5280,2.20964e+06,55552,36595.5
#5544,2284260,58624
#5544,2277210,58624
#5544,2322695,58624
#5544,2284650,58624
#5544,2311827,58624
5544,2.29613e+06,58624,35583.7
#5821,2428219,60288
#5821,2428069,60288
#5821,2375225,60288
#5821,2363885,60288
#5821,2363215,60288
5821,2.39172e+06,60288,60085.5
#6112,2623739,63616
#6112,2623310,63616
#6112,2617956,63616
#6112,2623520,63616
#6112,2618418,63616
6112,2.62139e+06,63616,5243.38
#6417,2869599,67200
#6417,2872159,67200
#6417,2873908,67200
#6417,2874650,67200
#6417,2921103,67200
6417,2.88228e+06,67200,38974.6
#6737,2847600,71040
#6737,2843637,71040
#6737,2845138,71040
#6737,2841839,71040
#6737,2843688,71040
6737,2.84438e+06,71040,3839.85
#7073,2992696,72960
#7073,2992336,72960
#7073,2991444,72960
#7073,2992252,72960
#7073,2996201,72960
7073,2.99299e+06,72960,3317.75
#7426,3226548,77056
#7426,3226367,77056
#7426,3218884,77056
#7426,3242495,77056
#7426,3221381,77056
7426,3.22714e+06,77056,16445.1
#7797,3458043,81408
#7797,3459578,81408
#7797,3460546,81408
#7797,3458291,81408
#7797,3457814,81408
7797,3.45885e+06,81408,2086.78
#8186,3679034,83712
#8186,3676901,83712
#8186,3676289,83712
#8186,3677844,83712
#8186,3726281,83712
8186,3.68727e+06,83712,39055.2
#8595,3753331,88448
#8595,3754588,88448
#8595,3707642,88448
#8595,3656077,88448
#8595,3658882,88448
8595,3.7061e+06,88448,86329.9
#9024,4074417,93440
#9024,4071312,93440
#9024,4070905,93440
#9024,4144714,93440
#9024,4173349,93440
9024,4.10694e+06,93440,87006.4
#9475,4566482,98688
#9475,4568903,98688
#9475,4563937,98688
#9475,4512763,98688
#9475,4445749,98688
9475,4.53157e+06,98688,95411.4
#9948,4411389,101376
#9948,4410342,101376
#9948,4412251,101376
#9948,4413908,101376
#9948,4410414,101376
9948,4.41166e+06,101376,2648.15
#10445,4642494,107136
#10445,4639162,107136
#10445,4637857,107136
#10445,4663184,107136
#10445,4663929,107136
10445,4.64933e+06,107136,23440.4
#10967,4861123,113152
#10967,4897650,113152
#10967,4990850,113152
#10967,4925436,113152
#10967,4865452,113152
10967,4.9081e+06,113152,95007.3
#11515,5189891,119552
#11515,5193577,119552
#11515,5354985,119552
#11515,6162135,119552
#11515,6036146,119552
11515,5.58735e+06,119552,847972
#12090,5808422,122880
#12090,5770635,122880
#12090,5758759,122880
#12090,5762723,122880
#12090,5651633,122880
12090,5.75043e+06,122880,104891
#12694,5824194,129792
#12694,5816981,129792
#12694,5839612,129792
#12694,5826067,129792
#12694,5815071,129792
12694,5.82438e+06,129792,17350.4
#13328,6319679,137088
#13328,6317015,137088
#13328,6321943,137088
#13328,6316154,137088
#13328,6312659,137088
13328,6.31749e+06,137088,6322.66
#13994,6493686,140928
#13994,6488622,140928
#13994,6491076,140928
#13994,6491051,140928
#13994,6486611,140928
13994,6.49021e+06,140928,4817.83
#14693,6769213,148864
#14693,6772717,148864
#14693,6772900,148864
#14693,6770003,148864
#14693,6781132,148864
14693,6.77319e+06,148864,8454.9
#15427,7133582,157184
#15427,7129173,157184
#15427,7145765,157184
#15427,7136261,157184
#15427,7113862,157184
15427,7.13173e+06,157184,20914
#16198,7661714,166016
#16198,7662615,166016
#16198,7699526,166016
#16198,7663715,166016
#16198,7666708,166016
16198,7.67086e+06,166016,28867.4
#17007,8144722,175360
#17007,8134590,175360
#17007,8139824,175360
#17007,8125035,175360
#17007,8129543,175360
17007,8.13474e+06,175360,14048.6
#17857,8403532,180224
#17857,8395459,180224
#17857,8401459,180224
#17857,8399440,180224
#17857,8388966,180224
17857,8.39777e+06,180224,10293.7
#18749,8477965,190336
#18749,8481809,190336
#18749,8494908,190336
#18749,8481958,190336
#18749,8440219,190336
18749,8.47537e+06,190336,36974.8
#19686,9197746,200960
#19686,9475301,200960
#19686,9313184,200960
#19686,9444267,200960
#19686,9433487,200960
19686,9.3728e+06,200960,206872
#20670,9972294,212352
#20670,9972919,212352
#20670,9969272,212352
#20670,9809265,212352
#20670,9724055,212352
20670,9.88956e+06,212352,207821
#21703,10300574,218240
#21703,10146702,218240
#21703,10314870,218240
#21703,10286692,218240
#21703,10239082,218240
21703,1.02576e+07,218240,122030
#22788,10825543,230528
#22788,10656373,230528
#22788,10817275,230528
#22788,10823158,230528
#22788,10806270,230528
22788,1.07857e+07,230528,130034
#23927,11707694,243456
#23927,11765302,243456
#23927,11713393,243456
#23927,11704182,243456
#23927,11719358,243456
23927,1.1722e+07,243456,44526.5
#25123,11840345,257152
#25123,11923344,257152
#25123,11751474,257152
#25123,11840178,257152
#25123,11674194,257152
25123,1.18059e+07,257152,170794
#26379,12390147,264320
#26379,12378076,264320
#26379,12383663,264320
#26379,12257663,264320
#26379,12192604,264320
26379,1.23204e+07,264320,161149
#27697,12598291,279168
#27697,12589661,279168
#27697,12945691,279168
#27697,12925301,279168
#27697,12919162,279168
27697,1.27956e+07,279168,329799
#29081,13525344,294912
#29081,13886305,294912
#29081,13670992,294912
#29081,13906104,294912
#29081,13876416,294912
29081,1.3773e+07,294912,300651
#30535,14420989,311552
#30535,14673349,311552
#30535,14291705,311552
#30535,14480948,311552
#30535,14653080,311552
30535,1.4504e+07,311552,287604
#32061,15059999,320256
#32061,15094098,320256
#32061,14840305,320256
#32061,15158470,320256
#32061,15278440,320256
32061,1.50863e+07,320256,287600
#33664,16255994,338176
#33664,15964444,338176
#33664,16334874,338176
#33664,16502742,338176
#33664,16274961,338176
33664,1.62666e+07,338176,348603
#35347,16728658,357120
#35347,17072699,357120
#35347,16933384,357120
#35347,16876167,357120
#35347,17087885,357120
35347,1.69398e+07,357120,265726
#37114,17995640,377216
#37114,17880845,377216
#37114,18003855,377216
#37114,17937541,377216
#37114,17534603,377216
37114,1.78705e+07,377216,347415
#38969,18574309,398464
#38969,18755442,398464
#38969,18480071,398464
#38969,18583585,398464
#38969,18695778,398464
38969,1.86178e+07,398464,194025
#40917,19840897,409472
#40917,19512966,409472
#40917,19778046,409472
#40917,19420754,409472
#40917,19408149,409472
40917,1.95922e+07,409472,364346
#42962,21055475,432512
#42962,24331156,432512
#42962,20768552,432512
#42962,20676877,432512
#42962,21071544,432512
42962,2.15807e+07,432512,2.7679e+06
#45110,21743664,456832
#45110,21432153,456832
#45110,21703238,456832
#45110,21888731,456832
#45110,21346374,456832
45110,2.16228e+07,456832,404530
#47365,23245479,482560
#47365,23203863,482560
#47365,23081647,482560
#47365,23160211,482560
#47365,23000574,482560
47365,2.31384e+07,482560,175371
#49733,23639117,496000
#49733,23757295,496000
#49733,23646525,496000
#49733,23576797,496000
#49733,23543428,496000
49733,2.36326e+07,496000,146563
#52219,25112088,524032
#52219,25054483,524032
#52219,24664904,524032
#52219,24611590,524032
#52219,24708104,524032
52219,2.48302e+07,524032,419318
#54829,26724916,553600
#54829,26803596,553600
#54829,26405988,553600
#54829,26773953,553600
#54829,26750491,553600
54829,2.66918e+07,553600,290485
#57570,31231943,584704
#57570,28074347,584704
#57570,28077120,584704
#57570,28078817,584704
#57570,28422238,584704
57570,2.87769e+07,584704,2.46959e+06
#60448,29299587,600960
#60448,29181455,600960
#60448,29352637,600960
#60448,29379206,600960
#60448,29292219,600960
60448,2.9301e+07,600960,136096
#63470,30009663,634752
#63470,30079805,634752
#63470,30166127,634752
#63470,29856661,634752
#63470,29954445,634752
63470,3.00133e+07,634752,211266
#66643,32388519,670592
#66643,32464915,670592
#66643,32564481,670592
#66643,32557540,670592
#66643,32283654,670592
66643,3.24518e+07,670592,212278
#69975,34400470,708480
#69975,33973551,708480
#69975,34293184,708480
#69975,34249082,708480
#69975,34597731,708480
69975,3.43028e+07,708480,407830
#73473,37450747,748416
#73473,37713637,748416
#73473,36805090,748416
#73473,36646523,748416
#73473,37023524,748416
73473,3.71279e+07,748416,797066
#77146,37559657,769152
#77146,37590542,769152
#77146,37814102,769152
#77146,37270640,769152
#77146,37690409,769152
77146,3.75851e+07,769152,361213
#81003,38931578,812544
#81003,38553484,812544
#81003,38549784,812544
#81003,38605369,812544
#81003,38567112,812544
81003,3.86415e+07,812544,292770
#85053,42089659,858240
#85053,42022149,858240
#85053,42250679,858240
#85053,42053798,858240
#85053,42316804,858240
85053,4.21466e+07,858240,231766
#89305,43932757,906496
#89305,43900423,906496
#89305,44297956,906496
#89305,44343776,906496
#89305,43896306,906496
89305,4.40742e+07,906496,404563
#93770,45410462,931712
#93770,44964732,931712
#93770,45138047,931712
#93770,45207952,931712
#93770,44988189,931712
93770,4.51419e+07,931712,324369
#98458,47682390,984192
#98458,47498346,984192
#98458,47416849,984192
#98458,47892800,984192
#98458,47523944,984192
98458,4.76029e+07,984192,337214
#103380,50828602,1039616
#103380,50510309,1039616
#103380,50584760,1039616
#103380,50424085,1039616
#103380,50382320,1039616
103380,5.0546e+07,1039616,315334
#108549,52892568,1098240
#108549,52588386,1098240
#108549,52756247,1098240
#108549,52607063,1098240
#108549,53533071,1098240
108549,5.28755e+07,1098240,693631
#113976,55688699,1160064
#113976,55625378,1160064
#113976,55514608,1160064
#113976,55540797,1160064
#113976,55564658,1160064
113976,5.55868e+07,1160064,125507
#119674,57203067,1192320
#119674,57148113,1192320
#119674,57186884,1192320
#119674,57117321,1192320
#119674,57259546,1192320
119674,5.7183e+07,1192320,97192.2
#125657,60663025,1259520
#125657,60669311,1259520
#125657,60638456,1259520
#125657,60695964,1259520
#125657,60650222,1259520
125657,6.06634e+07,1259520,38898.4
#131939,64957656,1330432
#131939,65060369,1330432
#131939,64981790,1330432
#131939,64835948,1330432
#131939,64974097,1330432
131939,6.4962e+07,1330432,144561
#138535,69047090,1405440
#138535,68910219,1405440
#138535,68881892,1405440
#138535,72785286,1405440
#138535,68943137,1405440
138535,6.97135e+07,1405440,3.07379e+06
#145461,70993991,1444480
#145461,70924031,1444480
#145461,70967032,1444480
#145461,71023437,1444480
#145461,71039483,1444480
145461,7.09896e+07,1444480,82273.4
#152734,76062909,1525760
#152734,76022383,1525760
#152734,75311115,1525760
#152734,75289077,1525760
#152734,75300372,1525760
152734,7.55972e+07,1525760,728042
#160370,79184405,1611648
#160370,79106350,1611648
#160370,78850977,1611648
#160370,79179092,1611648
#160370,78831521,1611648
160370,7.90305e+07,1611648,314122
#168388,82932360,1702400
#168388,82972642,1702400
#168388,82826043,1702400
#168388,82768496,1702400
#168388,82809748,1702400
168388,8.28619e+07,1702400,154812
#176807,87180914,1798272
#176807,87190205,1798272
#176807,87278780,1798272
#176807,87212786,1798272
#176807,87407355,1798272
176807,8.7254e+07,1798272,167909
#185647,90051782,1848192
#185647,89735514,1848192
#185647,89820226,1848192
#185647,89757778,1848192
#185647,90412311,1848192
185647,8.99555e+07,1848192,508907
#194929,96600918,1952256
#194929,95994057,1952256
#194929,96121983,1952256
#194929,96324046,1952256
#194929,96669692,1952256
194929,9.63421e+07,1952256,524759
#204675,102773974,2062208
#204675,102727255,2062208
#204675,102807789,2062208
#204675,102647214,2062208
#204675,102666784,2062208
204675,1.02725e+08,2062208,122300
#214908,105868370,2178432
#214908,106105625,2178432
#214908,105222097,2178432
#214908,105380978,2178432
#214908,105972122,2178432
214908,1.0571e+08,2178432,690862
#225653,111031125,2238976
#225653,110808538,2238976
#225653,111062669,2238976
#225653,110457914,2238976
#225653,110988693,2238976
225653,1.1087e+08,2238976,447895
#236935,116688067,2365056
#236935,116622738,2365056
#236935,117610301,2365056
#236935,116655431,2365056
#236935,116465113,2365056
236935,1.16808e+08,2365056,816451
#248781,122006464,2498176
#248781,123429283,2498176
#248781,123852846,2498176
#248781,122360577,2498176
#248781,122101699,2498176
248781,1.2275e+08,2498176,1.49733e+06
#261220,128898239,2638848
#261220,128914998,2638848
#261220,128943258,2638848
#261220,128585924,2638848
#261220,128361637,2638848
261220,1.28741e+08,2638848,459454
#274281,135048508,2787584
#274281,137126029,2787584
#274281,136145455,2787584
#274281,135985960,2787584
#274281,135067449,2787584
274281,1.35875e+08,2787584,1.54551e+06
#287995,140558187,2865024
#287995,140388827,2865024
#287995,140507369,2865024
#287995,140953469,2865024
#287995,140332603,2865024
287995,1.40548e+08,2865024,436249
#302394,149132464,3026432
#302394,149424426,3026432
#302394,151433338,3026432
#302394,150638664,3026432
#302394,149436699,3026432
302394,1.50013e+08,3026432,1.75789e+06
#317513,156112347,3196928
#317513,155742471,3196928
#317513,156963173,3196928
#317513,158908034,3196928
#317513,160520613,3196928
317513,1.57649e+08,3196928,3.61085e+06
#333388,162293850,3377024
#333388,162680424,3377024
#333388,162421126,3377024
#333388,161739256,3377024
#333388,161921354,3377024
333388,1.62211e+08,3377024,679890
#350057,170968319,3470848
#350057,172753989,3470848
#350057,172846408,3470848
#350057,170240263,3470848
#350057,170538011,3470848
350057,1.71469e+08,3470848,2.22273e+06
#367559,180466413,3666304
#367559,180388069,3666304
#367559,183089084,3666304
#367559,179823803,3666304
#367559,180101493,3666304
367559,1.80774e+08,3666304,2.35937e+06
#385936,189434885,3872896
#385936,190229691,3872896
#385936,189221665,3872896
#385936,189737937,3872896
#385936,189379393,3872896
385936,1.89601e+08,3872896,712518
#405232,201516939,4091008
#405232,201602780,4091008
#405232,201596086,4091008
#405232,202070317,4091008
#405232,202551384,4091008
405232,2.01868e+08,4091008,787638
#425493,211567034,4321408
#425493,213398338,4321408
#425493,212345256,4321408
#425493,216373526,4321408
#425493,212183297,4321408
425493,2.13173e+08,4321408,3.41033e+06
#446767,217462118,4441472
#446767,218030617,4441472
#446767,220838679,4441472
#446767,217626567,4441472
#446767,217660147,4441472
446767,2.18324e+08,4441472,2.54238e+06
#469105,232301135,4691712
#469105,233161739,4691712
#469105,232836091,4691712
#469105,232933426,4691712
#469105,233215820,4691712
469105,2.3289e+08,4691712,652107
#492560,251217404,4955904
#492560,250617754,4955904
#492560,250343216,4955904
#492560,250590046,4955904
#492560,249766056,4955904
492560,2.50507e+08,4955904,937938
#517188,264081266,5235072
#517188,265037806,5235072
#517188,264728761,5235072
#517188,265480157,5235072
#517188,265451902,5235072
517188,2.64956e+08,5235072,1.03698e+06
#543047,274793470,5380480
#543047,275756400,5380480
#543047,274734555,5380480
#543047,277035825,5380480
#543047,314103272,5380480
543047,2.83285e+08,5380480,3.08638e+07
#570199,354019862,5683584
#570199,294360439,5683584
#570199,294532871,5683584
#570199,292309487,5683584
#570199,298117361,5683584
570199,3.06668e+08,5683584,4.74992e+07
#598708,307328960,6003712
#598708,308500139,6003712
#598708,307609964,6003712
#598708,306609610,6003712
#598708,307163443,6003712
598708,3.07442e+08,6003712,1.24294e+06
#628643,331755489,6341888
#628643,355312759,6341888
#628643,330763618,6341888
#628643,328219841,6341888
#628643,327433492,6341888
628643,3.34697e+08,6341888,2.08585e+07
#660075,342440578,6699008
#660075,345201182,6699008
#660075,346684993,6699008
#660075,344535968,6699008
#660075,344060547,6699008
660075,3.44585e+08,6699008,2.78074e+06
#693078,355818281,6885120
#693078,356534407,6885120
#693078,356548656,6885120
#693078,356875328,6885120
#693078,360188545,6885120
693078,3.57193e+08,6885120,3.07415e+06
#727731,378658451,7272960
#727731,380130928,7272960
#727731,380423273,7272960
#727731,382904041,7272960
#727731,381164103,7272960
727731,3.80656e+08,7272960,2.77588e+06
#764117,403993557,7682560
#764117,402476309,7682560
#764117,403497001,7682560
#764117,402172551,7682560
#764117,400982204,7682560
764117,4.02624e+08,7682560,2.10883e+06
#802322,422463725,8115200
#802322,424615958,8115200
#802322,424715361,8115200
#802322,423090757,8115200
#802322,423249165,8115200
802322,4.23627e+08,8115200,1.77676e+06
#842438,437267671,8340608
#842438,448242751,8340608
#842438,437758426,8340608
#842438,437658951,8340608
#842438,437864999,8340608
842438,4.39759e+08,8340608,8.49379e+06
#884559,462377350,8810368
#884559,508522720,8810368
#884559,480085272,8810368
#884559,469845348,8810368
#884559,464602565,8810368
884559,4.77087e+08,8810368,3.37268e+07
#928786,492679065,9306624
#928786,498122615,9306624
#928786,496372742,9306624
#928786,492232437,9306624
#928786,492366525,9306624
928786,4.94355e+08,9306624,4.8608e+06
#975225,520874670,9830912
#975225,520382452,9830912
#975225,548819370,9830912
#975225,526256638,9830912
#975225,520765810,9830912
975225,5.2742e+08,9830912,2.18345e+07
#1023986,555600460,10384640
#1023986,555113753,10384640
#1023986,555673847,10384640
#1023986,561827232,10384640
#1023986,653209587,10384640
1023986,5.76285e+08,10384640,7.70834e+07
#1075185,679417309,10673152
#1075185,601043269,10673152
#1075185,581548424,10673152
#1075185,596944531,10673152
#1075185,585750261,10673152
1075185,6.08941e+08,10673152,7.18964e+07
#1128944,611169267,11274368
#1128944,610393768,11274368
#1128944,611505701,11274368
#1128944,656425690,11274368
#1128944,617580036,11274368
1128944,6.21415e+08,11274368,3.53847e+07
#1185391,645288115,11909504
#1185391,645763956,11909504
#1185391,647031486,11909504
#1185391,645446480,11909504
#1185391,648597086,11909504
1185391,6.46425e+08,11909504,2.49364e+06
#1244660,724054542,12580224
#1244660,690202008,12580224
#1244660,686884739,12580224
#1244660,681943705,12580224
#1244660,680770397,12580224
1244660,6.92771e+08,12580224,3.20144e+07
#1306893,703328413,12929664
#1306893,703695186,12929664
#1306893,704358599,12929664
#1306893,700693957,12929664
#1306893,702138887,12929664
1306893,7.02843e+08,12929664,2.58813e+06
#1372237,742365596,13657984
#1372237,761374743,13657984
#1372237,785567823,13657984
#1372237,795253258,13657984
#1372237,751954813,13657984
1372237,7.67303e+08,13657984,4.0074e+07
#1440848,793499010,14427264
#1440848,797410111,14427264
#1440848,810067426,14427264
#1440848,793732679,14427264
#1440848,791790221,14427264
1440848,7.973e+08,14427264,1.32831e+07
#1512890,857802948,15239936
#1512890,853962772,15239936
#1512890,839489205,15239936
#1512890,834067615,15239936
#1512890,836852793,15239936
1512890,8.44435e+08,15239936,1.91607e+07
#1588534,899382094,16098304
#1588534,893975501,16098304
#1588534,926551038,16098304
#1588534,1011399186,16098304
#1588534,903902850,16098304
1588534,9.27042e+08,16098304,8.7225e+07
#1667960,927372667,16545536
#1667960,927398227,16545536
#1667960,924533656,16545536
#1667960,929591446,16545536
#1667960,954239634,16545536
1667960,9.32627e+08,16545536,2.18499e+07
#1751358,975633383,17477504
#1751358,978944351,17477504
#1751358,976238989,17477504
#1751358,976612536,17477504
#1751358,980315056,17477504
1751358,9.77549e+08,17477504,3.56211e+06
#1838925,1036212656,18461952
#1838925,1037949771,18461952
#1838925,1038207134,18461952
#1838925,1037856814,18461952
#1838925,1034714789,18461952
1838925,1.03699e+09,18461952,2.67354e+06
#1930871,1094935165,19501824
#1930871,1099650867,19501824
#1930871,1109604377,19501824
#1930871,1105703062,19501824
#1930871,1140306846,19501824
1930871,1.11004e+09,19501824,3.18894e+07
#2027414,1146099866,20043520
#2027414,1158761246,20043520
#2027414,1171818060,20043520
#2027414,1264235650,20043520
#2027414,1150222637,20043520
2027414,1.17823e+09,20043520,8.77901e+07
#2128784,1205906546,21172608
#2128784,1216990224,21172608
#2128784,1215651369,21172608
#2128784,1207924609,21172608
#2128784,1205568113,21172608
2128784,1.21041e+09,21172608,9.82541e+06
#2235223,1313093339,22365184
#2235223,1295116178,22365184
#2235223,1316359154,22365184
#2235223,1289801506,22365184
#2235223,1347551968,22365184
2235223,1.31238e+09,22365184,4.06078e+07
#2346984,1390422082,23624960
#2346984,1366477792,23624960
#2346984,1358896651,23624960
#2346984,1355799960,23624960
#2346984,1359292436,23624960
2346984,1.36618e+09,23624960,2.52349e+07
#2464333,1429378250,24955648
#2464333,1446196978,24955648
#2464333,1554674760,24955648
#2464333,1454234804,24955648
#2464333,1443415628,24955648
2464333,1.46558e+09,24955648,9.05279e+07
#2587549,1529490494,25648896
#2587549,1497044738,25648896
#2587549,1533784380,25648896
#2587549,1499236149,25648896
#2587549,1493196484,25648896
2587549,1.51055e+09,25648896,3.47577e+07
#2716926,1584618847,27093632
#2716926,1587309779,27093632
#2716926,1587298569,27093632
#2716926,1585897625,27093632
#2716926,1629038671,27093632
2716926,1.59483e+09,27093632,3.42644e+07
#2852772,1674113196,28619776
#2852772,1668634550,28619776
#2852772,1663829297,28619776
#2852772,1705651517,28619776
#2852772,1822005655,28619776
2852772,1.70685e+09,28619776,1.18811e+08
#2995410,1774530822,30231808
#2995410,1776508513,30231808
#2995410,1777407769,30231808
#2995410,1774336846,30231808
#2995410,1772335358,30231808
2995410,1.77502e+09,30231808,3.55869e+06
#3145180,1884000439,31934720
#3145180,1881628886,31934720
#3145180,1881614584,31934720
#3145180,1878441867,31934720
#3145180,1939248695,31934720
3145180,1.89299e+09,31934720,4.63966e+07
#3302439,2058280657,32821760
#3302439,2050289293,32821760
#3302439,2148894104,32821760
#3302439,2054258475,32821760
#3302439,2039981283,32821760
3302439,2.07034e+09,32821760,7.94907e+07
#3467560,2164093008,34670592
#3467560,2164993306,34670592
#3467560,2160902452,34670592
#3467560,2157657927,34670592
#3467560,2207738419,34670592
3467560,2.17108e+09,34670592,3.70237e+07
#3640938,2251260403,36623488
#3640938,2250261216,36623488
#3640938,2246782010,36623488
#3640938,2251781140,36623488
#3640938,2365843051,36623488
3640938,2.27319e+09,36623488,9.2723e+07
#3822984,2389161113,38686464
#3822984,2395066531,38686464
#3822984,2392114227,38686464
#3822984,2386194620,38686464
#3822984,2381278856,38686464
3822984,2.38876e+09,38686464,9.53867e+06
#4014133,2495919614,39761152
#4014133,2477416273,39761152
#4014133,2549314979,39761152
#4014133,2481755266,39761152
#4014133,2562558162,39761152
4014133,2.51339e+09,39761152,7.10391e+07
#4214839,2649395467,42000768
#4214839,2637654470,42000768
#4214839,2672486105,42000768
#4214839,2633802838,42000768
#4214839,2625794202,42000768
4214839,2.64383e+09,42000768,3.24483e+07
#4425580,2818746407,44366592
#4425580,2775652052,44366592
#4425580,2838757281,44366592
#4425580,2783484492,44366592
#4425580,2879611011,44366592
4425580,2.81925e+09,44366592,7.59168e+07
#4646859,2934338903,46865664
#4646859,2952053621,46865664
#4646859,2971296122,46865664
#4646859,2945180182,46865664
#4646859,2933738249,46865664
4646859,2.94732e+09,46865664,2.76378e+07
#4879201,3097664480,49505536
#4879201,3134718682,49505536
#4879201,3118984793,49505536
#4879201,2985833007,49505536
#4879201,2980644887,49505536
4879201,3.06357e+09,49505536,1.33312e+08
#5123161,3080000015,50880640
#5123161,3196918241,50880640
#5123161,3090574429,50880640
#5123161,3086133029,50880640
#5123161,3086519394,50880640
5123161,3.10803e+09,50880640,8.91456e+07
#5379319,3265171829,53746560
#5379319,3276640418,53746560
#5379319,3318680756,53746560
#5379319,3325818991,53746560
#5379319,3398447858,53746560
5379319,3.31695e+09,53746560,9.39336e+07
#5648284,3482720936,56774016
#5648284,3479849536,56774016
#5648284,3483268864,56774016
#5648284,3460651744,56774016
#5648284,3460399585,56774016
5648284,3.47338e+09,56774016,2.11168e+07
#5930698,3726569549,59971968
#5930698,3722808278,59971968
#5930698,3686968474,59971968
#5930698,3800574358,59971968
#5930698,3704442890,59971968
5930698,3.72827e+09,59971968,7.7636e+07
#6227232,3806477549,61637888
#6227232,3803443979,61637888
#6227232,3795909609,61637888
#6227232,3833454417,61637888
#6227232,3863655779,61637888
6227232,3.82059e+09,61637888,4.99794e+07
#6538593,4134491309,65109760
#6538593,4041922215,65109760
#6538593,4032944041,65109760
#6538593,4025633603,65109760
#6538593,4022756334,65109760
6538593,4.05155e+09,65109760,8.39946e+07
#6865522,4272183730,68777216
#6865522,4405802833,68777216
#6865522,4288427616,68777216
#6865522,4271111255,68777216
#6865522,4255128930,68777216
6865522,4.29853e+09,68777216,1.09322e+08
#7208798,4495660248,72651264
#7208798,4516801556,72651264
#7208798,4663257453,72651264
#7208798,4528173284,72651264
#7208798,4519781936,72651264
7208798,4.54473e+09,72651264,1.20443e+08
#7569237,4841649147,76743424
#7569237,4869843137,76743424
#7569237,4895206005,76743424
#7569237,4791503886,76743424
#7569237,4781382876,76743424
7569237,4.83592e+09,76743424,8.78431e+07
#7947698,4939990711,78875136
#7947698,4941774163,78875136
#7947698,5052588072,78875136
#7947698,4971659647,78875136
#7947698,5002392745,78875136
7947698,4.98168e+09,78875136,8.43225e+07
#8345082,5230454319,83317888
#8345082,5215051952,83317888
#8345082,5412768471,83317888
#8345082,5288207914,83317888
#8345082,5248799281,83317888
8345082,5.27906e+09,83317888,1.42371e+08
#8762336,5541443918,88010880
#8762336,5523226752,88010880
#8762336,5640997597,88010880
#8762336,5611857137,88010880
#8762336,5566204548,88010880
8762336,5.57675e+09,88010880,8.75567e+07
#9200452,5860576693,92968320
#9200452,5960249504,92968320
#9200452,5868615808,92968320
#9200452,5871982334,92968320
#9200452,5918613146,92968320
9200452,5.89601e+09,92968320,7.60048e+07
#9660474,6198899421,95550720
#9660474,6194975431,95550720
#9660474,6071358288,95550720
#9660474,6045578983,95550720
#9660474,6079890002,95550720
9660474,6.11814e+09,95550720,1.30667e+08
