#1,627,256
#1,231,256
#1,81,256
#1,80,256
#1,1647,256
1,533.2,256,1183.4
#2,310,256
#2,150,256
#2,266,256
#2,147,256
#2,119,256
2,198.4,256,150.501
#3,259,256
#3,256,256
#3,234,256
#3,141,256
#3,133,256
3,204.6,256,111.847
#4,290,256
#4,208,256
#4,146,256
#4,148,256
#4,165,256
4,191.4,256,108.219
#5,208,256
#5,183,256
#5,163,256
#5,167,256
#5,164,256
5,177,256,34.1994
#6,1782,256
#6,245,256
#6,199,256
#6,190,256
#6,183,256
6,519.8,256,1262.94
#7,244,256
#7,244,256
#7,196,256
#7,211,256
#7,198,256
7,218.6,256,42.7383
#8,311,256
#8,1602,256
#8,252,256
#8,215,256
#8,223,256
8,520.6,256,1083.5
#9,315,256
#9,364,256
#9,243,256
#9,246,256
#9,263,256
9,286.2,256,93.3929
#10,310,256
#10,297,256
#10,317,256
#10,303,256
#10,295,256
10,304.4,256,16.3756
#11,366,256
#11,317,256
#11,318,256
#11,286,256
#11,307,256
11,318.8,256,52.5113
#12,397,256
#12,390,256
#12,1574,256
#12,355,256
#12,332,256
12,609.6,256,965.556
#13,1102,384
#13,871,384
#13,694,384
#13,2170,384
#13,638,384
13,1095,384,1122.68
#14,972,384
#14,873,384
#14,723,384
#14,2065,384
#14,675,384
14,1061.6,384,1025.48
#15,936,384
#15,714,384
#15,651,384
#15,790,384
#15,697,384
15,757.6,384,199.626
#16,2315,384
#16,882,384
#16,681,384
#16,653,384
#16,646,384
16,1035.4,384,1291.32
#17,951,384
#17,841,384
#17,687,384
#17,2047,384
#17,731,384
17,1051.4,384,1012.33
#18,947,384
#18,871,384
#18,768,384
#18,682,384
#18,673,384
18,788.2,384,213.599
#19,940,384
#19,2253,384
#19,819,384
#19,790,384
#19,777,384
19,1115.8,384,1143.03
#20,915,384
#20,819,384
#20,755,384
#20,754,384
#20,3857,384
20,1420,384,2439.83
#22,1199,384
#22,1278,384
#22,1004,384
#22,898,384
#22,821,384
22,1040,384,347.961
#24,1135,384
#24,1048,384
#24,977,384
#24,994,384
#24,877,384
24,1006.2,384,169.778
#26,2008,640
#26,1731,640
#26,1572,640
#26,1549,640
#26,1631,640
26,1698.2,640,334.371
#28,2120,640
#28,1837,640
#28,1721,640
#28,1798,640
#28,1673,640
28,1829.8,640,312.029
#30,2078,640
#30,2076,640
#30,2031,640
#30,1665,640
#30,1500,640
30,1870,640,482.117
#33,2261,640
#33,1920,640
#33,1766,640
#33,1687,640
#33,1603,640
33,1847.4,640,463.397
#36,2141,640
#36,1858,640
#36,1734,640
#36,1582,640
#36,1614,640
36,1785.8,640,405.081
#39,6036,896
#39,4325,896
#39,3734,896
#39,3368,896
#39,3045,896
39,4101.6,896,2113.1
#42,4000,896
#42,3574,896
#42,3381,896
#42,3028,896
#42,2694,896
42,3335.4,896,897.37
#46,3858,896
#46,3493,896
#46,3176,896
#46,3006,896
#46,2945,896
46,3295.6,896,679.031
#50,5497,1152
#50,5570,1152
#50,4967,1152
#50,4635,1152
#50,4416,1152
50,5017,1152,914.695
#55,6025,1152
#55,5392,1152
#55,5024,1152
#55,4922,1152
#55,4736,1152
55,5219.8,1152,911.739
#60,6087,1152
#60,5528,1152
#60,4893,1152
#60,4732,1152
#60,4546,1152
60,5157.2,1152,1140.59
#66,8248,1280
#66,7551,1280
#66,7070,1280
#66,6827,1280
#66,6689,1280
66,7277,1280,1134.55
#72,7896,1280
#72,7527,1280
#72,6919,1280
#72,6557,1280
#72,6348,1280
72,7049.4,1280,1164.91
#79,10481,1536
#79,9845,1536
#79,9426,1536
#79,8756,1536
#79,8692,1536
79,9440,1536,1349.15
#86,11068,1536
#86,10392,1536
#86,9884,1536
#86,9443,1536
#86,9049,1536
86,9967.2,1536,1419.02
#94,10620,1536
#94,10269,1536
#94,9759,1536
#94,9086,1536
#94,9056,1536
94,9758,1536,1248.54
#103,14451,1792
#103,14279,1792
#103,13158,1792
#103,12820,1792
#103,12457,1792
103,13433,1792,1588.96
#113,16365,1792
#113,15594,1792
#113,14680,1792
#113,14229,1792
#113,14193,1792
113,15012.2,1792,1688.41
#124,19377,2048
#124,18129,2048
#124,17129,2048
#124,16632,2048
#124,16314,2048
124,17516.2,2048,2229.82
#136,18510,2048
#136,18067,2048
#136,17207,2048
#136,16630,2048
#136,16197,2048
136,17322.2,2048,1726.06
#149,24634,2432
#149,23473,2432
#149,22889,2432
#149,21685,2432
#149,20899,2432
149,22716,2432,2630
#163,23791,2432
#163,22789,2432
#163,22351,2432
#163,21620,2432
#163,21208,2432
163,22351.8,2432,1812.46
#179,24355,2432
#179,23122,2432
#179,22219,2432
#179,22033,2432
#179,21427,2432
179,22631.2,2432,2037.69
#196,29968,2816
#196,29192,2816
#196,28051,2816
#196,27844,2816
#196,27201,2816
196,28451.2,2816,1988.23
#215,30986,2816
#215,30371,2816
#215,29003,2816
#215,28470,2816
#215,27652,2816
215,29296.4,2816,2446.64
#236,41225,3328
#236,39991,3328
#236,38543,3328
#236,37702,3328
#236,37439,3328
236,38980,3328,2865.11
#259,38959,3328
#259,37968,3328
#259,36867,3328
#259,36562,3328
#259,36206,3328
259,37312.4,3328,2025.18
#284,46636,3840
#284,45567,3840
#284,43795,3840
#284,43153,3840
#284,43905,3840
284,44611.2,3840,2577.54
#312,47466,3840
#312,46336,3840
#312,47047,3840
#312,44985,3840
#312,44886,3840
312,46144,3840,2102.53
#343,57653,4480
#343,56944,4480
#343,55997,4480
#343,54736,4480
#343,54954,4480
343,56056.8,4480,2244.86
#377,64977,4480
#377,60750,4480
#377,57739,4480
#377,56118,4480
#377,63264,4480
377,60569.6,4480,6605.85
#414,72619,5248
#414,71426,5248
#414,70643,5248
#414,70394,5248
#414,70679,5248
414,71152.2,5248,1621
#455,86856,6144
#455,85059,6144
#455,83644,6144
#455,83645,6144
#455,83845,6144
455,84609.8,6144,2481.25
#500,85487,6144
#500,84880,6144
#500,82789,6144
#500,83857,6144
#500,82102,6144
500,83823,6144,2516.87
#550,105325,7168
#550,105151,7168
#550,103400,7168
#550,103696,7168
#550,102491,7168
550,104013,7168,2155.76
#605,105026,7168
#605,112613,7168
#605,122253,7168
#605,134685,7168
#605,132981,7168
605,121512,7168,22918.9
#665,139665,8320
#665,136278,8320
#665,152099,8320
#665,132471,8320
#665,152626,8320
665,142628,8320,16539.1
#731,130037,8320
#731,129473,8320
#731,127315,8320
#731,127207,8320
#731,129709,8320
731,128748,8320,2455.82
#804,154432,9728
#804,151511,9728
#804,147920,9728
#804,146960,9728
#804,147067,9728
804,149578,9728,5879.17
#884,188479,11392
#884,191297,11392
#884,165247,11392
#884,168172,11392
#884,170098,11392
884,176659,11392,21896
#972,180964,11392
#972,195229,11392
#972,173181,11392
#972,172447,11392
#972,172122,11392
972,178789,11392,17689
#1069,197467,13312
#1069,199684,13312
#1069,199319,13312
#1069,193632,13312
#1069,203947,13312
1069,198810,13312,6694.9
#1175,193928,13312
#1175,192432,13312
#1175,190879,13312
#1175,190206,13312
#1175,190423,13312
1175,191574,13312,2822.3
#1292,235964,15488
#1292,236588,15488
#1292,233464,15488
#1292,235596,15488
#1292,247399,15488
1292,237802,15488,9824.02
#1421,226573,15488
#1421,226069,15488
#1421,225158,15488
#1421,237515,15488
#1421,217677,15488
1421,226598,15488,12684.5
#1563,258501,18048
#1563,264467,18048
#1563,272191,18048
#1563,248368,18048
#1563,250787,18048
1563,258863,18048,17539.4
#1719,303145,20992
#1719,277573,20992
#1719,276108,20992
#1719,275621,20992
#1719,275450,20992
1719,281579,20992,21617.3
#1890,304284,20992
#1890,303048,20992
#1890,307285,20992
#1890,287086,20992
#1890,296127,20992
1890,299566,20992,14465
#2079,361586,24448
#2079,325022,24448
#2079,321935,24448
#2079,321245,24448
#2079,321383,24448
2079,330234,24448,31472.3
#2286,330831,24448
#2286,324799,24448
#2286,322572,24448
#2286,323338,24448
#2286,328974,24448
2286,326103,24448,6475.2
#2514,389672,28544
#2514,380081,28544
#2514,380702,28544
#2514,377894,28544
#2514,381740,28544
2514,382018,28544,8057.4
#2765,440209,33280
#2765,436611,33280
#2765,437574,33280
#2765,437662,33280
#2765,441546,33280
2765,438720,33280,3696.91
#3041,454362,33280
#3041,453417,33280
#3041,453776,33280
#3041,460805,33280
#3041,453626,33280
3041,455197,33280,5642.88
#3345,542845,38784
#3345,538220,38784
#3345,544885,38784
#3345,539094,38784
#3345,539005,38784
3345,540810,38784,5189.04
#3679,624644,45184
#3679,623065,45184
#3679,623180,45184
#3679,626364,45184
#3679,620765,45184
3679,623604,45184,3712.62
#4046,630456,45184
#4046,655657,45184
#4046,620530,45184
#4046,616115,45184
#4046,625695,45184
4046,629691,45184,27698.6
#4450,725812,52736
#4450,723448,52736
#4450,723843,52736
#4450,724130,52736
#4450,730172,52736
4450,725481,52736,4960.35
#4895,740480,52736
#4895,738239,52736
#4895,736904,52736
#4895,737055,52736
#4895,740218,52736
4895,738579,52736,3038.94
#5384,860273,61568
#5384,851690,61568
#5384,853531,61568
#5384,851373,61568
#5384,859386,61568
5384,855251,61568,7641.82
#5922,994816,71808
#5922,990334,71808
#5922,989354,71808
#5922,1012496,71808
#5922,1004495,71808
5922,998299,71808,17788.3
#6514,1001378,71808
#6514,1006597,71808
#6514,1011793,71808
#6514,998712,71808
#6514,995162,71808
6514,1.00273e+06,71808,11741.8
#7165,1181720,83712
#7165,1171361,83712
#7165,1172971,83712
#7165,1181932,83712
#7165,1141439,83712
7165,1.16988e+06,83712,29746.6
#7881,1204290,83712
#7881,1215255,83712
#7881,1181706,83712
#7881,1176691,83712
#7881,1187642,83712
7881,1.19312e+06,83712,28912.7
#8669,1366263,97664
#8669,1377363,97664
#8669,1390744,97664
#8669,1361566,97664
#8669,1347456,97664
8669,1.36868e+06,97664,29245.5
#9535,1658046,113920
#9535,1593699,113920
#9535,1597380,113920
#9535,1612967,113920
#9535,1564030,113920
9535,1.60522e+06,113920,61588.4
#10488,1623672,113920
#10488,1594072,113920
#10488,1673022,113920
#10488,1580191,113920
#10488,1579793,113920
10488,1.61015e+06,113920,70502.9
#11536,1901121,132864
#11536,1924682,132864
#11536,1953378,132864
#11536,1917506,132864
#11536,1918846,132864
11536,1.92311e+06,132864,34079
#12689,2208347,155008
#12689,2262886,155008
#12689,2159545,155008
#12689,2168185,155008
#12689,2108948,155008
12689,2.18158e+06,155008,103024
#13957,2345539,155008
#13957,2275604,155008
#13957,2275967,155008
#13957,2273784,155008
#13957,2220541,155008
13957,2.27829e+06,155008,79449.6
#15352,2557804,180864
#15352,2499450,180864
#15352,2659460,180864
#15352,2584437,180864
#15352,2581502,180864
15352,2.57653e+06,180864,102982
#16887,2695575,180864
#16887,2583188,180864
#16887,2639897,180864
#16887,2595609,180864
#16887,2607366,180864
16887,2.62433e+06,180864,80615.2
#18575,3052778,210944
#18575,3078694,210944
#18575,3135879,210944
#18575,3086561,210944
#18575,3042771,210944
18575,3.07934e+06,210944,65066.4
#20432,3447005,246144
#20432,3474200,246144
#20432,3467618,246144
#20432,3436446,246144
#20432,3414703,246144
20432,3.44799e+06,246144,43030
#22475,3804743,246144
#22475,3610323,246144
#22475,3645574,246144
#22475,3625027,246144
#22475,3663868,246144
22475,3.66991e+06,246144,139639
#24722,4059543,287104
#24722,4122504,287104
#24722,4079316,287104
#24722,4078108,287104
#24722,4077821,287104
24722,4.08346e+06,287104,41704.4
#27194,4253904,287104
#27194,4278897,287104
#27194,4271996,287104
#27194,4353784,287104
#27194,4466602,287104
27194,4.32504e+06,287104,157148
#29913,4888513,334976
#29913,4844225,334976
#29913,4866398,334976
#29913,4797848,334976
#29913,4800695,334976
29913,4.83954e+06,334976,71491.6
#32904,5665748,390784
#32904,5502831,390784
#32904,5477348,390784
#32904,5553537,390784
#32904,5802618,390784
32904,5.60042e+06,390784,240034
#36194,5812286,390784
#36194,5662832,390784
#36194,5698045,390784
#36194,5607753,390784
#36194,5653919,390784
36194,5.68697e+06,390784,137919
#39813,6651331,455936
#39813,6553998,455936
#39813,6456517,455936
#39813,6504750,455936
#39813,6492285,455936
39813,6.53178e+06,455936,134881
#43794,7726171,531968
#43794,7747805,531968
#43794,7666262,531968
#43794,7694699,531968
#43794,7808721,531968
43794,7.72873e+06,531968,97280.3
#48173,7845959,531968
#48173,7766931,531968
#48173,7824691,531968
#48173,7827663,531968
#48173,7856415,531968
48173,7.82433e+06,531968,61988
#52990,8932827,620672
#52990,8908766,620672
#52990,9315563,620672
#52990,9009463,620672
#52990,8846253,620672
52990,9.00257e+06,620672,329982
#58289,9110848,620672
#58289,9176270,620672
#58289,9035394,620672
#58289,9178681,620672
#58289,8990007,620672
58289,9.09824e+06,620672,150685
#64117,10465661,724096
#64117,10394061,724096
#64117,10332715,724096
#64117,10509893,724096
#64117,10429469,724096
64117,1.04264e+07,724096,121143
#70528,12390766,844800
#70528,11978104,844800
#70528,12001146,844800
#70528,11934181,844800
#70528,11955443,844800
70528,1.20519e+07,844800,341776
#77580,12464394,844800
#77580,12182252,844800
#77580,12234161,844800
#77580,12204836,844800
#77580,12139817,844800
77580,1.22451e+07,844800,227798
#85338,14141767,985600
#85338,14055571,985600
#85338,14087237,985600
#85338,14189485,985600
#85338,14314010,985600
85338,1.41576e+07,985600,181311
#93871,14871677,985600
#93871,14721864,985600
#93871,14484650,985600
#93871,14554045,985600
#93871,14496335,985600
93871,1.46257e+07,985600,298687
#103258,16674977,1149824
#103258,16653888,1149824
#103258,16779465,1149824
#103258,16809119,1149824
#103258,16654373,1149824
103258,1.67144e+07,1149824,132738
#113583,19853537,1341440
#113583,19452399,1341440
#113583,19677505,1341440
#113583,19787442,1341440
#113583,19952546,1341440
113583,1.97447e+07,1341440,342727
#124941,19827488,1341440
#124941,19742875,1341440
#124941,19491247,1341440
#124941,19424746,1341440
#124941,19496771,1341440
124941,1.95966e+07,1341440,316613
#137435,22888826,1565056
#137435,22734956,1565056
#137435,22674186,1565056
#137435,22597930,1565056
#137435,22919100,1565056
137435,2.2763e+07,1565056,246774
#151178,26635556,1825920
#151178,26019624,1825920
#151178,25932189,1825920
#151178,25905262,1825920
#151178,25924621,1825920
151178,2.60835e+07,1825920,557675
#166295,28126732,1825920
#166295,27585583,1825920
#166295,27406363,1825920
#166295,27585616,1825920
#166295,27595379,1825920
166295,2.76599e+07,1825920,487785
#182924,31022765,2130176
#182924,30696393,2130176
#182924,30818575,2130176
#182924,30919694,2130176
#182924,30931242,2130176
182924,3.08777e+07,2130176,222786
#201216,31800651,2130176
#201216,31669509,2130176
#201216,31709513,2130176
#201216,31560309,2130176
#201216,31368135,2130176
201216,3.16216e+07,2130176,296762
#221337,38853577,2485248
#221337,37634263,2485248
#221337,38074967,2485248
#221337,37720152,2485248
#221337,37199377,2485248
221337,3.78965e+07,2485248,1.10768e+06
#243470,41757932,2899456
#243470,41724596,2899456
#243470,41565204,2899456
#243470,41876463,2899456
#243470,41883959,2899456
243470,4.17616e+07,2899456,233443
#267817,43680254,2899456
#267817,43001809,2899456
#267817,43854227,2899456
#267817,42801739,2899456
#267817,43060633,2899456
267817,4.32797e+07,2899456,821796
#294598,50551945,3382656
#294598,49680589,3382656
#294598,49621964,3382656
#294598,50839154,3382656
#294598,49800775,3382656
294598,5.00989e+07,3382656,997820
#324057,58585858,3946368
#324057,58000491,3946368
#324057,56543853,3946368
#324057,57064067,3946368
#324057,56654250,3946368
324057,5.73697e+07,3946368,1.59104e+06
#356462,59298479,3946368
#356462,58041399,3946368
#356462,58446910,3946368
#356462,58130851,3946368
#356462,58771644,3946368
356462,5.85379e+07,3946368,918084
#392108,67169031,4604032
#392108,67685948,4604032
#392108,67507967,4604032
#392108,68362162,4604032
#392108,68190338,4604032
392108,6.77831e+07,4604032,877894
#431318,70511819,4604032
#431318,70051353,4604032
#431318,68698721,4604032
#431318,72414389,4604032
#431318,71726538,4604032
431318,7.06806e+07,4604032,2.60035e+06
#474449,80659067,5371392
#474449,80806904,5371392
#474449,81067746,5371392
#474449,80097696,5371392
#474449,80068924,5371392
474449,8.05401e+07,5371392,790684
#521893,94220642,6266624
#521893,94418508,6266624
#521893,94605918,6266624
#521893,93007444,6266624
#521893,92754731,6266624
521893,9.38014e+07,6266624,1.53094e+06
#574082,97442889,6266624
#574082,95215422,6266624
#574082,95625119,6266624
#574082,95662781,6266624
#574082,95867636,6266624
574082,9.59628e+07,6266624,1.53944e+06
#631490,111697947,7311104
#631490,112300935,7311104
#631490,112815015,7311104
#631490,110499558,7311104
#631490,110845686,7311104
631490,1.11632e+08,7311104,1.73253e+06
#694639,114525236,7311104
#694639,117177417,7311104
#694639,115048365,7311104
#694639,147159285,7311104
#694639,120242738,7311104
694639,1.22831e+08,7311104,2.4659e+07
#764102,136614104,8529664
#764102,132927640,8529664
#764102,134361646,8529664
#764102,134971612,8529664
#764102,132145251,8529664
764102,1.34204e+08,8529664,3.13563e+06
#840512,155038967,9951232
#840512,157095730,9951232
#840512,155634914,9951232
#840512,156556250,9951232
#840512,162038009,9951232
840512,1.57273e+08,9951232,4.97391e+06
#924563,167226385,9951232
#924563,166103827,9951232
#924563,161221451,9951232
#924563,159708296,9951232
#924563,162125190,9951232
924563,1.63277e+08,9951232,5.788e+06
#1017019,198750176,11609728
#1017019,202743662,11609728
#1017019,200565256,11609728
#1017019,190844181,11609728
#1017019,198791158,11609728
1017019,1.98339e+08,11609728,8.04503e+06
#1118720,224387903,13544704
#1118720,229643925,13544704
#1118720,228053521,13544704
#1118720,231794799,13544704
#1118720,222704136,13544704
1118720,2.27317e+08,13544704,6.68526e+06
#1230592,286413039,13544704
#1230592,330773302,13544704
#1230592,230802461,13544704
#1230592,273660892,13544704
#1230592,257019662,13544704
1230592,2.75734e+08,13544704,6.64333e+07
#1353651,308521914,15802112
#1353651,301413389,15802112
#1353651,288906505,15802112
#1353651,263298577,15802112
#1353651,286817544,15802112
1353651,2.89792e+08,15802112,3.09503e+07
#1489016,297097089,15802112
#1489016,278889872,15802112
#1489016,319789656,15802112
#1489016,333694879,15802112
#1489016,290942929,15802112
1489016,3.04083e+08,15802112,3.97967e+07
#1637917,378649936,18435840
#1637917,346553910,18435840
#1637917,321210586,18435840
#1637917,334527392,18435840
#1637917,321921288,18435840
1637917,3.40573e+08,18435840,4.23789e+07
#1801708,374220897,21508480
#1801708,375379564,21508480
#1801708,374033227,21508480
#1801708,376980756,21508480
#1801708,375251140,21508480
1801708,3.75173e+08,21508480,2.10187e+06
#1981878,443388498,21508480
#1981878,444453993,21508480
#1981878,527498247,21508480
#1981878,441433190,21508480
#1981878,416004986,21508480
1981878,4.54556e+08,21508480,7.59248e+07
#2180065,511628852,25093248
#2180065,477037991,25093248
#2180065,471632158,25093248
#2180065,478851220,25093248
#2180065,482131103,25093248
2180065,4.84256e+08,25093248,2.82058e+07
#2398071,508488257,25093248
#2398071,553233203,25093248
#2398071,633035308,25093248
#2398071,509761344,25093248
#2398071,575853440,25093248
2398071,5.56074e+08,25093248,9.26568e+07
#2637878,594110926,29275392
#2637878,593951831,29275392
#2637878,648288868,29275392
#2637878,714411294,29275392
#2637878,607024927,29275392
2637878,6.31558e+08,29275392,9.19259e+07
#2901665,682096811,34154624
#2901665,659242602,34154624
#2901665,683728637,34154624
#2901665,781265566,34154624
#2901665,684574620,34154624
2901665,6.98182e+08,34154624,8.51913e+07
#3191831,790338018,34154624
#3191831,732740384,34154624
#3191831,809656208,34154624
#3191831,832379643,34154624
#3191831,712069674,34154624
3191831,7.75437e+08,34154624,9.15374e+07
#3511014,865023954,39847040
#3511014,860007013,39847040
#3511014,856303116,39847040
#3511014,820456368,39847040
#3511014,853884950,39847040
3511014,8.51135e+08,39847040,3.15856e+07
#3862115,974482381,46488192
#3862115,952270328,46488192
#3862115,977552653,46488192
#3862115,1090386658,46488192
#3862115,1001392556,46488192
3862115,9.99217e+08,46488192,9.63401e+07
#4248326,1033377685,46488192
#4248326,1030865005,46488192
#4248326,1025470578,46488192
#4248326,1017345755,46488192
#4248326,1013744395,46488192
4248326,1.02416e+09,46488192,1.51409e+07
#4673158,1150198064,54236160
#4673158,1155921788,54236160
#4673158,1166488976,54236160
#4673158,1172645686,54236160
#4673158,1146356074,54236160
4673158,1.15832e+09,54236160,1.97344e+07
#5140473,1199435950,54236160
#5140473,1208443801,54236160
#5140473,1223086769,54236160
#5140473,1264176835,54236160
#5140473,1457315397,54236160
5140473,1.27049e+09,54236160,1.92019e+08
#5654520,1448364949,63275520
#5654520,1408002233,63275520
#5654520,1564710118,63275520
#5654520,1613422821,63275520
#5654520,1603128781,63275520
5654520,1.52753e+09,63275520,1.67402e+08
#6219972,1767550730,73821440
#6219972,1722395883,73821440
#6219972,1711710176,73821440
#6219972,1763561380,73821440
#6219972,1943326306,73821440
6219972,1.78171e+09,73821440,1.67494e+08
#6841969,2109306967,73821440
#6841969,2500149733,73821440
#6841969,2778309036,73821440
#6841969,2533967481,73821440
#6841969,2139566508,73821440
6841969,2.41226e+09,73821440,-nan
#7526165,2140177766,86125056
#7526165,2344273129,86125056
#7526165,2309764068,86125056
#7526165,1994586807,86125056
#7526165,1982607487,86125056
7526165,2.15428e+09,86125056,-nan
#8278781,2290832063,100479232
#8278781,2290789102,100479232
#8278781,2373949840,100479232
#8278781,2434741843,100479232
#8278781,2529462774,100479232
8278781,2.38396e+09,100479232,-nan
#9106659,2472976760,100479232
#9106659,2439130979,100479232
#9106659,2424806870,100479232
#9106659,2396377219,100479232
#9106659,2423631700,100479232
9106659,2.43138e+09,100479232,-nan
