#1,351,9
#1,114,9
#1,48,9
#1,45,9
#1,47,9
1,121,9,235.847
#2,96,27
#2,103,27
#2,97,27
#2,81,27
#2,86,27
2,92.6,27,15.9298
#3,99,27
#3,118,27
#3,108,27
#3,92,27
#3,95,27
3,102.4,27,18.9568
#4,165,63
#4,144,63
#4,163,63
#4,150,63
#4,149,63
4,154.2,63,16.5602
#5,169,63
#5,155,63
#5,156,63
#5,164,63
#5,161,63
5,161,63,10.3537
#6,176,63
#6,155,63
#6,169,63
#6,159,63
#6,160,63
6,163.8,63,15.2525
#7,197,63
#7,176,63
#7,178,63
#7,187,63
#7,173,63
7,182.2,63,17.4997
#8,286,135
#8,276,135
#8,273,135
#8,258,135
#8,258,135
8,270.2,135,21.7035
#9,269,135
#9,261,135
#9,265,135
#9,262,135
#9,265,135
9,264.4,135,5.6
#10,298,135
#10,274,135
#10,277,135
#10,273,135
#10,286,135
10,281.6,135,18.7872
#11,309,135
#11,303,135
#11,301,135
#11,304,135
#11,292,135
11,301.8,135,11.1283
#12,332,135
#12,322,135
#12,311,135
#12,297,135
#12,293,135
12,311,135,29.4211
#13,313,135
#13,322,135
#13,321,135
#13,307,135
#13,304,135
13,313.4,135,14.4554
#14,339,135
#14,327,135
#14,314,135
#14,315,135
#14,318,135
14,322.6,135,18.7872
#15,542,279
#15,492,279
#15,483,279
#15,484,279
#15,467,279
15,493.6,279,51.0466
#16,458,279
#16,511,279
#16,538,279
#16,518,279
#16,475,279
16,500,279,58.5013
#17,482,279
#17,497,279
#17,491,279
#17,484,279
#17,509,279
17,492.6,279,19.5387
#18,511,279
#18,523,279
#18,523,279
#18,537,279
#18,544,279
18,527.6,279,23.2413
#19,543,279
#19,542,279
#19,514,279
#19,517,279
#19,520,279
19,527.2,279,25.2792
#20,502,279
#20,543,279
#20,576,279
#20,555,279
#20,500,279
20,535.2,279,59.7247
#21,490,279
#21,551,279
#21,526,279
#21,520,279
#21,520,279
21,521.4,279,38.8556
#22,491,279
#22,522,279
#22,516,279
#22,518,279
#22,538,279
22,517,279,30.2523
#23,542,279
#23,570,279
#23,542,279
#23,542,279
#23,532,279
23,545.6,279,25.6
#24,582,279
#24,542,279
#24,530,279
#24,551,279
#24,544,279
24,549.8,279,34.9262
#25,560,279
#25,576,279
#25,600,279
#25,600,279
#25,570,279
25,581.2,279,32.358
#26,606,279
#26,639,279
#26,605,279
#26,574,279
#26,560,279
26,596.8,279,55.1855
#27,567,279
#27,577,279
#27,572,279
#27,574,279
#27,576,279
27,573.2,279,7.08802
#28,593,279
#28,571,279
#28,584,279
#28,610,279
#28,585,279
28,588.6,279,25.6312
#29,802,567
#29,806,567
#29,795,567
#29,816,567
#29,815,567
29,806.8,567,15.8695
#30,830,567
#30,789,567
#30,787,567
#30,780,567
#30,758,567
30,788.8,567,46.7059
#31,839,567
#31,800,567
#31,771,567
#31,771,567
#31,782,567
31,792.6,567,51.0153
#32,779,567
#32,862,567
#32,816,567
#32,781,567
#32,786,567
32,804.8,567,63.1367
#33,857,567
#33,806,567
#33,796,567
#33,801,567
#33,803,567
33,812.6,567,44.8749
#34,898,567
#34,854,567
#34,914,567
#34,876,567
#34,813,567
34,871,567,70.7446
#35,804,567
#35,818,567
#35,773,567
#35,776,567
#35,763,567
35,786.8,567,41.4034
#36,867,567
#36,880,567
#36,846,567
#36,824,567
#36,898,567
36,863,567,51.6914
#37,823,567
#37,891,567
#37,839,567
#37,809,567
#37,805,567
37,833.4,567,62.3487
#38,837,567
#38,826,567
#38,834,567
#38,822,567
#38,877,567
38,839.2,567,39.3019
#39,854,567
#39,860,567
#39,842,567
#39,850,567
#39,829,567
39,847,567,21.4663
#40,884,567
#40,883,567
#40,928,567
#40,884,567
#40,924,567
40,900.6,567,41.5615
#42,919,567
#42,843,567
#42,938,567
#42,950,567
#42,859,567
42,901.8,567,85.8781
#44,986,567
#44,892,567
#44,897,567
#44,974,567
#44,934,567
44,936.6,567,76.9582
#46,973,567
#46,916,567
#46,920,567
#46,913,567
#46,881,567
46,920.6,567,59.2837
#48,1038,567
#48,995,567
#48,1002,567
#48,994,567
#48,969,567
48,999.6,567,44.445
#50,973,567
#50,944,567
#50,934,567
#50,929,567
#50,907,567
50,937.4,567,43.0553
#52,1042,567
#52,1024,567
#52,1033,567
#52,968,567
#52,935,567
52,1000.4,567,83.3172
#54,1084,567
#54,987,567
#54,1021,567
#54,973,567
#54,1013,567
54,1015.6,567,76.6666
#56,1215,567
#56,1059,567
#56,1016,567
#56,1095,567
#56,1004,567
56,1077.8,567,151.628
#58,1545,1143
#58,1419,1143
#58,1382,1143
#58,1366,1143
#58,1364,1143
58,1415.2,1143,135.667
#60,1666,1143
#60,1489,1143
#60,1408,1143
#60,1406,1143
#60,1470,1143
60,1487.8,1143,190.016
#63,1706,1143
#63,1558,1143
#63,1587,1143
#63,1501,1143
#63,1434,1143
63,1557.2,1143,181.916
#66,1560,1143
#66,1528,1143
#66,1468,1143
#66,1446,1143
#66,1483,1143
66,1497,1143,82.7913
#69,1546,1143
#69,1469,1143
#69,1462,1143
#69,1469,1143
#69,1420,1143
69,1473.2,1143,81.441
#72,1628,1143
#72,1647,1143
#72,1566,1143
#72,1567,1143
#72,1515,1143
72,1584.6,1143,94.9829
#75,1634,1143
#75,1578,1143
#75,1543,1143
#75,1515,1143
#75,1487,1143
75,1551.4,1143,102.267
#78,1733,1143
#78,1661,1143
#78,1556,1143
#78,1551,1143
#78,1620,1143
78,1624.2,1143,136.29
#81,1615,1143
#81,1573,1143
#81,1533,1143
#81,1519,1143
#81,1508,1143
81,1549.6,1143,78.8274
#85,1735,1143
#85,1701,1143
#85,1634,1143
#85,1670,1143
#85,1726,1143
85,1693.2,1143,74.4408
#89,1794,1143
#89,1676,1143
#89,1644,1143
#89,1636,1143
#89,1602,1143
89,1670.4,1143,132.264
#93,1858,1143
#93,1749,1143
#93,1732,1143
#93,1697,1143
#93,1679,1143
93,1743,1143,125.201
#97,1974,1143
#97,1825,1143
#97,1701,1143
#97,1637,1143
#97,1636,1143
97,1754.6,1143,259.015
#101,1967,1143
#101,1772,1143
#101,1709,1143
#101,1708,1143
#101,1708,1143
101,1772.8,1143,200.365
#106,2059,1143
#106,1933,1143
#106,1812,1143
#106,1804,1143
#106,1781,1143
106,1877.8,1143,209.813
#111,2104,1143
#111,1921,1143
#111,1820,1143
#111,1813,1143
#111,1782,1143
111,1888,1143,235.338
#116,2675,2295
#116,2640,2295
#116,2527,2295
#116,2501,2295
#116,2447,2295
116,2558,2295,171.916
#121,2909,2295
#121,2709,2295
#121,2597,2295
#121,2574,2295
#121,2498,2295
121,2657.4,2295,285.625
#127,2815,2295
#127,2547,2295
#127,2552,2295
#127,2535,2295
#127,2504,2295
127,2590.6,2295,226.869
#133,3019,2295
#133,2791,2295
#133,2708,2295
#133,2674,2295
#133,2618,2295
133,2762,2295,280.408
#139,3008,2295
#139,2751,2295
#139,2620,2295
#139,2564,2295
#139,2573,2295
139,2703.2,2295,332.793
#145,3096,2295
#145,2840,2295
#145,2819,2295
#145,2764,2295
#145,2760,2295
145,2855.8,2295,248.04
#152,3090,2295
#152,2834,2295
#152,2846,2295
#152,2790,2295
#152,2673,2295
152,2846.6,2295,272.387
#159,3279,2295
#159,3105,2295
#159,2947,2295
#159,2917,2295
#159,2832,2295
159,3016,2295,316.87
#166,3250,2295
#166,3019,2295
#166,2921,2295
#166,2854,2295
#166,2827,2295
166,2974.2,2295,305.966
#174,3526,2295
#174,3215,2295
#174,3064,2295
#174,3089,2295
#174,2997,2295
174,3178.2,2295,375.394
#182,3525,2295
#182,3301,2295
#182,3148,2295
#182,3078,2295
#182,3036,2295
182,3217.6,2295,356.383
#191,3479,2295
#191,3401,2295
#191,3226,2295
#191,3194,2295
#191,3148,2295
191,3289.6,2295,255.37
#200,4015,2295
#200,3289,2295
#200,3148,2295
#200,3113,2295
#200,3116,2295
200,3336.2,2295,690.926
#210,3860,2295
#210,3570,2295
#210,3307,2295
#210,3293,2295
#210,3241,2295
210,3454.2,2295,465.782
#220,4018,2295
#220,3701,2295
#220,3436,2295
#220,3356,2295
#220,3249,2295
220,3552,2295,553.562
#231,5624,4599
#231,5340,4599
#231,5149,4599
#231,5024,4599
#231,4996,4599
231,5226.6,4599,465.645
#242,5435,4599
#242,4938,4599
#242,4839,4599
#242,4791,4599
#242,4766,4599
242,4953.8,4599,495.383
#254,5741,4599
#254,5305,4599
#254,5065,4599
#254,5036,4599
#254,4959,4599
254,5221.2,4599,568.972
#266,6170,4599
#266,5473,4599
#266,5255,4599
#266,5143,4599
#266,5098,4599
266,5427.8,4599,786.202
#279,5739,4599
#279,5304,4599
#279,5244,4599
#279,5150,4599
#279,5106,4599
279,5308.6,4599,452.229
#292,5905,4599
#292,5539,4599
#292,5300,4599
#292,5244,4599
#292,5166,4599
292,5430.8,4599,535.683
#306,6506,4599
#306,6015,4599
#306,5639,4599
#306,5584,4599
#306,5487,4599
306,5846.2,4599,750.752
#321,6482,4599
#321,6045,4599
#321,5805,4599
#321,5664,4599
#321,5456,4599
321,5890.4,4599,704.923
#337,6330,4599
#337,6025,4599
#337,5698,4599
#337,5746,4599
#337,5574,4599
337,5874.6,4599,542.657
#353,6864,4599
#353,6424,4599
#353,6087,4599
#353,5867,4599
#353,5888,4599
353,6226,4599,752.964
#370,6679,4599
#370,6503,4599
#370,6104,4599
#370,6079,4599
#370,6016,4599
370,6276.2,4599,529.098
#388,7294,4599
#388,6405,4599
#388,6179,4599
#388,6054,4599
#388,5971,4599
388,6380.6,4599,959.157
#407,7272,4599
#407,6794,4599
#407,6334,4599
#407,6274,4599
#407,6227,4599
407,6580.2,4599,801.709
#427,7396,4599
#427,7010,4599
#427,6511,4599
#427,6504,4599
#427,6460,4599
427,6776.2,4599,739.308
#448,7391,4599
#448,6886,4599
#448,6547,4599
#448,6484,4599
#448,6352,4599
448,6732,4599,747.329
#470,11895,9207
#470,10735,9207
#470,10077,9207
#470,9970,9207
#470,9996,9207
470,10534.6,9207,1472.17
#493,10832,9207
#493,10335,9207
#493,9878,9207
#493,9740,9207
#493,9566,9207
493,10070.2,9207,916.798
#517,11120,9207
#517,10475,9207
#517,10044,9207
#517,9839,9207
#517,9736,9207
517,10242.8,9207,1013.04
#542,11097,9207
#542,10491,9207
#542,10269,9207
#542,10095,9207
#542,10089,9207
542,10408.2,9207,748.685
#569,11742,9207
#569,10928,9207
#569,10579,9207
#569,10333,9207
#569,10153,9207
569,10747,9207,1122.58
#597,11910,9207
#597,11162,9207
#597,10637,9207
#597,10360,9207
#597,10251,9207
597,10864,9207,1221.22
#626,12078,9207
#626,11570,9207
#626,11007,9207
#626,10801,9207
#626,10672,9207
626,11225.6,9207,1050.62
#657,12324,9207
#657,11862,9207
#657,11474,9207
#657,11243,9207
#657,11119,9207
657,11604.4,9207,879.731
#689,12552,9207
#689,12132,9207
#689,11630,9207
#689,11288,9207
#689,11258,9207
689,11772,9207,1002.64
#723,12855,9207
#723,12308,9207
#723,11649,9207
#723,11492,9207
#723,11418,9207
723,11944.4,9207,1106.5
#759,13177,9207
#759,12652,9207
#759,12121,9207
#759,11957,9207
#759,11872,9207
759,12355.8,9207,984.008
#796,13578,9207
#796,23017,9207
#796,12338,9207
#796,12198,9207
#796,12008,9207
796,14627.8,9207,8461.26
#835,14246,9207
#835,13252,9207
#835,12683,9207
#835,12493,9207
#835,12451,9207
835,13025,9207,1348.13
#876,14739,9207
#876,13735,9207
#876,13349,9207
#876,12901,9207
#876,12820,9207
876,13508.8,9207,1395.41
#919,20051,18423
#919,19264,18423
#919,18713,18423
#919,18442,18423
#919,18323,18423
919,18958.6,18423,1270.52
#964,20890,18423
#964,20017,18423
#964,19327,18423
#964,19053,18423
#964,18704,18423
964,19598.2,18423,1552.94
#1012,21409,18423
#1012,20356,18423
#1012,19566,18423
#1012,19172,18423
#1012,18831,18423
1012,19866.8,18423,1846.9
#1062,22467,18423
#1062,21324,18423
#1062,20574,18423
#1062,20058,18423
#1062,19842,18423
1062,20853,18423,1909.73
#1115,22710,18423
#1115,21456,18423
#1115,20673,18423
#1115,20255,18423
#1115,20005,18423
1115,21019.8,18423,1955.93
#1170,23016,18423
#1170,22028,18423
#1170,21320,18423
#1170,20807,18423
#1170,20640,18423
1170,21562.2,18423,1745.84
#1228,23759,18423
#1228,22436,18423
#1228,21657,18423
#1228,21254,18423
#1228,20903,18423
1228,22001.8,18423,2032.09
#1289,24104,18423
#1289,23262,18423
#1289,22373,18423
#1289,22091,18423
#1289,21866,18423
1289,22739.2,18423,1661.99
#1353,25285,18423
#1353,23923,18423
#1353,23204,18423
#1353,22629,18423
#1353,22121,18423
1353,23432.4,18423,2207.3
#1420,24119,18423
#1420,23202,18423
#1420,22701,18423
#1420,22290,18423
#1420,22045,18423
1420,22871.4,18423,1473.99
#1491,25810,18423
#1491,24563,18423
#1491,23881,18423
#1491,23447,18423
#1491,23243,18423
1491,24188.8,18423,1856.42
#1565,26684,18423
#1565,25505,18423
#1565,24667,18423
#1565,24214,18423
#1565,23898,18423
1565,24993.6,18423,2006.74
#1643,27528,18423
#1643,26619,18423
#1643,25567,18423
#1643,25003,18423
#1643,24593,18423
1643,25862,18423,2151.07
#1725,31976,18423
#1725,30281,18423
#1725,28804,18423
#1725,27832,18423
#1725,27310,18423
1725,29240.6,18423,3401.98
#1811,41881,36855
#1811,40503,36855
#1811,39152,36855
#1811,38392,36855
#1811,37990,36855
1811,39583.6,36855,2866.23
#1901,42108,36855
#1901,41592,36855
#1901,41522,36855
#1901,41202,36855
#1901,41338,36855
1901,41552.4,36855,619.633
#1996,71706,36855
#1996,41185,36855
#1996,39637,36855
#1996,38950,36855
#1996,38301,36855
1996,45955.8,36855,25821.5
#2095,45330,36855
#2095,43463,36855
#2095,41908,36855
#2095,40966,36855
#2095,40039,36855
2095,42341.2,36855,3749.17
#2199,43693,36855
#2199,42433,36855
#2199,41283,36855
#2199,40579,36855
#2199,40034,36855
2199,41604.4,36855,2633.59
#2308,46384,36855
#2308,44491,36855
#2308,43047,36855
#2308,41863,36855
#2308,41246,36855
2308,43406.2,36855,3711.72
#2423,47417,36855
#2423,45235,36855
#2423,44017,36855
#2423,56650,36855
#2423,43159,36855
2423,47295.6,36855,9782.69
#2544,48603,36855
#2544,46868,36855
#2544,45446,36855
#2544,44405,36855
#2544,44012,36855
2544,45866.8,36855,3375.61
#2671,50257,36855
#2671,48408,36855
#2671,46794,36855
#2671,45989,36855
#2671,45135,36855
2671,47316.6,36855,3647.7
#2804,50683,36855
#2804,48818,36855
#2804,61325,36855
#2804,47219,36855
#2804,46696,36855
2804,50948.2,36855,10743.3
#2944,51943,36855
#2944,50435,36855
#2944,49151,36855
#2944,47986,36855
#2944,47689,36855
2944,49440.8,36855,3164.64
#3091,54436,36855
#3091,52564,36855
#3091,51127,36855
#3091,50153,36855
#3091,49384,36855
3091,51532.8,36855,3597.53
#3245,55775,36855
#3245,54794,36855
#3245,51990,36855
#3245,51146,36855
#3245,50966,36855
3245,52934.2,36855,3948.87
#3407,61903,36855
#3407,57294,36855
#3407,55619,36855
#3407,68447,36855
#3407,55001,36855
3407,59652.8,36855,10035
#3577,63678,36855
#3577,62085,36855
#3577,60718,36855
#3577,58393,36855
#3577,57397,36855
3577,60454.2,36855,4623.16
#3755,92279,73719
#3755,89263,73719
#3755,329622,73719
#3755,83594,73719
#3755,82860,73719
3755,135524,73719,194226
#3942,92144,73719
#3942,90075,73719
#3942,106939,73719
#3942,90255,73719
#3942,89125,73719
3942,93707.6,73719,13375.5
#4139,109170,73719
#4139,94294,73719
#4139,90694,73719
#4139,89504,73719
#4139,89303,73719
4139,94593,73719,15011
#4345,98678,73719
#4345,96465,73719
#4345,93423,73719
#4345,91780,73719
#4345,91226,73719
4345,94314.4,73719,5686.62
#4562,115632,73719
#4562,96254,73719
#4562,94433,73719
#4562,92937,73719
#4562,92918,73719
4562,98434.8,73719,17370.7
#4790,105001,73719
#4790,118450,73719
#4790,101848,73719
#4790,100994,73719
#4790,100170,73719
4790,105293,73719,13558.4
#5029,105871,73719
#5029,101644,73719
#5029,99644,73719
#5029,113928,73719
#5029,95240,73719
5029,103265,73719,12669
#5280,106408,73719
#5280,103889,73719
#5280,101820,73719
#5280,100765,73719
#5280,100057,73719
5280,102588,73719,4613.38
#5544,106192,73719
#5544,104208,73719
#5544,102306,73719
#5544,101102,73719
#5544,111850,73719
5544,105132,73719,7554.39
#5821,118166,73719
#5821,116447,73719
#5821,113565,73719
#5821,112122,73719
#5821,111440,73719
5821,114348,73719,5138.68
#6112,115796,73719
#6112,113578,73719
#6112,111390,73719
#6112,110217,73719
#6112,109625,73719
6112,112121,73719,4562.29
#6417,119794,73719
#6417,118504,73719
#6417,115646,73719
#6417,114623,73719
#6417,113667,73719
6417,116447,73719,4658.81
#6737,128139,73719
#6737,126376,73719
#6737,124554,73719
#6737,122638,73719
#6737,121792,73719
6737,124700,73719,4678.92
#7073,130954,73719
#7073,129318,73719
#7073,127213,73719
#7073,125574,73719
#7073,125277,73719
7073,127667,73719,4366.15
#7426,189477,147447
#7426,188233,147447
#7426,185606,147447
#7426,184479,147447
#7426,184213,147447
7426,186402,147447,4188.69
#7797,190808,147447
#7797,204348,147447
#7797,191681,147447
#7797,190557,147447
#7797,189554,147447
7797,193390,147447,11042
#8186,225033,147447
#8186,194383,147447
#8186,192580,147447
#8186,191415,147447
#8186,190732,147447
8186,198829,147447,26321
#8595,199938,147447
#8595,198347,147447
#8595,195956,147447
#8595,194901,147447
#8595,194304,147447
8595,196689,147447,4264.03
#9024,201966,147447
#9024,200389,147447
#9024,205553,147447
#9024,196921,147447
#9024,196748,147447
9024,200315,147447,6597.61
#9475,208090,147447
#9475,206384,147447
#9475,204437,147447
#9475,203175,147447
#9475,202990,147447
9475,205015,147447,3914.09
#9948,215310,147447
#9948,213995,147447
#9948,211959,147447
#9948,210937,147447
#9948,209891,147447
9948,212418,147447,3963.87
#10445,218866,147447
#10445,217271,147447
#10445,215416,147447
#10445,214413,147447
#10445,213615,147447
10445,215916,147447,3830.63
#10967,227688,147447
#10967,226303,147447
#10967,223341,147447
#10967,222456,147447
#10967,221470,147447
10967,224252,147447,4716.59
#11515,231014,147447
#11515,223982,147447
#11515,220115,147447
#11515,218945,147447
#11515,218109,147447
11515,222433,147447,9477.1
#12090,238009,147447
#12090,236133,147447
#12090,249610,147447
#12090,240155,147447
#12090,239096,147447
12090,240601,147447,9393.93
#12694,253099,147447
#12694,255094,147447
#12694,248971,147447
#12694,248053,147447
#12694,247594,147447
12694,250562,147447,5974
#13328,260942,147447
#13328,259069,147447
#13328,256823,147447
#13328,255216,147447
#13328,255031,147447
13328,257416,147447,4564.64
#13994,276356,147447
#13994,284908,147447
#13994,273477,147447
#13994,271875,147447
#13994,271565,147447
13994,275636,147447,9873.92
#14693,386517,294903
#14693,385669,294903
#14693,383651,294903
#14693,382697,294903
#14693,387922,294903
14693,385291,294903,3793.32
#15427,395869,294903
#15427,394835,294903
#15427,393255,294903
#15427,391567,294903
#15427,392356,294903
15427,393576,294903,3158.54
#16198,398207,294903
#16198,394602,294903
#16198,391607,294903
#16198,391836,294903
#16198,391442,294903
16198,393539,294903,5211.56
#17007,404241,294903
#17007,403150,294903
#17007,404011,294903
#17007,400255,294903
#17007,400392,294903
17007,402410,294903,3484.79
#17857,437039,294903
#17857,409097,294903
#17857,426427,294903
#17857,417275,294903
#17857,419446,294903
17857,421857,294903,18783
#18749,430618,294903
#18749,410644,294903
#18749,427908,294903
#18749,419249,294903
#18749,418326,294903
18749,421349,294903,14341
#19686,425109,294903
#19686,423631,294903
#19686,422608,294903
#19686,422148,294903
#19686,422012,294903
19686,423102,294903,2306.54
#20670,439557,294903
#20670,458442,294903
#20670,446768,294903
#20670,450335,294903
#20670,433449,294903
20670,445710,294903,17269.8
#21703,445825,294903
#21703,448651,294903
#21703,443396,294903
#21703,441806,294903
#21703,440976,294903
21703,444131,294903,5599.99
#22788,456102,294903
#22788,455124,294903
#22788,456948,294903
#22788,452836,294903
#22788,457112,294903
22788,455624,294903,3126.47
#23927,475293,294903
#23927,472728,294903
#23927,475832,294903
#23927,472724,294903
#23927,471996,294903
23927,473715,294903,3083.24
#25123,485261,294903
#25123,483442,294903
#25123,483338,294903
#25123,484595,294903
#25123,480838,294903
25123,483495,294903,3022.03
#26379,509082,294903
#26379,506608,294903
#26379,505776,294903
#26379,508155,294903
#26379,505477,294903
26379,507020,294903,2776.79
#27697,531276,294903
#27697,529425,294903
#27697,528030,294903
#27697,530423,294903
#27697,527693,294903
27697,529369,294903,2735.34
#29081,784805,589815
#29081,785827,589815
#29081,782204,589815
#29081,786748,589815
#29081,784456,589815
29081,784808,589815,3060.29
#30535,751157,589815
#30535,753863,589815
#30535,748318,589815
#30535,747913,589815
#30535,750732,589815
30535,750397,589815,4307.71
#32061,764168,589815
#32061,765438,589815
#32061,761226,589815
#32061,794490,589815
#32061,803462,589815
32061,777757,589815,35218.6
#33664,808485,589815
#33664,804151,589815
#33664,806229,589815
#33664,805053,589815
#33664,807973,589815
33664,806378,589815,3313.1
#35347,827344,589815
#35347,832076,589815
#35347,808464,589815
#35347,815433,589815
#35347,804090,589815
35347,817481,589815,21449.7
#37114,854861,589815
#37114,879248,589815
#37114,849596,589815
#37114,856054,589815
#37114,843056,589815
37114,856563,589815,24474.4
#38969,840630,589815
#38969,883663,589815
#38969,875969,589815
#38969,856481,589815
#38969,855686,589815
38969,862486,589815,30857.6
#40917,832411,589815
#40917,850771,589815
#40917,855292,589815
#40917,850116,589815
#40917,851543,589815
40917,848027,589815,16022.4
#42962,900783,589815
#42962,898023,589815
#42962,898807,589815
#42962,899081,589815
#42962,896346,589815
42962,898608,589815,2891.76
#45110,928590,589815
#45110,925062,589815
#45110,924541,589815
#45110,922973,589815
#45110,927042,589815
45110,925642,589815,3931.7
#47365,954051,589815
#47365,951319,589815
#47365,946882,589815
#47365,925873,589815
#47365,923690,589815
47365,940363,589815,25889.6
#49733,976502,589815
#49733,978309,589815
#49733,974570,589815
#49733,975195,589815
#49733,975538,589815
49733,976023,589815,2605.73
#52219,1013571,589815
#52219,1014442,589815
#52219,1011562,589815
#52219,1011920,589815
#52219,1011433,589815
52219,1.01259e+06,589815,2406.08
#54829,1072219,589815
#54829,1051892,589815
#54829,1038254,589815
#54829,1038077,589815
#54829,1038952,589815
54829,1.04788e+06,589815,26487
#57570,1571200,1179639
#57570,1527250,1179639
#57570,1506072,1179639
#57570,1511800,1179639
#57570,1520782,1179639
57570,1.52742e+06,1179639,46134.6
#60448,1540524,1179639
#60448,1454387,1179639
#60448,1485896,1179639
#60448,1490257,1179639
#60448,1492155,1179639
60448,1.49264e+06,1179639,55191
#63470,1558881,1179639
#63470,1573371,1179639
#63470,1537095,1179639
#63470,1540738,1179639
#63470,1537342,1179639
63470,1.54949e+06,1179639,28793.1
#66643,1617133,1179639
#66643,1557607,1179639
#66643,1581538,1179639
#66643,1582647,1179639
#66643,1597930,1179639
66643,1.58737e+06,1179639,39390.4
#69975,1677447,1179639
#69975,1676908,1179639
#69975,1674718,1179639
#69975,1677942,1179639
#69975,1668154,1179639
69975,1.67503e+06,1179639,7223.58
#73473,1640115,1179639
#73473,1635264,1179639
#73473,1637603,1179639
#73473,1688584,1179639
#73473,1675619,1179639
73473,1.65544e+06,1179639,44414.4
#77146,1748932,1179639
#77146,1708678,1179639
#77146,1659861,1179639
#77146,1703903,1179639
#77146,1700537,1179639
77146,1.70438e+06,1179639,56570.6
#81003,1715230,1179639
#81003,1715252,1179639
#81003,1736359,1179639
#81003,1760146,1179639
#81003,1759048,1179639
81003,1.73721e+06,1179639,39688.4
#85053,1782591,1179639
#85053,1770495,1179639
#85053,1791933,1179639
#85053,1809621,1179639
#85053,1869611,1179639
85053,1.80485e+06,1179639,69623.7
#89305,1868526,1179639
#89305,1830259,1179639
#89305,1840785,1179639
#89305,1840250,1179639
#89305,1880540,1179639
89305,1.85207e+06,1179639,38200.8
#93770,1919733,1179639
#93770,1839795,1179639
#93770,1891330,1179639
#93770,1913426,1179639
#93770,1915660,1179639
93770,1.89599e+06,1179639,59560
#98458,1889544,1179639
#98458,1937145,1179639
#98458,1933777,1179639
#98458,1982377,1179639
#98458,1984431,1179639
98458,1.94545e+06,1179639,70505.8
#103380,2076154,1179639
#103380,2063398,1179639
#103380,2067551,1179639
#103380,2060661,1179639
#103380,2071245,1179639
103380,2.0678e+06,1179639,11029.5
#108549,2172510,1179639
#108549,2079322,1179639
#108549,2147874,1179639
#108549,2131423,1179639
#108549,2133961,1179639
108549,2.13302e+06,1179639,61103.3
#113976,2226645,1179639
#113976,2201349,1179639
#113976,2235582,1179639
#113976,2250485,1179639
#113976,2307103,1179639
113976,2.24423e+06,1179639,70512.1
#119674,3111070,2359287
#119674,3130624,2359287
#119674,3129501,2359287
#119674,3133264,2359287
#119674,3120778,2359287
119674,3.12505e+06,2359287,16298.2
#125657,3160315,2359287
#125657,3145221,2359287
#125657,3142342,2359287
#125657,3130960,2359287
#125657,3139109,2359287
125657,3.14359e+06,2359287,19257
#131939,3243566,2359287
#131939,3206447,2359287
#131939,3200112,2359287
#131939,3194346,2359287
#131939,3219539,2359287
131939,3.2128e+06,2359287,35029.8
#138535,3343602,2359287
#138535,3352282,2359287
#138535,3343147,2359287
#138535,3387745,2359287
#138535,3374437,2359287
138535,3.36024e+06,2359287,35669.6
#145461,3454503,2359287
#145461,3471399,2359287
#145461,3460425,2359287
#145461,3486000,2359287
#145461,3461146,2359287
145461,3.46669e+06,2359287,22155.1
#152734,3481006,2359287
#152734,3476078,2359287
#152734,3451174,2359287
#152734,3457772,2359287
#152734,3532863,2359287
152734,3.47978e+06,2359287,57519.9
#160370,3649812,2359287
#160370,3605053,2359287
#160370,3647174,2359287
#160370,3580467,2359287
#160370,3583728,2359287
160370,3.61325e+06,2359287,60007.2
#168388,3708300,2359287
#168388,3679813,2359287
#168388,3655930,2359287
#168388,3724405,2359287
#168388,3647948,2359287
168388,3.68328e+06,2359287,58826.2
#176807,3878945,2359287
#176807,3807704,2359287
#176807,3777730,2359287
#176807,3767565,2359287
#176807,3770125,2359287
176807,3.80041e+06,2359287,83576.6
#185647,4135572,2359287
#185647,3974072,2359287
#185647,4021169,2359287
#185647,4043035,2359287
#185647,4038699,2359287
185647,4.04251e+06,2359287,105127
#194929,4082997,2359287
#194929,4031388,2359287
#194929,4012407,2359287
#194929,4045594,2359287
#194929,3985018,2359287
194929,4.03148e+06,2359287,65578.7
#204675,4281865,2359287
#204675,4193407,2359287
#204675,4233848,2359287
#204675,4253370,2359287
#204675,4254918,2359287
204675,4.24348e+06,2359287,58666
#214908,4576397,2359287
#214908,4671376,2359287
#214908,4589241,2359287
#214908,4628058,2359287
#214908,4756333,2359287
214908,4.64428e+06,2359287,130202
#225653,5070840,2359287
#225653,4971071,2359287
#225653,5128994,2359287
#225653,5096611,2359287
#225653,5094801,2359287
225653,5.07246e+06,2359287,107929
#236935,6927574,4718583
#236935,6979229,4718583
#236935,6784058,4718583
#236935,6606148,4718583
#236935,6690884,4718583
236935,6.79758e+06,4718583,280154
#248781,6799657,4718583
#248781,6752281,4718583
#248781,6603647,4718583
#248781,6616060,4718583
#248781,6805162,4718583
248781,6.71536e+06,4718583,176349
#261220,6971957,4718583
#261220,6830001,4718583
#261220,6810805,4718583
#261220,6796265,4718583
#261220,6841706,4718583
261220,6.85015e+06,4718583,125748
#274281,7666858,4718583
#274281,7304454,4718583
#274281,7072764,4718583
#274281,7036396,4718583
#274281,7034562,4718583
274281,7.22301e+06,4718583,487069
#287995,7336318,4718583
#287995,7260890,4718583
#287995,7408939,4718583
#287995,7247683,4718583
#287995,7388971,4718583
287995,7.32856e+06,4718583,130509
#302394,7509224,4718583
#302394,7303507,4718583
#302394,7431427,4718583
#302394,7374386,4718583
#302394,7329154,4718583
302394,7.38954e+06,4718583,147937
#317513,8120452,4718583
#317513,7973979,4718583
#317513,7851917,4718583
#317513,7913886,4718583
#317513,7895442,4718583
317513,7.95114e+06,4718583,186598
#333388,7990758,4718583
#333388,7745322,4718583
#333388,7858035,4718583
#333388,7704824,4718583
#333388,8077466,4718583
333388,7.87528e+06,4718583,283487
#350057,8221551,4718583
#350057,7952160,4718583
#350057,8162102,4718583
#350057,8056054,4718583
#350057,7902774,4718583
350057,8.05893e+06,4718583,241467
#367559,8551482,4718583
#367559,8335861,4718583
#367559,8361556,4718583
#367559,8524878,4718583
#367559,8491760,4718583
367559,8.45311e+06,4718583,175388
#385936,8683513,4718583
#385936,8533994,4718583
#385936,8610681,4718583
#385936,8744103,4718583
#385936,8713488,4718583
385936,8.65716e+06,4718583,151675
#405232,9255404,4718583
#405232,8912938,4718583
#405232,9134143,4718583
#405232,9018932,4718583
#405232,8967649,4718583
405232,9.05781e+06,4718583,245762
#425493,9457653,4718583
#425493,9561342,4718583
#425493,9388021,4718583
#425493,9517081,4718583
#425493,9299887,4718583
425493,9.4448e+06,4718583,185893
#446767,9702864,4718583
#446767,9885179,4718583
#446767,10042733,4718583
#446767,10216402,4718583
#446767,9952400,4718583
446767,9.95992e+06,4718583,339837
#469105,13654064,9437175
#469105,13487437,9437175
#469105,13561729,9437175
#469105,13693052,9437175
#469105,13587101,9437175
469105,1.35967e+07,9437175,143744
#492560,13882604,9437175
#492560,13689463,9437175
#492560,13739103,9437175
#492560,13865536,9437175
#492560,13826753,9437175
492560,1.38007e+07,9437175,149020
#517188,14200768,9437175
#517188,14050243,9437175
#517188,14401827,9437175
#517188,14329376,9437175
#517188,14414511,9437175
517188,1.42793e+07,9437175,274863
#543047,14845171,9437175
#543047,14688970,9437175
#543047,14844927,9437175
#543047,14692125,9437175
#543047,14664863,9437175
543047,1.47472e+07,9437175,160878
#570199,15459947,9437175
#570199,15170723,9437175
#570199,15142389,9437175
#570199,15128687,9437175
#570199,15173148,9437175
570199,1.5215e+07,9437175,247279
#598708,15316180,9437175
#598708,15387676,9437175
#598708,15359682,9437175
#598708,15396836,9437175
#598708,15409518,9437175
598708,1.5374e+07,9437175,66442.2
#628643,16105329,9437175
#628643,15926280,9437175
#628643,15964888,9437175
#628643,15904711,9437175
#628643,16026890,9437175
628643,1.59856e+07,9437175,145687
#660075,16547882,9437175
#660075,16517021,9437175
#660075,16359918,9437175
#660075,16415394,9437175
#660075,16556799,9437175
660075,1.64794e+07,9437175,156124
#693078,17377555,9437175
#693078,18046913,9437175
#693078,17078596,9437175
#693078,16990696,9437175
#693078,17243032,9437175
693078,1.73474e+07,9437175,748659
#727731,17539844,9437175
#727731,17345445,9437175
#727731,17441090,9437175
#727731,17806085,9437175
#727731,17643096,9437175
727731,1.75551e+07,9437175,319904
#764117,18056758,9437175
#764117,18045615,9437175
#764117,18059867,9437175
#764117,18124619,9437175
#764117,18182508,9437175
764117,1.80939e+07,9437175,104553
#802322,18799007,9437175
#802322,18669326,9437175
#802322,18819920,9437175
#802322,18822097,9437175
#802322,18724509,9437175
802322,1.8767e+07,9437175,120686
#842438,19578946,9437175
#842438,19387912,9437175
#842438,19508759,9437175
#842438,19627612,9437175
#842438,19624771,9437175
842438,1.95456e+07,9437175,179619
#884559,20550836,9437175
#884559,20492523,9437175
#884559,20594693,9437175
#884559,20717699,9437175
#884559,20535277,9437175
884559,2.05782e+07,9437175,154049
#928786,28696918,18874359
#928786,28408986,18874359
#928786,28321006,18874359
#928786,28347321,18874359
#928786,28459360,18874359
928786,2.84467e+07,18874359,268130
#975225,28948945,18874359
#975225,28883251,18874359
#975225,28911048,18874359
#975225,28927587,18874359
#975225,29174412,18874359
975225,2.8969e+07,18874359,209805
#1023986,29966914,18874359
#1023986,30186182,18874359
#1023986,30111281,18874359
#1023986,30244581,18874359
#1023986,29937364,18874359
1023986,3.00893e+07,18874359,240074
#1075185,31367740,18874359
#1075185,30969511,18874359
#1075185,34834305,18874359
#1075185,31404023,18874359
#1075185,33048507,18874359
1075185,3.23248e+07,18874359,2.88749e+06
#1128944,38512965,18874359
#1128944,41887514,18874359
#1128944,39744586,18874359
#1128944,45113263,18874359
#1128944,44064146,18874359
1128944,4.18645e+07,18874359,4.98961e+06
#1185391,42336548,18874359
#1185391,42068433,18874359
#1185391,42026002,18874359
#1185391,42205543,18874359
#1185391,41959447,18874359
1185391,4.21192e+07,18874359,270525
#1244660,40432489,18874359
#1244660,39377462,18874359
#1244660,38867529,18874359
#1244660,37971776,18874359
#1244660,38045189,18874359
1244660,3.89389e+07,18874359,1.82478e+06
#1306893,37724750,18874359
#1306893,36975765,18874359
#1306893,37172556,18874359
#1306893,36919190,18874359
#1306893,36808527,18874359
1306893,3.71202e+07,18874359,649078
#1372237,37608093,18874359
#1372237,37269685,18874359
#1372237,37056479,18874359
#1372237,36461099,18874359
#1372237,36467232,18874359
1372237,3.69725e+07,18874359,901633
#1440848,38510893,18874359
#1440848,38207561,18874359
#1440848,38496674,18874359
#1440848,38167082,18874359
#1440848,38570523,18874359
1440848,3.83905e+07,18874359,336521
#1512890,39468222,18874359
#1512890,39509963,18874359
#1512890,39692300,18874359
#1512890,39593871,18874359
#1512890,40562771,18874359
1512890,3.97654e+07,18874359,811975
#1588534,45385694,18874359
#1588534,43756149,18874359
#1588534,44553151,18874359
#1588534,44649910,18874359
#1588534,43227212,18874359
1588534,4.43144e+07,18874359,1.49956e+06
#1667960,54835242,18874359
#1667960,44356729,18874359
#1667960,44184253,18874359
#1667960,44070189,18874359
#1667960,44019325,18874359
1667960,4.62931e+07,18874359,8.54524e+06
#1751358,45830144,18874359
#1751358,45831645,18874359
#1751358,45865980,18874359
#1751358,45653002,18874359
#1751358,45943336,18874359
1751358,4.58248e+07,18874359,190445
#1838925,69198762,37748727
#1838925,69805462,37748727
#1838925,70763937,37748727
#1838925,70831969,37748727
#1838925,71155835,37748727
1838925,7.03512e+07,37748727,1.46284e+06
#1930871,73879074,37748727
#1930871,74492869,37748727
#1930871,74305050,37748727
#1930871,76084440,37748727
#1930871,76537541,37748727
1930871,7.50598e+07,37748727,2.1012e+06
#2027414,77675968,37748727
#2027414,77483829,37748727
#2027414,77849400,37748727
#2027414,79397226,37748727
#2027414,80165180,37748727
2027414,7.85143e+07,37748727,2.13761e+06
#2128784,79639624,37748727
#2128784,79447712,37748727
#2128784,80161648,37748727
#2128784,81076428,37748727
#2128784,81099580,37748727
2128784,8.0285e+07,37748727,1.39217e+06
#2235223,84113095,37748727
#2235223,84411623,37748727
#2235223,85218462,37748727
#2235223,86205104,37748727
#2235223,87472206,37748727
2235223,8.54841e+07,37748727,2.46136e+06
#2346984,91998744,37748727
#2346984,90571312,37748727
#2346984,91246563,37748727
#2346984,90745174,37748727
#2346984,91810614,37748727
2346984,9.12745e+07,37748727,1.1269e+06
#2464333,95437271,37748727
#2464333,95985047,37748727
#2464333,94399850,37748727
#2464333,95817867,37748727
#2464333,96788396,37748727
2464333,9.56857e+07,37748727,1.55901e+06
#2587549,101001437,37748727
#2587549,100586789,37748727
#2587549,100383357,37748727
#2587549,99321483,37748727
#2587549,100293112,37748727
2587549,1.00317e+08,37748727,1.10897e+06
#2716926,106063089,37748727
#2716926,108585676,37748727
#2716926,108473105,37748727
#2716926,108748162,37748727
#2716926,118028864,37748727
2716926,1.0998e+08,37748727,8.28776e+06
#2852772,148514090,37748727
#2852772,146743909,37748727
#2852772,145029227,37748727
#2852772,153475192,37748727
#2852772,153478323,37748727
2852772,1.49448e+08,37748727,6.93811e+06
#2995410,137972270,37748727
#2995410,145602688,37748727
#2995410,143975677,37748727
#2995410,141953574,37748727
#2995410,136428387,37748727
2995410,1.41187e+08,37748727,6.97662e+06
#3145180,150389994,37748727
#3145180,150985098,37748727
#3145180,142719917,37748727
#3145180,132736014,37748727
#3145180,124880366,37748727
3145180,1.40342e+08,37748727,2.03333e+07
#3302439,122310910,37748727
#3302439,119973096,37748727
#3302439,119896808,37748727
#3302439,118879123,37748727
#3302439,119428297,37748727
3302439,1.20098e+08,37748727,2.34729e+06
#3467560,124841456,37748727
#3467560,125168541,37748727
#3467560,129026121,37748727
#3467560,128174318,37748727
#3467560,125914264,37748727
3467560,1.26625e+08,37748727,3.34344e+06
#3640938,133340750,37748727
#3640938,134518215,37748727
#3640938,131645561,37748727
#3640938,132440094,37748727
#3640938,131789887,37748727
3640938,1.32747e+08,37748727,2.13788e+06
#3822984,189421704,75497463
#3822984,191448202,75497463
#3822984,191661594,75497463
#3822984,190888373,75497463
#3822984,191056116,75497463
3822984,1.90895e+08,75497463,1.57234e+06
#4014133,203730084,75497463
#4014133,204066108,75497463
#4014133,204453990,75497463
#4014133,202087777,75497463
#4014133,205079841,75497463
4014133,2.03884e+08,75497463,2.00762e+06
#4214839,220138772,75497463
#4214839,216002945,75497463
#4214839,217189486,75497463
#4214839,217698502,75497463
#4214839,217078498,75497463
4214839,2.17622e+08,75497463,2.74864e+06
#4425580,257105480,75497463
#4425580,250670115,75497463
#4425580,250013272,75497463
#4425580,284940663,75497463
#4425580,288048199,75497463
4425580,2.66156e+08,75497463,3.36386e+07
#4646859,267773145,75497463
#4646859,265601826,75497463
#4646859,261053127,75497463
#4646859,259146802,75497463
#4646859,247069766,75497463
4646859,2.60129e+08,75497463,1.44429e+07
#4879201,254276670,75497463
#4879201,264338254,75497463
#4879201,254518580,75497463
#4879201,252586377,75497463
#4879201,250743592,75497463
4879201,2.55293e+08,75497463,9.4434e+06
#5123161,267109100,75497463
#5123161,270236666,75497463
#5123161,270112484,75497463
#5123161,270317939,75497463
#5123161,266164484,75497463
5123161,2.68788e+08,75497463,3.56597e+06
#5379319,300241920,75497463
#5379319,327548841,75497463
#5379319,317673559,75497463
#5379319,292316786,75497463
#5379319,286603070,75497463
5379319,3.04877e+08,75497463,3.08667e+07
#5648284,294780551,75497463
#5648284,296848916,75497463
#5648284,301189943,75497463
#5648284,294167709,75497463
#5648284,303530658,75497463
5648284,2.98104e+08,75497463,7.32593e+06
#5930698,318339876,75497463
#5930698,318205077,75497463
#5930698,311163185,75497463
#5930698,320908907,75497463
#5930698,315572583,75497463
5930698,3.16838e+08,75497463,6.60313e+06
#6227232,333357293,75497463
#6227232,337889194,75497463
#6227232,330008499,75497463
#6227232,329763466,75497463
#6227232,330976837,75497463
6227232,3.32399e+08,75497463,6.04937e+06
#6538593,355902926,75497463
#6538593,367486729,75497463
#6538593,355237279,75497463
#6538593,367198124,75497463
#6538593,370233169,75497463
6538593,3.63212e+08,75497463,1.26642e+07
#6865522,493266870,75497463
#6865522,534384308,75497463
#6865522,553803802,75497463
#6865522,561515725,75497463
#6865522,518299354,75497463
6865522,5.32254e+08,75497463,4.93146e+07
#7208798,400875977,75497463
#7208798,392705810,75497463
#7208798,407588260,75497463
#7208798,402161160,75497463
#7208798,393443619,75497463
7208798,3.99355e+08,75497463,1.12118e+07
#7569237,519864328,150994935
#7569237,514905737,150994935
#7569237,517456464,150994935
#7569237,515269560,150994935
#7569237,628648700,150994935
7569237,5.39229e+08,150994935,8.94901e+07
#7947698,638594507,150994935
#7947698,604474355,150994935
#7947698,566966581,150994935
#7947698,560609407,150994935
#7947698,554664055,150994935
7947698,5.85062e+08,150994935,6.38246e+07
#8345082,591894882,150994935
#8345082,595524441,150994935
#8345082,596311927,150994935
#8345082,597021123,150994935
#8345082,594000440,150994935
8345082,5.94951e+08,150994935,3.6562e+06
#8762336,627294752,150994935
#8762336,624418786,150994935
#8762336,627449233,150994935
#8762336,643474187,150994935
#8762336,628569478,150994935
8762336,6.30241e+08,150994935,1.3514e+07
#9200452,662431775,150994935
#9200452,663802379,150994935
#9200452,663623928,150994935
#9200452,665973139,150994935
#9200452,661670845,150994935
9200452,6.635e+08,150994935,2.92713e+06
#9660474,702519205,150994935
#9660474,698981403,150994935
#9660474,704128490,150994935
#9660474,698697932,150994935
#9660474,699159685,150994935
9660474,7.00697e+08,150994935,4.418e+06
