#1,1079,32
#1,1257,32
#1,937,32
#1,885,32
#1,863,32
1,1004.2,32,294.163
#2,1452,32
#2,1485,32
#2,1396,32
#2,1410,32
#2,1418,32
2,1432.2,32,64.4037
#3,1934,64
#3,1970,64
#3,1991,64
#3,1941,64
#3,1908,64
3,1948.8,64,57.7913
#4,2439,64
#4,2500,64
#4,2487,64
#4,2434,64
#4,2444,64
4,2460.8,64,54.3971
#5,2980,64
#5,3017,64
#5,2979,64
#5,2927,64
#5,2963,64
5,2973.2,64,58.2189
#6,3547,64
#6,3452,64
#6,3497,64
#6,3458,64
#6,3446,64
6,3480,64,75.9052
#7,4077,128
#7,4091,128
#7,4070,128
#7,4054,128
#7,4005,128
7,4059.4,128,59.3916
#8,4662,128
#8,4460,128
#8,4428,128
#8,4479,128
#8,4440,128
8,4493.8,128,171.76
#9,5175,128
#9,5103,128
#9,4975,128
#9,5023,128
#9,4922,128
9,5039.6,128,180.291
#10,6654,128
#10,42538,128
#10,6818,128
#10,6058,128
#10,6033,128
10,13620.2,128,28924.6
#11,10544,128
#11,6864,128
#11,7668,128
#11,6936,128
#11,7431,128
11,7888.6,128,2722.71
#12,6629,128
#12,6591,128
#12,6638,128
#12,6526,128
#12,6456,128
12,6568,128,136.991
#13,7605,128
#13,7363,128
#13,7326,128
#13,7362,128
#13,7388,128
13,7408.8,128,200.142
#14,7679,128
#14,7562,128
#14,7549,128
#14,7526,128
#14,7514,128
14,7566,128,117.908
#15,8425,256
#15,8205,256
#15,8108,256
#15,8126,256
#15,8075,256
15,8187.8,256,252.144
#16,8673,256
#16,8530,256
#16,8586,256
#16,8420,256
#16,8473,256
16,8536.4,256,176.021
#17,9489,256
#17,9219,256
#17,9256,256
#17,9267,256
#17,9250,256
17,9296.2,256,195.417
#18,9820,256
#18,9650,256
#18,9658,256
#18,9606,256
#18,9626,256
18,9672,256,152.462
#19,10306,256
#19,10095,256
#19,10053,256
#19,10037,256
#19,10073,256
19,10112.8,256,197.076
#20,11116,256
#20,10932,256
#20,10856,256
#20,10860,256
#20,10851,256
20,10923,256,201.935
#21,11314,256
#21,11054,256
#21,11003,256
#21,11018,256
#21,10987,256
21,11075.2,256,242.881
#22,11802,256
#22,11636,256
#22,11589,256
#22,11620,256
#22,11537,256
22,11636.8,256,178.48
#23,12607,256
#23,12442,256
#23,12393,256
#23,12370,256
#23,12303,256
23,12423,256,204.599
#24,13059,256
#24,12977,256
#24,14889,256
#24,12916,256
#24,12821,256
24,13332.4,256,1564.35
#25,13440,512
#25,13245,512
#25,13321,512
#25,13269,512
#25,13319,512
25,13318.8,512,134.524
#26,13896,512
#26,13856,512
#26,13712,512
#26,13699,512
#26,13767,512
26,13786,512,155.964
#27,14243,512
#27,14228,512
#27,14075,512
#27,14290,512
#27,14094,512
27,14186,512,171.147
#28,14807,512
#28,14680,512
#28,14636,512
#28,14640,512
#28,14653,512
28,14683.2,512,127.571
#29,15522,512
#29,15244,512
#29,15180,512
#29,15178,512
#29,15221,512
29,15269,512,257.899
#30,15927,512
#30,15607,512
#30,15645,512
#30,15613,512
#30,15710,512
30,15700.4,512,238.111
#31,16355,512
#31,16085,512
#31,16166,512
#31,16115,512
#31,16179,512
31,16180,512,187.77
#32,16848,512
#32,16739,512
#32,16637,512
#32,16708,512
#32,16616,512
32,16709.6,512,165.053
#33,17996,512
#33,17212,512
#33,17041,512
#33,17271,512
#33,17095,512
33,17323,512,692.51
#34,17959,512
#34,17810,512
#34,17811,512
#34,17775,512
#34,17757,512
34,17822.4,512,142.737
#35,18613,512
#35,18148,512
#35,18142,512
#35,18245,512
#35,18115,512
35,18252.6,512,371.002
#36,18702,512
#36,18677,512
#36,18574,512
#36,18610,512
#36,18641,512
36,18640.8,512,91.5065
#37,19439,512
#37,19398,512
#37,19224,512
#37,19380,512
#37,19180,512
37,19324.2,512,205.081
#38,20287,512
#38,19864,512
#38,19846,512
#38,19839,512
#38,19837,512
38,19934.6,512,352.914
#39,20464,512
#39,20377,512
#39,20320,512
#39,20398,512
#39,20308,512
39,20373.4,512,112.979
#40,20935,512
#40,20887,512
#40,20829,512
#40,20751,512
#40,20859,512
40,20852.2,512,122.94
#42,22199,512
#42,22029,512
#42,21889,512
#42,21880,512
#42,21955,512
42,21990.4,512,234.482
#44,22839,512
#44,22770,512
#44,22780,512
#44,22856,512
#44,22798,512
44,22808.6,512,66.8802
#46,20612,512
#46,20400,512
#46,20364,512
#46,20364,512
#46,20311,512
46,20410.2,512,209.641
#48,20733,512
#48,20686,512
#48,20700,512
#48,20677,512
#48,20765,512
48,20712.2,512,65.0833
#50,21731,1024
#50,21568,1024
#50,21533,1024
#50,21437,1024
#50,21413,1024
50,21536.4,1024,226.252
#52,22772,1024
#52,22707,1024
#52,22577,1024
#52,22584,1024
#52,22637,1024
52,22655.4,1024,149.241
#54,23529,1024
#54,23384,1024
#54,23317,1024
#54,38772,1024
#54,25493,1024
54,26899,1024,11982.9
#56,24203,1024
#56,24247,1024
#56,24099,1024
#56,24037,1024
#56,24090,1024
56,24135.2,1024,155.159
#58,25451,1024
#58,25322,1024
#58,25051,1024
#58,25168,1024
#58,25128,1024
58,25224,1024,287.63
#60,25941,1024
#60,25790,1024
#60,25928,1024
#60,25717,1024
#60,25839,1024
60,25843,1024,168.594
#63,27197,1024
#63,27124,1024
#63,27026,1024
#63,27110,1024
#63,27006,1024
63,27092.6,1024,138.919
#66,28824,1024
#66,28536,1024
#66,28618,1024
#66,28582,1024
#66,28435,1024
66,28599,1024,256.344
#69,29928,1024
#69,29865,1024
#69,29864,1024
#69,29807,1024
#69,29907,1024
69,29874.2,1024,83.3057
#72,31625,1024
#72,31527,1024
#72,31441,1024
#72,31311,1024
#72,31400,1024
72,31460.8,1024,215.17
#75,32347,1024
#75,32119,1024
#75,32244,1024
#75,32190,1024
#75,32237,1024
75,32227.4,1024,149.188
#78,33838,1024
#78,33807,1024
#78,33823,1024
#78,33648,1024
#78,33731,1024
78,33769.4,1024,142.001
#81,49128,1024
#81,29830,1024
#81,29974,1024
#81,29920,1024
#81,29863,1024
81,33743,1024,15385.3
#85,31643,1024
#85,31674,1024
#85,31493,1024
#85,31481,1024
#85,31582,1024
85,31574.6,1024,155.005
#89,33360,1024
#89,33104,1024
#89,33162,1024
#89,33072,1024
#89,33021,1024
89,33143.8,1024,234.764
#93,34434,1024
#93,34472,1024
#93,34405,1024
#93,34338,1024
#93,34308,1024
93,34391.4,1024,121.006
#97,35895,2048
#97,35879,2048
#97,35667,2048
#97,35743,2048
#97,35842,2048
97,35805.2,2048,173.972
#101,37318,2048
#101,37140,2048
#101,36869,2048
#101,36994,2048
#101,36898,2048
101,37043.8,2048,333.146
#106,46370,2048
#106,39538,2048
#106,44118,2048
#106,48429,2048
#106,46950,2048
106,45081,2048,6197.81
#111,42267,2048
#111,41482,2048
#111,41352,2048
#111,41657,2048
#111,41660,2048
111,41683.6,2048,627.517
#116,43105,2048
#116,43315,2048
#116,43030,2048
#116,43124,2048
#116,43034,2048
116,43121.6,2048,207.363
#121,45572,2048
#121,46374,2048
#121,45343,2048
#121,45143,2048
#121,45352,2048
121,45556.8,2048,861.13
#127,41157,2048
#127,41442,2048
#127,41015,2048
#127,40807,2048
#127,41312,2048
127,41146.6,2048,444.858
#133,43473,2048
#133,43389,2048
#133,43130,2048
#133,43374,2048
#133,43326,2048
133,43338.4,2048,228.961
#139,45539,2048
#139,45698,2048
#139,45916,2048
#139,45370,2048
#139,45474,2048
139,45599.4,2048,381.529
#145,48410,2048
#145,47783,2048
#145,47904,2048
#145,48026,2048
#145,46894,2048
145,47803.4,2048,1002.02
#152,49181,2048
#152,49125,2048
#152,48886,2048
#152,48982,2048
#152,48966,2048
152,49028,2048,217.149
#159,51449,2048
#159,51383,2048
#159,51305,2048
#159,52186,2048
#159,51341,2048
159,51532.8,2048,660.19
#166,54768,2048
#166,54660,2048
#166,54503,2048
#166,54526,2048
#166,54459,2048
166,54583.2,2048,228.349
#174,56454,2048
#174,56357,2048
#174,56280,2048
#174,56308,2048
#174,56176,2048
174,56315,2048,182.603
#182,52601,2048
#182,52581,2048
#182,52459,2048
#182,52587,2048
#182,52496,2048
182,52544.8,2048,113.112
#191,55634,2048
#191,55467,2048
#191,55534,2048
#191,55472,2048
#191,55416,2048
191,55504.6,2048,149.493
#200,59569,4096
#200,57099,4096
#200,57002,4096
#200,56870,4096
#200,56795,4096
200,57467,4096,2112.45
#210,60120,4096
#210,59960,4096
#210,59711,4096
#210,59879,4096
#210,59789,4096
210,59891.8,4096,283.05
#220,62503,4096
#220,63547,4096
#220,71546,4096
#220,69641,4096
#220,75240,4096
220,68495.4,4096,9654.17
#231,66021,4096
#231,65973,4096
#231,66067,4096
#231,65971,4096
#231,65997,4096
231,66005.8,4096,71.2225
#242,68890,4096
#242,69032,4096
#242,76048,4096
#242,61811,4096
#242,61881,4096
242,67532.4,4096,10631.3
#254,65117,4096
#254,65093,4096
#254,65057,4096
#254,65133,4096
#254,65002,4096
254,65080.4,4096,93.6342
#266,68711,4096
#266,68584,4096
#266,68427,4096
#266,68573,4096
#266,68546,4096
266,68568.2,4096,181.317
#279,72558,4096
#279,72513,4096
#279,72390,4096
#279,72268,4096
#279,72322,4096
279,72410.2,4096,220.583
#292,75381,4096
#292,75139,4096
#292,75024,4096
#292,74976,4096
#292,75058,4096
292,75115.6,4096,285.911
#306,79004,4096
#306,78950,4096
#306,78749,4096
#306,78877,4096
#306,78709,4096
306,78857.8,4096,226.668
#321,78206,4096
#321,78157,4096
#321,78124,4096
#321,78391,4096
#321,78214,4096
321,78218.4,4096,184.706
#337,83546,4096
#337,83443,4096
#337,83267,4096
#337,83295,4096
#337,83155,4096
337,83341.2,4096,275.124
#353,87297,4096
#353,87163,4096
#353,86942,4096
#353,87300,4096
#353,86989,4096
353,87138.2,4096,300.356
#370,91891,4096
#370,91927,4096
#370,91982,4096
#370,91827,4096
#370,91734,4096
370,91872.2,4096,171.008
#388,94658,8192
#388,94593,8192
#388,94443,8192
#388,94701,8192
#388,94610,8192
388,94601,8192,175.175
#407,99711,8192
#407,99420,8192
#407,99427,8192
#407,99360,8192
#407,99440,8192
407,99471.6,8192,245.629
#427,104172,8192
#427,104279,8192
#427,103984,8192
#427,103961,8192
#427,104124,8192
427,104104,8192,237.483
#448,109428,8192
#448,109285,8192
#448,109090,8192
#448,109214,8192
#448,109104,8192
448,109224,8192,249.468
#470,114748,8192
#470,114720,8192
#470,114606,8192
#470,114466,8192
#470,114325,8192
470,114573,8192,317.838
#493,120446,8192
#493,120488,8192
#493,120252,8192
#493,120552,8192
#493,120275,8192
493,120403,8192,237.418
#517,126092,8192
#517,126169,8192
#517,126017,8192
#517,125759,8192
#517,126204,8192
517,126048,8192,316.727
#542,133068,8192
#542,132922,8192
#542,132605,8192
#542,132746,8192
#542,132794,8192
542,132827,8192,315.011
#569,139098,8192
#569,141688,8192
#569,139085,8192
#569,138871,8192
#569,139054,8192
569,139559,8192,2135.08
#597,146751,8192
#597,146226,8192
#597,146273,8192
#597,146319,8192
#597,146324,8192
597,146379,8192,379.108
#626,159692,8192
#626,169638,8192
#626,153361,8192
#626,153307,8192
#626,157881,8192
626,158776,8192,11961.8
#657,161391,8192
#657,161450,8192
#657,161306,8192
#657,161400,8192
#657,161425,8192
657,161394,8192,97.5098
#689,171256,8192
#689,171251,8192
#689,171157,8192
#689,170934,8192
#689,191461,8192
689,175212,8192,16250.9
#723,181003,8192
#723,199604,8192
#723,180304,8192
#723,180421,8192
#723,180675,8192
723,184401,8192,15210.2
#759,189788,8192
#759,189828,8192
#759,192312,8192
#759,189414,8192
#759,189500,8192
759,190168,8192,2167.3
#796,210468,16384
#796,194399,16384
#796,193851,16384
#796,193910,16384
#796,193939,16384
796,197313,16384,13160.4
#835,204173,16384
#835,204003,16384
#835,203878,16384
#835,203933,16384
#835,203638,16384
835,203925,16384,348.976
#876,213467,16384
#876,213413,16384
#876,213122,16384
#876,213663,16384
#876,213335,16384
876,213400,16384,352.518
#919,224131,16384
#919,224278,16384
#919,223975,16384
#919,224057,16384
#919,224399,16384
919,224168,16384,305.156
#964,235494,16384
#964,235481,16384
#964,235273,16384
#964,235204,16384
#964,235119,16384
964,235314,16384,299.459
#1012,247687,16384
#1012,249129,16384
#1012,247164,16384
#1012,247051,16384
#1012,247083,16384
1012,247623,16384,1575.21
#1062,259188,16384
#1062,259339,16384
#1062,259314,16384
#1062,259153,16384
#1062,261669,16384
1062,259733,16384,1941.61
#1115,272724,16384
#1115,272936,16384
#1115,272740,16384
#1115,272970,16384
#1115,272326,16384
1115,272739,16384,458.663
#1170,286368,16384
#1170,286712,16384
#1170,286281,16384
#1170,286383,16384
#1170,286228,16384
1170,286394,16384,337.337
#1228,299802,16384
#1228,299537,16384
#1228,299587,16384
#1228,299560,16384
#1228,299868,16384
1228,299671,16384,273.207
#1289,316640,16384
#1289,316280,16384
#1289,316275,16384
#1289,316153,16384
#1289,316277,16384
1289,316325,16384,329.409
#1353,333509,16384
#1353,333599,16384
#1353,333687,16384
#1353,333658,16384
#1353,333523,16384
1353,333595,16384,141.503
#1420,352692,16384
#1420,352648,16384
#1420,352183,16384
#1420,352595,16384
#1420,352011,16384
1420,352426,16384,551.271
#1491,371684,16384
#1491,371926,16384
#1491,371662,16384
#1491,371092,16384
#1491,372017,16384
1491,371676,16384,645.041
#1565,381466,32768
#1565,381839,32768
#1565,381456,32768
#1565,381771,32768
#1565,381751,32768
1565,381657,32768,324.761
#1643,401116,32768
#1643,400707,32768
#1643,400688,32768
#1643,400696,32768
#1643,402943,32768
1643,401230,32768,1743.52
#1725,421016,32768
#1725,421650,32768
#1725,423591,32768
#1725,421126,32768
#1725,420897,32768
1725,421656,32768,2002.17
#1811,441449,32768
#1811,441571,32768
#1811,441710,32768
#1811,441768,32768
#1811,441783,32768
1811,441656,32768,255.598
#1901,473998,32768
#1901,453291,32768
#1901,468470,32768
#1901,469392,32768
#1901,463936,32768
1901,465817,32768,14062.3
#1996,487587,32768
#1996,487104,32768
#1996,487156,32768
#1996,487560,32768
#1996,487570,32768
1996,487395,32768,434.985
#2095,511312,32768
#2095,510912,32768
#2095,515738,32768
#2095,511209,32768
#2095,511087,32768
2095,512052,32768,3696.02
#2199,539808,32768
#2199,539818,32768
#2199,542757,32768
#2199,539871,32768
#2199,539664,32768
2199,540384,32768,2377.36
#2308,569509,32768
#2308,566750,32768
#2308,567159,32768
#2308,566532,32768
#2308,567097,32768
2308,567409,32768,2149.09
#2423,594235,32768
#2423,593230,32768
#2423,596335,32768
#2423,593638,32768
#2423,593457,32768
2423,594179,32768,2256.73
#2544,628714,32768
#2544,628573,32768
#2544,628436,32768
#2544,630320,32768
#2544,628753,32768
2544,628959,32768,1379.07
#2671,660853,32768
#2671,658811,32768
#2671,658717,32768
#2671,698420,32768
#2671,659305,32768
2671,667221,32768,31236.4
#2804,750042,32768
#2804,692646,32768
#2804,691729,32768
#2804,694322,32768
#2804,691769,32768
2804,704102,32768,45978.8
#2944,715461,32768
#2944,740127,32768
#2944,734663,32768
#2944,734310,32768
#2944,732500,32768
2944,731412,32768,16746
#3091,766017,65536
#3091,775306,65536
#3091,763215,65536
#3091,753225,65536
#3091,753658,65536
3091,762284,65536,16513
#3245,800720,65536
#3245,791108,65536
#3245,790509,65536
#3245,802940,65536
#3245,809141,65536
3245,798884,65536,14300.6
#3407,839225,65536
#3407,843201,65536
#3407,836023,65536
#3407,840417,65536
#3407,836635,65536
3407,839100,65536,5223.98
#3577,873771,65536
#3577,874638,65536
#3577,876494,65536
#3577,884345,65536
#3577,878137,65536
3577,877477,65536,7502.84
#3755,952880,65536
#3755,943877,65536
#3755,974347,65536
#3755,990048,65536
#3755,964718,65536
3755,965174,65536,32345.3
#3942,1136387,65536
#3942,1082533,65536
#3942,1075669,65536
#3942,1094322,65536
#3942,1123900,65536
3942,1.10256e+06,65536,47258.7
#4139,1228131,65536
#4139,1240597,65536
#4139,1234560,65536
#4139,1229098,65536
#4139,1234544,65536
4139,1.23339e+06,65536,8976.4
#4345,1271789,65536
#4345,1287507,65536
#4345,1286684,65536
#4345,1292708,65536
#4345,1287448,65536
4345,1.28523e+06,65536,14108.1
#4562,1360945,65536
#4562,1391713,65536
#4562,1396738,65536
#4562,1394615,65536
#4562,1388170,65536
4562,1.38644e+06,65536,26133.1
#4790,1645327,65536
#4790,1420433,65536
#4790,1448859,65536
#4790,1458995,65536
#4790,1464361,65536
4790,1.4876e+06,65536,160620
#5029,1587100,65536
#5029,1526029,65536
#5029,1533476,65536
#5029,1484680,65536
#5029,1489830,65536
5029,1.52422e+06,65536,73696.3
#5280,1303987,65536
#5280,1302790,65536
#5280,1304342,65536
#5280,1302738,65536
#5280,1302657,65536
5280,1.3033e+06,65536,1427.47
#5544,1365185,65536
#5544,1365508,65536
#5544,1368946,65536
#5544,1365741,65536
#5544,1365761,65536
5544,1.36623e+06,65536,2749.4
#5821,1448822,65536
#5821,1452317,65536
#5821,1451116,65536
#5821,1447679,65536
#5821,1455287,65536
5821,1.45104e+06,65536,5358.3
#6112,1510348,65536
#6112,1529874,65536
#6112,1531415,65536
#6112,1543518,65536
#6112,1554813,65536
6112,1.53399e+06,65536,29757.6
#6417,1541260,131072
#6417,1615176,131072
#6417,1594164,131072
#6417,1570916,131072
#6417,1563921,131072
6417,1.57709e+06,131072,50891.2
#6737,1623643,131072
#6737,1654398,131072
#6737,1671396,131072
#6737,1646577,131072
#6737,1655174,131072
6737,1.65024e+06,131072,31113.1
#7073,1715683,131072
#7073,1724520,131072
#7073,1733705,131072
#7073,1735292,131072
#7073,1758946,131072
7073,1.73363e+06,131072,28965.6
#7426,1955654,131072
#7426,1823408,131072
#7426,1873149,131072
#7426,1816172,131072
#7426,1823262,131072
7426,1.85833e+06,131072,105520
#7797,1983616,131072
#7797,1996228,131072
#7797,1915018,131072
#7797,1907526,131072
#7797,1946448,131072
7797,1.94977e+06,131072,71033.5
#8186,1992373,131072
#8186,1951089,131072
#8186,2035764,131072
#8186,1950934,131072
#8186,2046684,131072
8186,1.99537e+06,131072,81039
#8595,2053103,131072
#8595,2109197,131072
#8595,2103465,131072
#8595,2113543,131072
#8595,2093429,131072
8595,2.09455e+06,131072,43578.5
#9024,2313471,131072
#9024,2185153,131072
#9024,2215934,131072
#9024,2245402,131072
#9024,2207941,131072
9024,2.23358e+06,131072,88707.4
#9475,2305929,131072
#9475,2319497,131072
#9475,2343354,131072
#9475,2274178,131072
#9475,2318161,131072
9475,2.31222e+06,131072,45116.3
#9948,2426520,131072
#9948,2431215,131072
#9948,2439717,131072
#9948,2391625,131072
#9948,2502268,131072
9948,2.43827e+06,131072,71896.8
#10445,2510842,131072
#10445,2586570,131072
#10445,2599811,131072
#10445,2512210,131072
#10445,2568713,131072
10445,2.55563e+06,131072,74681.6
#10967,2699857,131072
#10967,2726837,131072
#10967,2723840,131072
#10967,2727506,131072
#10967,2684339,131072
10967,2.71248e+06,131072,34781.7
#11515,2789974,131072
#11515,2790105,131072
#11515,2842241,131072
#11515,2836842,131072
#11515,2839421,131072
11515,2.81972e+06,131072,48582.8
#12090,2947246,131072
#12090,2994433,131072
#12090,2996604,131072
#12090,3026414,131072
#12090,3069122,131072
12090,3.00676e+06,131072,80360.8
#12694,3072086,262144
#12694,3071156,262144
#12694,3118598,262144
#12694,3075869,262144
#12694,3077818,262144
12694,3.08311e+06,262144,35824.7
#13328,3186605,262144
#13328,3559209,262144
#13328,3592259,262144
#13328,3275415,262144
#13328,3241310,262144
13328,3.37096e+06,262144,339807
#13994,3356009,262144
#13994,3475112,262144
#13994,3466391,262144
#13994,3348879,262144
#13994,3393934,262144
13994,3.40806e+06,262144,106994
#14693,3558718,262144
#14693,3560770,262144
#14693,3603750,262144
#14693,3551977,262144
#14693,3568383,262144
14693,3.56872e+06,262144,36559.9
#15427,3730622,262144
#15427,3782740,262144
#15427,3893424,262144
#15427,3870828,262144
#15427,3737408,262144
15427,3.803e+06,262144,134844
#16198,3887418,262144
#16198,3997060,262144
#16198,4156642,262144
#16198,3969459,262144
#16198,4001715,262144
16198,4.00246e+06,262144,174644
#17007,4115638,262144
#17007,4209935,262144
#17007,4174772,262144
#17007,4180100,262144
#17007,4165752,262144
17007,4.16924e+06,262144,61253.4
#17857,4466031,262144
#17857,4409251,262144
#17857,4365307,262144
#17857,4418810,262144
#17857,4374224,262144
17857,4.40672e+06,262144,71785.2
#18749,4511054,262144
#18749,4641230,262144
#18749,4678795,262144
#18749,4628815,262144
#18749,4563511,262144
18749,4.60468e+06,262144,119573
#19686,4768564,262144
#19686,4778025,262144
#19686,4807155,262144
#19686,4789459,262144
#19686,4758028,262144
19686,4.78025e+06,262144,33988.4
#20670,4986123,262144
#20670,4987486,262144
#20670,4997052,262144
#20670,5108317,262144
#20670,4986021,262144
20670,5.013e+06,262144,95669.7
#21703,5238831,262144
#21703,5242590,262144
#21703,5288190,262144
#21703,5287936,262144
#21703,5238808,262144
21703,5.25927e+06,262144,47098
#22788,5549302,262144
#22788,5597201,262144
#22788,5623297,262144
#22788,5639209,262144
#22788,5551420,262144
22788,5.59209e+06,262144,73239.7
#23927,6379370,262144
#23927,6137045,262144
#23927,5908059,262144
#23927,5940383,262144
#23927,6283683,262144
23927,6.12971e+06,262144,369936
#25123,6045375,524288
#25123,6046415,524288
#25123,6441827,524288
#25123,6496183,524288
#25123,6182130,524288
25123,6.24239e+06,524288,384748
#26379,6384461,524288
#26379,6441959,524288
#26379,6386949,524288
#26379,6353680,524288
#26379,6351252,524288
26379,6.38366e+06,524288,65478.6
#27697,6767521,524288
#27697,6777080,524288
#27697,6704107,524288
#27697,6736991,524288
#27697,6729053,524288
27697,6.74295e+06,524288,52960.4
#29081,7069043,524288
#29081,7093888,524288
#29081,7076659,524288
#29081,7068727,524288
#29081,7083690,524288
29081,7.0784e+06,524288,19016.1
#30535,7351969,524288
#30535,7425176,524288
#30535,7400364,524288
#30535,7494870,524288
#30535,7465496,524288
30535,7.42758e+06,524288,99715.9
#32061,7875909,524288
#32061,7874631,524288
#32061,7806605,524288
#32061,7793968,524288
#32061,7882929,524288
32061,7.84681e+06,524288,76598
#33664,8199459,524288
#33664,8234478,524288
#33664,8185715,524288
#33664,8265480,524288
#33664,8295229,524288
33664,8.23607e+06,524288,81207.2
#35347,8654795,524288
#35347,8648587,524288
#35347,8579265,524288
#35347,8607667,524288
#35347,8780334,524288
35347,8.65413e+06,524288,137760
#37114,8917007,524288
#37114,8967031,524288
#37114,8914128,524288
#37114,9017669,524288
#37114,9233940,524288
37114,9.00996e+06,524288,236463
#38969,9429746,524288
#38969,9630343,524288
#38969,9413667,524288
#38969,9489552,524288
#38969,9369812,524288
38969,9.46662e+06,524288,180813
#40917,9972083,524288
#40917,10139240,524288
#40917,10087364,524288
#40917,9910829,524288
#40917,10057131,524288
40917,1.00333e+07,524288,163611
#42962,10525987,524288
#42962,10496956,524288
#42962,10592470,524288
#42962,10624160,524288
#42962,10450517,524288
42962,1.0538e+07,524288,126088
#45110,11052048,524288
#45110,11123856,524288
#45110,11049962,524288
#45110,11009067,524288
#45110,11258723,524288
45110,1.10987e+07,524288,176241
#47365,11624962,524288
#47365,11626679,524288
#47365,11793279,524288
#47365,11684895,524288
#47365,11786444,524288
47365,1.17033e+07,524288,147934
#49733,12202610,1048576
#49733,12043355,1048576
#49733,11975257,1048576
#49733,11975386,1048576
#49733,11931719,1048576
49733,1.20257e+07,1048576,190824
#52219,12671723,1048576
#52219,12703833,1048576
#52219,12691436,1048576
#52219,12693391,1048576
#52219,12763361,1048576
52219,1.27047e+07,1048576,62181.4
#54829,13256138,1048576
#54829,13369460,1048576
#54829,13241785,1048576
#54829,13282717,1048576
#54829,13309416,1048576
54829,1.32919e+07,1048576,90320
#57570,14159877,1048576
#57570,14205128,1048576
#57570,14083746,1048576
#57570,14165570,1048576
#57570,14080204,1048576
57570,1.41389e+07,1048576,98080.2
#60448,14532577,1048576
#60448,14639712,1048576
#60448,14485515,1048576
#60448,14636498,1048576
#60448,14858515,1048576
60448,1.46306e+07,1048576,257249
#63470,15398769,1048576
#63470,15367627,1048576
#63470,15343237,1048576
#63470,15456362,1048576
#63470,15520155,1048576
63470,1.54172e+07,1048576,127753
#66643,16197169,1048576
#66643,16708161,1048576
#66643,16355956,1048576
#66643,16320368,1048576
#66643,16266594,1048576
66643,1.63696e+07,1048576,355051
#69975,16997437,1048576
#69975,17199042,1048576
#69975,17185973,1048576
#69975,17083687,1048576
#69975,17104992,1048576
69975,1.71142e+07,1048576,146967
#73473,18114008,1048576
#73473,18158991,1048576
#73473,18141918,1048576
#73473,17979300,1048576
#73473,18027977,1048576
73473,1.80844e+07,1048576,138501
#77146,20385051,1048576
#77146,19052033,1048576
#77146,19155762,1048576
#77146,18793663,1048576
#77146,18779500,1048576
77146,1.92332e+07,1048576,1.18815e+06
#81003,20350884,1048576
#81003,20096738,1048576
#81003,19643645,1048576
#81003,19893733,1048576
#81003,19800299,1048576
81003,1.99571e+07,1048576,491056
#85053,20887361,1048576
#85053,20912658,1048576
#85053,20909579,1048576
#85053,20845660,1048576
#85053,20956660,1048576
85053,2.09024e+07,1048576,72368.6
#89305,21895610,1048576
#89305,23359139,1048576
#89305,22990083,1048576
#89305,21958838,1048576
#89305,22105793,1048576
89305,2.24619e+07,1048576,1.19485e+06
#93770,22947595,1048576
#93770,23045992,1048576
#93770,22961269,1048576
#93770,23018228,1048576
#93770,23043922,1048576
93770,2.30034e+07,1048576,82777.8
#98458,23695796,2097152
#98458,23904296,2097152
#98458,24259242,2097152
#98458,24171635,2097152
#98458,23662083,2097152
98458,2.39386e+07,2097152,484734
#103380,25114144,2097152
#103380,25010726,2097152
#103380,25598447,2097152
#103380,26017168,2097152
#103380,25374065,2097152
103380,2.54229e+07,2097152,721983
#108549,26535127,2097152
#108549,26564972,2097152
#108549,26494968,2097152
#108549,26427852,2097152
#108549,26487637,2097152
108549,2.65021e+07,2097152,93022.5
#113976,27607071,2097152
#113976,30224149,2097152
#113976,27752891,2097152
#113976,27577295,2097152
#113976,28443842,2097152
113976,2.8321e+07,2097152,2.00452e+06
#119674,29160171,2097152
#119674,29754138,2097152
#119674,29504841,2097152
#119674,29106331,2097152
#119674,29144436,2097152
119674,2.9334e+07,2097152,508871
#125657,30607208,2097152
#125657,32432634,2097152
#125657,30478023,2097152
#125657,30338696,2097152
#125657,30654422,2097152
125657,3.09022e+07,2097152,1.54612e+06
#131939,32658658,2097152
#131939,32033821,2097152
#131939,31855792,2097152
#131939,31946401,2097152
#131939,31841224,2097152
131939,3.20672e+07,2097152,607478
#138535,36990440,2097152
#138535,34592813,2097152
#138535,34198336,2097152
#138535,33814719,2097152
#138535,33891359,2097152
138535,3.46975e+07,2097152,2.35743e+06
#145461,35904213,2097152
#145461,35671021,2097152
#145461,37018789,2097152
#145461,35603745,2097152
#145461,35817059,2097152
145461,3.6003e+07,2097152,1.0376e+06
#152734,37459200,2097152
#152734,37829082,2097152
#152734,37504314,2097152
#152734,38518826,2097152
#152734,38215584,2097152
152734,3.79054e+07,2097152,818923
#160370,40736766,2097152
#160370,41166581,2097152
#160370,42318707,2097152
#160370,39982813,2097152
#160370,41593572,2097152
160370,4.11597e+07,2097152,1.57366e+06
#168388,40986221,2097152
#168388,40856009,2097152
#168388,40983655,2097152
#168388,42227596,2097152
#168388,41045990,2097152
168388,4.12199e+07,2097152,1.0153e+06
#176807,44268595,2097152
#176807,44231837,2097152
#176807,44147086,2097152
#176807,45243959,2097152
#176807,45210780,2097152
176807,4.46205e+07,2097152,994444
#185647,57376167,2097152
#185647,52794114,2097152
#185647,47260565,2097152
#185647,46809691,2097152
#185647,47261541,2097152
185647,5.03004e+07,2097152,8.34004e+06
#194929,49709589,2097152
#194929,49645452,2097152
#194929,48866286,2097152
#194929,48683053,2097152
#194929,48602059,2097152
194929,4.91013e+07,2097152,957296
#204675,51348836,4194304
#204675,50934023,4194304
#204675,49966520,4194304
#204675,50008884,4194304
#204675,49833239,4194304
204675,5.04183e+07,4194304,1.2152e+06
#214908,52912744,4194304
#214908,52821818,4194304
#214908,53261402,4194304
#214908,52512649,4194304
#214908,52406211,4194304
214908,5.2783e+07,4194304,608124
#225653,55242495,4194304
#225653,56832572,4194304
#225653,55835590,4194304
#225653,54855968,4194304
#225653,55248199,4194304
225653,5.5603e+07,4194304,1.37981e+06
#236935,60848834,4194304
#236935,62983506,4194304
#236935,59195336,4194304
#236935,58996012,4194304
#236935,58172541,4194304
236935,6.00392e+07,4194304,3.41868e+06
#248781,60917977,4194304
#248781,61133796,4194304
#248781,61342374,4194304
#248781,60889476,4194304
#248781,61585784,4194304
248781,6.11739e+07,4194304,526144
#261220,64367416,4194304
#261220,64065392,4194304
#261220,68897436,4194304
#261220,66555725,4194304
#261220,64778593,4194304
261220,6.57329e+07,4194304,3.60524e+06
