#1,603,296
#1,138,296
#1,76,296
#1,59,296
#1,58,296
#1,58,296
1,165.333,296,395.497
#2,172,296
#2,118,296
#2,103,296
#2,79,296
#2,76,296
#2,74,296
2,103.667,296,68.9412
#3,188,296
#3,136,296
#3,99,296
#3,92,296
#3,91,296
#3,91,296
3,116.167,296,71.6419
#4,183,296
#4,122,296
#4,110,296
#4,109,296
#4,109,296
#4,110,296
4,123.833,296,53.7081
#5,184,296
#5,191,296
#5,127,296
#5,127,296
#5,127,296
#5,127,296
5,147.167,296,57.1829
#6,250,296
#6,201,296
#6,159,296
#6,149,296
#6,149,296
#6,145,296
6,175.5,296,76.6268
#7,226,296
#7,185,296
#7,164,296
#7,165,296
#7,164,296
#7,166,296
7,178.333,296,45.1467
#8,247,296
#8,215,296
#8,183,296
#8,183,296
#8,183,296
#8,183,296
8,199,296,48.8808
#9,263,296
#9,229,296
#9,212,296
#9,202,296
#9,200,296
#9,201,296
9,217.833,296,45.0987
#10,284,296
#10,275,296
#10,226,296
#10,229,296
#10,223,296
#10,223,296
10,243.333,296,51.5709
#11,293,296
#11,301,296
#11,290,296
#11,272,296
#11,275,296
#11,247,296
11,279.667,296,35.4714
#12,325,296
#12,305,296
#12,309,296
#12,266,296
#12,261,296
#12,260,296
12,287.667,296,52.2515
#13,966,424
#13,737,424
#13,659,424
#13,558,424
#13,541,424
#13,536,424
13,666.167,424,304.717
#14,986,424
#14,684,424
#14,629,424
#14,571,424
#14,554,424
#14,552,424
14,662.667,424,303.964
#15,1229,424
#15,678,424
#15,642,424
#15,612,424
#15,595,424
#15,583,424
15,723.167,424,456.747
#16,860,424
#16,677,424
#16,611,424
#16,595,424
#16,587,424
#16,577,424
16,651.167,424,197.762
#17,865,424
#17,711,424
#17,664,424
#17,668,424
#17,632,424
#17,619,424
17,693.167,424,164.46
#18,915,424
#18,688,424
#18,673,424
#18,675,424
#18,632,424
#18,634,424
18,702.833,424,194.345
#19,855,424
#19,742,424
#19,716,424
#19,704,424
#19,682,424
#19,672,424
19,728.5,424,121.917
#20,908,424
#20,786,424
#20,730,424
#20,713,424
#20,686,424
#20,691,424
20,752.333,424,153.999
#21,868,424
#21,783,424
#21,754,424
#21,749,424
#21,743,424
#21,744,424
21,773.5,424,88.6999
#22,949,424
#22,850,424
#22,792,424
#22,780,424
#22,766,424
#22,761,424
22,816.333,424,132.266
#23,1275,424
#23,1069,424
#23,894,424
#23,851,424
#23,799,424
#23,808,424
23,949.333,424,342.233
#24,980,424
#24,871,424
#24,834,424
#24,830,424
#24,797,424
#24,798,424
24,851.667,424,125.149
#25,2016,680
#25,1657,680
#25,1450,680
#25,1401,680
#25,1391,680
#25,1353,680
25,1544.67,680,465.278
#26,2087,680
#26,1566,680
#26,1462,680
#26,1390,680
#26,1342,680
#26,1354,680
26,1533.5,680,517.697
#27,2196,680
#27,1736,680
#27,1556,680
#27,1397,680
#27,1374,680
#27,1373,680
27,1605.33,680,588.383
#28,1923,680
#28,1660,680
#28,1524,680
#28,1452,680
#28,1481,680
#28,1380,680
28,1570,680,358.488
#29,2272,680
#29,1765,680
#29,1647,680
#29,1559,680
#29,1442,680
#29,1417,680
29,1683.67,680,576.86
#30,1973,680
#30,1753,680
#30,1527,680
#30,1486,680
#30,1402,680
#30,1405,680
30,1591,680,414.412
#31,1943,680
#31,1682,680
#31,1630,680
#31,1589,680
#31,1493,680
#31,1506,680
31,1640.5,680,300.929
#32,2032,680
#32,1925,680
#32,1630,680
#32,1570,680
#32,1566,680
#32,1518,680
32,1706.83,680,394.503
#33,2010,680
#33,1661,680
#33,1482,680
#33,1484,680
#33,1478,680
#33,1459,680
33,1595.67,680,394.845
#34,2146,680
#34,1816,680
#34,1775,680
#34,1593,680
#34,1520,680
#34,1591,680
34,1740.17,680,419.561
#35,1977,680
#35,1830,680
#35,1715,680
#35,1697,680
#35,1607,680
#35,1587,680
35,1735.5,680,267.979
#36,2191,680
#36,1790,680
#36,1769,680
#36,1675,680
#36,1594,680
#36,1568,680
36,1764.5,680,414.942
#37,3297,936
#37,2980,936
#37,2707,936
#37,2593,936
#37,2459,936
#37,2484,936
37,2753.33,936,596.645
#38,3247,936
#38,2828,936
#38,2665,936
#38,2642,936
#38,2548,936
#38,2483,936
38,2735.5,936,505.182
#39,3789,936
#39,3124,936
#39,2809,936
#39,2725,936
#39,2652,936
#39,2635,936
39,2955.67,936,813.445
#40,3334,936
#40,2966,936
#40,2743,936
#40,2636,936
#40,2484,936
#40,2548,936
40,2785.17,936,580.171
#42,3432,936
#42,2947,936
#42,2691,936
#42,2670,936
#42,2579,936
#42,2563,936
42,2813.67,936,607.565
#44,3571,936
#44,3229,936
#44,3079,936
#44,2819,936
#44,2592,936
#44,2569,936
44,2976.5,936,714.794
#46,3554,936
#46,3184,936
#46,2961,936
#46,2856,936
#46,2728,936
#46,2660,936
46,2990.5,936,606.669
#48,3983,936
#48,3627,936
#48,3103,936
#48,3052,936
#48,2902,936
#48,2826,936
48,3248.83,936,833.108
#50,5929,1192
#50,5107,1192
#50,4438,1192
#50,4211,1192
#50,4049,1192
#50,4035,1192
50,4628.17,1192,1370.87
#52,5742,1192
#52,5271,1192
#52,4692,1192
#52,4517,1192
#52,4310,1192
#52,4276,1192
52,4801.33,1192,1069.46
#54,5786,1192
#54,4891,1192
#54,4444,1192
#54,4480,1192
#54,4238,1192
#54,4169,1192
54,4668,1192,1101.23
#56,5610,1192
#56,5196,1192
#56,4639,1192
#56,4477,1192
#56,4386,1192
#56,4202,1192
56,4751.67,1192,985.951
#58,5872,1192
#58,5407,1192
#58,4641,1192
#58,4369,1192
#58,4307,1192
#58,4216,1192
58,4802,1192,1241.71
#60,5723,1192
#60,5111,1192
#60,4628,1192
#60,4591,1192
#60,4533,1192
#60,4331,1192
60,4819.5,1192,934.838
#63,7784,1320
#63,7317,1320
#63,6579,1320
#63,6279,1320
#63,5992,1320
#63,5937,1320
63,6648,1320,1369.87
#66,8107,1320
#66,7210,1320
#66,6534,1320
#66,6357,1320
#66,6082,1320
#66,5983,1320
66,6712.17,1320,1478.76
#69,7879,1320
#69,7001,1320
#69,6497,1320
#69,6279,1320
#69,6076,1320
#69,6085,1320
69,6636.17,1320,1275.99
#72,8028,1320
#72,7437,1320
#72,6835,1320
#72,6527,1320
#72,6527,1320
#72,6368,1320
72,6953.67,1320,1185.74
#75,10762,1576
#75,10461,1576
#75,9644,1576
#75,9104,1576
#75,8852,1576
#75,8801,1576
75,9604,1576,1535.65
#78,10431,1576
#78,9763,1576
#78,8919,1576
#78,8677,1576
#78,8547,1576
#78,8311,1576
78,9108,1576,1494.6
#81,11220,1576
#81,10918,1576
#81,9887,1576
#81,9350,1576
#81,9089,1576
#81,22761,1576
81,12204.2,1576,9566.93
#85,10402,1576
#85,10042,1576
#85,9530,1576
#85,8948,1576
#85,8773,1576
#85,8823,1576
85,9419.67,1576,1254.62
#89,10796,1576
#89,10282,1576
#89,9625,1576
#89,9148,1576
#89,8562,1576
#89,8362,1576
89,9462.5,1576,1750.64
#93,10711,1576
#93,10321,1576
#93,9675,1576
#93,9286,1576
#93,8898,1576
#93,9060,1576
93,9658.5,1576,1322.18
#97,11506,1576
#97,10801,1576
#97,10694,1576
#97,9926,1576
#97,9740,1576
#97,9503,1576
97,10361.7,1576,1396.79
#101,14820,1832
#101,13824,1832
#101,13028,1832
#101,12503,1832
#101,12710,1832
#101,11889,1832
101,13129,1832,1907.48
#106,13699,1832
#106,13419,1832
#106,12586,1832
#106,12290,1832
#106,11747,1832
#106,11870,1832
106,12601.8,1832,1468.64
#111,15047,1832
#111,14552,1832
#111,13389,1832
#111,13005,1832
#111,12610,1832
#111,12283,1832
111,13481,1832,2004.71
#116,15099,1832
#116,14620,1832
#116,13775,1832
#116,13272,1832
#116,12847,1832
#116,12647,1832
116,13710,1832,1794.11
#121,15316,1832
#121,14887,1832
#121,13558,1832
#121,12901,1832
#121,12865,1832
#121,12568,1832
121,13682.5,1832,2106.47
#127,18834,2088
#127,17620,2088
#127,16641,2088
#127,16301,2088
#127,15941,2088
#127,15502,2088
127,16806.5,2088,2237
#133,19572,2088
#133,18794,2088
#133,17733,2088
#133,16962,2088
#133,16715,2088
#133,16373,2088
133,17691.5,2088,2306.18
#139,18936,2088
#139,18091,2088
#139,17033,2088
#139,16362,2088
#139,15927,2088
#139,16028,2088
139,17062.8,2088,2223.95
#145,18876,2088
#145,18328,2088
#145,17716,2088
#145,17002,2088
#145,16540,2088
#145,16273,2088
145,17455.8,2088,1877.77
#152,23930,2472
#152,23697,2472
#152,22709,2472
#152,21945,2472
#152,21576,2472
#152,21013,2472
152,22478.3,2472,2143.45
#159,28860,2472
#159,28624,2472
#159,26911,2472
#159,26294,2472
#159,25346,2472
#159,25890,2472
159,26987.5,2472,2654.58
#166,31508,2472
#166,24107,2472
#166,28452,2472
#166,29578,2472
#166,28139,2472
#166,28782,2472
166,28427.7,2472,4448.92
#174,39603,2472
#174,31153,2472
#174,32006,2472
#174,37973,2472
#174,36838,2472
#174,26272,2472
174,33974.2,2472,9202.61
#182,25660,2472
#182,25087,2472
#182,34191,2472
#182,22911,2472
#182,22570,2472
#182,22343,2472
182,25460.3,2472,8204.66
#191,32139,2856
#191,31939,2856
#191,29931,2856
#191,29457,2856
#191,29198,2856
#191,28801,2856
191,30244.2,2856,2627.77
#200,30900,2856
#200,30048,2856
#200,28600,2856
#200,37129,2856
#200,33737,2856
#200,31602,2856
200,32002.7,2856,5541.51
#210,45777,2856
#210,38344,2856
#210,31530,2856
#210,30274,2856
#210,29823,2856
#210,29865,2856
210,34268.8,2856,11878.9
#220,32369,2856
#220,34454,2856
#220,39207,2856
#220,41908,2856
#220,32458,2856
#220,36263,2856
220,36109.8,2856,6990.76
#231,50263,3368
#231,52816,3368
#231,39852,3368
#231,36799,3368
#231,36118,3368
#231,35855,3368
231,41950.5,3368,13887
#242,42328,3368
#242,41376,3368
#242,40084,3368
#242,48200,3368
#242,42772,3368
#242,53259,3368
242,44669.8,3368,9208.73
#254,54824,3368
#254,52243,3368
#254,50321,3368
#254,39843,3368
#254,49063,3368
#254,45872,3368
254,48694.3,3368,9635.33
#266,46866,3368
#266,51836,3368
#266,49506,3368
#266,52742,3368
#266,52615,3368
#266,53871,3368
266,51239.3,3368,4730.23
#279,61519,3880
#279,54491,3880
#279,45745,3880
#279,45301,3880
#279,57755,3880
#279,43384,3880
279,51365.8,3880,13802.4
#292,46358,3880
#292,45344,3880
#292,44171,3880
#292,43373,3880
#292,43249,3880
#292,43046,3880
292,44256.8,3880,2431.35
#306,48556,3880
#306,47813,3880
#306,46554,3880
#306,46354,3880
#306,45340,3880
#306,45382,3880
306,46666.5,3880,2367.07
#321,61146,4520
#321,59906,4520
#321,58587,4520
#321,58141,4520
#321,70107,4520
#321,55879,4520
321,60627.7,4520,9075.42
#337,57046,4520
#337,56180,4520
#337,64579,4520
#337,56181,4520
#337,54160,4520
#337,54324,4520
337,57078.3,4520,7022.64
#353,56473,4520
#353,55183,4520
#353,54608,4520
#353,54080,4520
#353,53808,4520
#353,57450,4520
353,55267,4520,2607.54
#370,62499,4520
#370,60402,4520
#370,59032,4520
#370,62425,4520
#370,69432,4520
#370,63419,4520
370,62868.2,4520,6558.36
#388,67712,5288
#388,66661,5288
#388,65463,5288
#388,65050,5288
#388,64771,5288
#388,64701,5288
388,65726.3,5288,2207.14
#407,71850,5288
#407,70890,5288
#407,69418,5288
#407,68658,5288
#407,68780,5288
#407,68621,5288
407,69702.8,5288,2478.51
#427,67599,5288
#427,73791,5288
#427,65334,5288
#427,64806,5288
#427,64609,5288
#427,64399,5288
427,66756.3,5288,6642.87
#448,117427,5288
#448,69122,5288
#448,67630,5288
#448,80599,5288
#448,65269,5288
#448,65271,5288
448,77553,5288,37152.9
#470,80039,6184
#470,78701,6184
#470,78319,6184
#470,97930,6184
#470,107775,6184
#470,77572,6184
470,86722.7,6184,23553.9
#493,103649,6184
#493,82679,6184
#493,88972,6184
#493,89598,6184
#493,81921,6184
#493,92152,6184
493,89828.5,6184,14395.3
#517,97648,6184
#517,85352,6184
#517,105702,6184
#517,84267,6184
#517,88580,6184
#517,83830,6184
517,90896.5,6184,16223
#542,104700,7208
#542,103713,7208
#542,125613,7208
#542,149009,7208
#542,148935,7208
#542,145342,7208
542,129552,7208,39195.2
#569,143014,7208
#569,136413,7208
#569,147502,7208
#569,148203,7208
#569,155170,7208
#569,211613,7208
569,156986,7208,50152.8
#597,130875,7208
#597,142578,7208
#597,147677,7208
#597,150972,7208
#597,150269,7208
#597,151391,7208
597,145627,7208,14479
#626,155248,7208
#626,169536,7208
#626,161680,7208
#626,166164,7208
#626,156844,7208
#626,163939,7208
626,162235,7208,9994.48
#657,183233,8360
#657,189896,8360
#657,185781,8360
#657,183121,8360
#657,207059,8360
#657,178197,8360
657,187881,8360,18516.8
#689,174987,8360
#689,185915,8360
#689,178329,8360
#689,182502,8360
#689,188145,8360
#689,182010,8360
689,181981,8360,8793.81
#723,199270,8360
#723,192384,8360
#723,196302,8360
#723,195944,8360
#723,187694,8360
#723,188333,8360
723,193321,8360,8507.97
#759,216541,9768
#759,218378,9768
#759,220817,9768
#759,218753,9768
#759,218669,9768
#759,210432,9768
759,217265,9768,6595.7
#796,165431,9768
#796,140680,9768
#796,139417,9768
#796,139671,9768
#796,139252,9768
#796,138878,9768
796,143888,9768,19300.4
#835,203575,9768
#835,232846,9768
#835,214312,9768
#835,157715,9768
#835,216111,9768
#835,158279,9768
835,197140,9768,57940.3
#876,228118,9768
#876,224516,9768
#876,150425,9768
#876,141228,9768
#876,186347,9768
#876,185620,9768
876,186042,9768,65968.6
#919,167044,11432
#919,180897,11432
#919,193396,11432
#919,166874,11432
#919,190525,11432
#919,161433,11432
919,176695,11432,24635.6
#964,199897,11432
#964,173217,11432
#964,185920,11432
#964,160317,11432
#964,186755,11432
#964,168885,11432
964,179165,11432,26196.2
#1012,176884,11432
#1012,164906,11432
#1012,197982,11432
#1012,164354,11432
#1012,192305,11432
#1012,154336,11432
1012,175128,11432,31340.2
#1062,226046,13352
#1062,199276,13352
#1062,218308,13352
#1062,193954,13352
#1062,229569,13352
#1062,197888,13352
1062,210840,13352,28570.2
#1115,232569,13352
#1115,195171,13352
#1115,230679,13352
#1115,186531,13352
#1115,185290,13352
#1115,203095,13352
1115,205556,13352,38707.7
#1170,244504,13352
#1170,210179,13352
#1170,190620,13352
#1170,244694,13352
#1170,223833,13352
#1170,243488,13352
1170,226220,13352,40858.7
#1228,237347,15528
#1228,253964,15528
#1228,265210,15528
#1228,232453,15528
#1228,261692,15528
#1228,245488,15528
1228,249359,15528,24078.3
#1289,251795,15528
#1289,214845,15528
#1289,229191,15528
#1289,203756,15528
#1289,294686,15528
#1289,215043,15528
1289,234886,15528,61421.2
#1353,257609,15528
#1353,254199,15528
#1353,225696,15528
#1353,263882,15528
#1353,230822,15528
#1353,228580,15528
1353,243465,15528,30868.2
#1420,268364,15528
#1420,221097,15528
#1420,273561,15528
#1420,243148,15528
#1420,206301,15528
#1420,220416,15528
1420,238814,15528,50390.6
#1491,252780,18088
#1491,274058,18088
#1491,292873,18088
#1491,283880,18088
#1491,260901,18088
#1491,317392,18088
1491,280314,18088,42578.1
#1565,262567,18088
#1565,284835,18088
#1565,285546,18088
#1565,281774,18088
#1565,292123,18088
#1565,260533,18088
1565,277896,18088,23952.3
#1643,335138,18088
#1643,284137,18088
#1643,305522,18088
#1643,317608,18088
#1643,256261,18088
#1643,307832,18088
1643,301083,18088,50294.1
#1725,372661,21032
#1725,407672,21032
#1725,367794,21032
#1725,419306,21032
#1725,368703,21032
#1725,405845,21032
1725,390330,21032,42181
#1811,332324,21032
#1811,392195,21032
#1811,385718,21032
#1811,345346,21032
#1811,367644,21032
#1811,461775,21032
1811,380834,21032,83630
#1901,369430,21032
#1901,413875,21032
#1901,475929,21032
#1901,361217,21032
#1901,438192,21032
#1901,430248,21032
1901,414815,21032,79385.2
#1996,454066,24488
#1996,479004,24488
#1996,443984,24488
#1996,454239,24488
#1996,504663,24488
#1996,396864,24488
1996,455470,24488,66049.9
#2095,435346,24488
#2095,397780,24488
#2095,412239,24488
#2095,387902,24488
#2095,415057,24488
#2095,395130,24488
2095,407242,24488,31476.4
#2199,441433,24488
#2199,437991,24488
#2199,475307,24488
#2199,437468,24488
#2199,444497,24488
#2199,493898,24488
2199,455099,24488,43331.5
#2308,613223,28584
#2308,592135,28584
#2308,621274,28584
#2308,617653,28584
#2308,638985,28584
#2308,594850,28584
2308,613020,28584,31939
#2423,601333,28584
#2423,669162,28584
#2423,566530,28584
#2423,564697,28584
#2423,705318,28584
#2423,523311,28584
2423,605058,28584,126415
#2544,629427,28584
#2544,625440,28584
#2544,695377,28584
#2544,679523,28584
#2544,605550,28584
#2544,595292,28584
2544,638435,28584,73590.6
#2671,699529,28584
#2671,580726,28584
#2671,566367,28584
#2671,527245,28584
#2671,555677,28584
#2671,534982,28584
2671,577421,28584,114993
#2804,610834,33320
#2804,637965,33320
#2804,610430,33320
#2804,624808,33320
#2804,606300,33320
#2804,571882,33320
2804,610370,33320,40563.1
#2944,682057,33320
#2944,670929,33320
#2944,663229,33320
#2944,689076,33320
#2944,608967,33320
#2944,667131,33320
2944,663565,33320,51902.2
#3091,701568,33320
#3091,719301,33320
#3091,664208,33320
#3091,681054,33320
#3091,631848,33320
#3091,680113,33320
3091,679682,33320,55246.5
#3245,718129,38824
#3245,727285,38824
#3245,740011,38824
#3245,756113,38824
#3245,776845,38824
#3245,860958,38824
3245,763224,38824,95401.1
#3407,770927,38824
#3407,847337,38824
#3407,793801,38824
#3407,826211,38824
#3407,761786,38824
#3407,696628,38824
3407,782782,38824,97223.9
#3577,713232,38824
#3577,797772,38824
#3577,868033,38824
#3577,864327,38824
#3577,859628,38824
#3577,879617,38824
3577,830435,38824,117294
#3755,1057764,45224
#3755,941976,45224
#3755,1068364,45224
#3755,914954,45224
#3755,896531,45224
#3755,893493,45224
3755,962180,45224,146236
#3942,874718,45224
#3942,985016,45224
#3942,919493,45224
#3942,897929,45224
#3942,925747,45224
#3942,997257,45224
3942,933360,45224,88301.2
#4139,942544,45224
#4139,886141,45224
#4139,872884,45224
#4139,894743,45224
#4139,886624,45224
#4139,882181,45224
4139,894186,45224,45156.1
#4345,934127,52776
#4345,924498,52776
#4345,979697,52776
#4345,1015633,52776
#4345,999174,52776
#4345,1002098,52776
4345,975871,52776,69321.9
#4562,1019380,52776
#4562,1010461,52776
#4562,1006545,52776
#4562,977052,52776
#4562,1080192,52776
#4562,1035605,52776
4562,1.02154e+06,52776,63083.7
#4790,1110462,52776
#4790,1055216,52776
#4790,1152849,52776
#4790,1045191,52776
#4790,1091776,52776
#4790,1122352,52776
4790,1.09631e+06,52776,74822.2
#5029,1219058,61608
#5029,1198363,61608
#5029,1265739,61608
#5029,1218401,61608
#5029,1221387,61608
#5029,1183301,61608
5029,1.21771e+06,61608,50865.1
#5280,1145017,61608
#5280,1194008,61608
#5280,1235206,61608
#5280,1251638,61608
#5280,1225751,61608
#5280,1218593,61608
5280,1.2117e+06,61608,69051.4
#5544,1144679,61608
#5544,1135046,61608
#5544,1130945,61608
#5544,1168772,61608
#5544,1143995,61608
#5544,1157525,61608
5544,1.14683e+06,61608,25815.9
#5821,1130161,61608
#5821,1133582,61608
#5821,1134157,61608
#5821,1117047,61608
#5821,1128864,61608
#5821,1148528,61608
5821,1.13206e+06,61608,18567.3
#6112,1357345,71848
#6112,1314281,71848
#6112,1323741,71848
#6112,1414572,71848
#6112,1292539,71848
#6112,1226973,71848
6112,1.32158e+06,71848,114829
#6417,1315313,71848
#6417,1327800,71848
#6417,1422196,71848
#6417,1469493,71848
#6417,1453669,71848
#6417,1428274,71848
6417,1.40279e+06,71848,119275
#6737,1365328,71848
#6737,1378219,71848
#6737,1341873,71848
#6737,1383053,71848
#6737,1368682,71848
#6737,1340333,71848
6737,1.36291e+06,71848,32980.2
#7073,1557705,83752
#7073,1505843,83752
#7073,1505518,83752
#7073,1521356,83752
#7073,1598180,83752
#7073,1592142,83752
7073,1.54679e+06,83752,76784.5
#7426,1655658,83752
#7426,1664223,83752
#7426,1620657,83752
#7426,1512144,83752
#7426,1492185,83752
#7426,1456798,83752
7426,1.56694e+06,83752,165212
#7797,1554648,83752
#7797,1486812,83752
#7797,1484471,83752
#7797,1489513,83752
#7797,1443045,83752
#7797,1510336,83752
7797,1.4948e+06,83752,66834
#8186,1645281,97704
#8186,1666249,97704
#8186,1610210,97704
#8186,1637126,97704
#8186,1656883,97704
#8186,1603274,97704
8186,1.6365e+06,97704,45993.5
#8595,1620051,97704
#8595,1618947,97704
#8595,1712019,97704
#8595,1664328,97704
#8595,1654544,97704
#8595,1625374,97704
8595,1.64921e+06,97704,66011.2
#9024,1648271,97704
#9024,1650249,97704
#9024,1709169,97704
#9024,1727001,97704
#9024,1681540,97704
#9024,1643186,97704
9024,1.67657e+06,97704,64491.9
#9475,1852683,113960
#9475,1940482,113960
#9475,1892938,113960
#9475,1897264,113960
#9475,1906072,113960
#9475,1911005,113960
9475,1.90007e+06,113960,52236.6
#9948,2032029,113960
#9948,1950049,113960
#9948,1961094,113960
#9948,1944835,113960
#9948,1956884,113960
#9948,1896120,113960
9948,1.95684e+06,113960,79785.7
#10445,2018706,113960
#10445,1957420,113960
#10445,1961623,113960
#10445,1979279,113960
#10445,2062003,113960
#10445,1951578,113960
10445,1.98843e+06,113960,79379.5
#10967,2278990,132904
#10967,2378215,132904
#10967,2310623,132904
#10967,2190639,132904
#10967,2219928,132904
#10967,2265846,132904
10967,2.27404e+06,132904,121563
#11515,2253444,132904
#11515,2309779,132904
#11515,2257617,132904
#11515,2263191,132904
#11515,2243922,132904
#11515,2259445,132904
11515,2.26457e+06,132904,42193.9
#12090,2380312,132904
#12090,2375349,132904
#12090,2375558,132904
#12090,2274089,132904
#12090,2263706,132904
#12090,2325376,132904
12090,2.3324e+06,132904,97198
#12694,2717731,155048
#12694,2663790,155048
#12694,2692959,155048
#12694,2710674,155048
#12694,3243081,155048
#12694,2769578,155048
12694,2.79964e+06,155048,401666
#13328,2842143,155048
#13328,2682317,155048
#13328,2696938,155048
#13328,2670030,155048
#13328,2691498,155048
#13328,2733824,155048
13328,2.71946e+06,155048,116532
#13994,2686758,155048
#13994,2753855,155048
#13994,2834513,155048
#13994,2899888,155048
#13994,2931008,155048
#13994,2832965,155048
13994,2.82316e+06,155048,165634
#14693,2758670,155048
#14693,2915566,155048
#14693,2919288,155048
#14693,2945449,155048
#14693,2864233,155048
#14693,2836650,155048
14693,2.87331e+06,155048,125624
#15427,3246846,180904
#15427,3239659,180904
#15427,3256947,180904
#15427,3305553,180904
#15427,3290694,180904
#15427,3294332,180904
15427,3.27234e+06,180904,50849.8
#16198,3267524,180904
#16198,3207845,180904
#16198,3220269,180904
#16198,3295359,180904
#16198,3319638,180904
#16198,3405118,180904
16198,3.28596e+06,180904,132107
#17007,3266304,180904
#17007,3381514,180904
#17007,3369908,180904
#17007,3386316,180904
#17007,3388257,180904
#17007,3470331,180904
17007,3.3771e+06,180904,119019
#17857,3691395,210984
#17857,3644397,210984
#17857,3656104,210984
#17857,3654256,210984
#17857,3677961,210984
#17857,3738727,210984
17857,3.67714e+06,210984,63430.4
#18749,3857678,210984
#18749,3725028,210984
#18749,3765644,210984
#18749,3796943,210984
#18749,3868992,210984
#18749,3783295,210984
18749,3.7996e+06,210984,100582
#19686,3777574,210984
#19686,3779520,210984
#19686,3783756,210984
#19686,3786949,210984
#19686,3845120,210984
#19686,3785279,210984
19686,3.79303e+06,210984,47030.8
#20670,4263997,246184
#20670,4346556,246184
#20670,4296876,246184
#20670,4292708,246184
#20670,4297246,246184
#20670,4258318,246184
20670,4.29262e+06,246184,57413.8
#21703,4292761,246184
#21703,4325445,246184
#21703,4284890,246184
#21703,4310981,246184
#21703,4348114,246184
#21703,4509520,246184
21703,4.34529e+06,246184,152661
#22788,4341281,246184
#22788,4485670,246184
#22788,4487834,246184
#22788,4487523,246184
#22788,4463073,246184
#22788,4456733,246184
22788,4.45369e+06,246184,103493
#23927,4974994,287144
#23927,5025185,287144
#23927,5085158,287144
#23927,5226543,287144
#23927,5145244,287144
#23927,5129934,287144
23927,5.09784e+06,287144,164058
#25123,5010134,287144
#25123,4941167,287144
#25123,5077884,287144
#25123,5226814,287144
#25123,5108772,287144
#25123,5073726,287144
25123,5.07308e+06,287144,175679
#26379,5116434,287144
#26379,5091856,287144
#26379,5133006,287144
#26379,5200702,287144
#26379,5467129,287144
#26379,5223864,287144
26379,5.2055e+06,287144,251546
#27697,6145714,335016
#27697,8355917,335016
#27697,7671656,335016
#27697,6258943,335016
#27697,6154952,335016
#27697,6131896,335016
27697,6.78651e+06,335016,1.78192e+06
#29081,7551130,335016
#29081,6169647,335016
#29081,6129642,335016
#29081,5966826,335016
#29081,5911084,335016
#29081,5904146,335016
29081,6.27208e+06,335016,1.16207e+06
#30535,6074821,335016
#30535,6115386,335016
#30535,6012207,335016
#30535,5977259,335016
#30535,6144466,335016
#30535,6024497,335016
30535,6.05811e+06,335016,117731
#32061,6787744,390824
#32061,6859100,390824
#32061,6832482,390824
#32061,6893345,390824
#32061,6841608,390824
#32061,6824096,390824
32061,6.83973e+06,390824,64564.1
#33664,6848821,390824
#33664,6907784,390824
#33664,6982902,390824
#33664,6917168,390824
#33664,6857430,390824
#33664,6932222,390824
33664,6.90772e+06,390824,90701.4
#35347,6826248,390824
#35347,7031789,390824
#35347,7030572,390824
#35347,7015885,390824
#35347,6927359,390824
#35347,7007346,390824
35347,6.9732e+06,390824,149239
#37114,7045118,390824
#37114,6935394,390824
#37114,7178180,390824
#37114,6946432,390824
#37114,7096514,390824
#37114,6933682,390824
37114,7.02255e+06,390824,185272
#38969,7978323,455976
#38969,8026549,455976
#38969,7930538,455976
#38969,8129828,455976
#38969,8037045,455976
#38969,8089158,455976
38969,8.03191e+06,455976,131829
#40917,8072052,455976
#40917,8060765,455976
#40917,8117469,455976
#40917,8015616,455976
#40917,8206066,455976
#40917,8205541,455976
40917,8.11292e+06,455976,144069
#42962,7888164,455976
#42962,8146058,455976
#42962,8058983,455976
#42962,8289936,455976
#42962,8300725,455976
#42962,8166700,455976
42962,8.14176e+06,455976,281697
#45110,9240315,532008
#45110,9376823,532008
#45110,9541208,532008
#45110,9313962,532008
#45110,9367959,532008
#45110,9273425,532008
45110,9.35228e+06,532008,194533
#47365,9452469,532008
#47365,11140266,532008
#47365,14837479,532008
#47365,9880654,532008
#47365,9501216,532008
#47365,9448404,532008
47365,1.07101e+07,532008,3.8767e+06
#49733,9390493,532008
#49733,9714652,532008
#49733,9586866,532008
#49733,9523753,532008
#49733,9536787,532008
#49733,9582983,532008
49733,9.55592e+06,532008,192618
#52219,10789040,620712
#52219,10834677,620712
#52219,12476928,620712
#52219,12205131,620712
#52219,12808879,620712
#52219,13008885,620712
52219,1.20206e+07,620712,1.78205e+06
#54829,11315197,620712
#54829,11062329,620712
#54829,11118999,620712
#54829,11030398,620712
#54829,10878955,620712
#54829,11048723,620712
54829,1.10758e+07,620712,259359
#57570,11061430,620712
#57570,11048289,620712
#57570,11176976,620712
#57570,10956078,620712
#57570,11182945,620712
#57570,11312296,620712
57570,1.1123e+07,620712,230326
#60448,12485971,724136
#60448,12614623,724136
#60448,12840015,724136
#60448,12945919,724136
#60448,12719087,724136
#60448,13574992,724136
60448,1.28634e+07,724136,701849
#63470,12785295,724136
#63470,14584806,724136
#63470,12822046,724136
#63470,12975185,724136
#63470,13127526,724136
#63470,13244104,724136
63470,1.32565e+07,724136,1.23048e+06
#66643,13230465,724136
#66643,13151168,724136
#66643,13234763,724136
#66643,13192111,724136
#66643,13397982,724136
#66643,13240882,724136
66643,1.32412e+07,724136,153303
#69975,14570894,844840
#69975,14950565,844840
#69975,14929648,844840
#69975,15030000,844840
#69975,14863604,844840
#69975,14909352,844840
69975,1.48757e+07,844840,290412
#73473,14555440,844840
#73473,14956445,844840
#73473,14933607,844840
#73473,14803444,844840
#73473,14838704,844840
#73473,15170808,844840
73473,1.48764e+07,844840,370688
#77146,14920716,844840
#77146,15237645,844840
#77146,15256219,844840
#77146,15155082,844840
#77146,15180461,844840
#77146,15118189,844840
77146,1.51447e+07,844840,221109
#81003,16846869,985640
#81003,17265084,985640
#81003,17208606,985640
#81003,17216732,985640
#81003,17122919,985640
#81003,17256155,985640
81003,1.71527e+07,985640,288650
#85053,16931158,985640
#85053,17368576,985640
#85053,17000481,985640
#85053,17028829,985640
#85053,17023237,985640
#85053,17039039,985640
85053,1.70652e+07,985640,280429
#89305,17154449,985640
#89305,17294883,985640
#89305,17354627,985640
#89305,17400039,985640
#89305,17369240,985640
#89305,17513724,985640
89305,1.73478e+07,985640,217487
#93770,17464238,985640
#93770,17638970,985640
#93770,17649198,985640
#93770,17764250,985640
#93770,17985957,985640
#93770,17910760,985640
93770,1.77356e+07,985640,350828
#98458,19822173,1149864
#98458,20093723,1149864
#98458,20529583,1149864
#98458,20258037,1149864
#98458,20181484,1149864
#98458,20141397,1149864
98458,2.01711e+07,1149864,420155
#103380,20063376,1149864
#103380,20600884,1149864
#103380,20587268,1149864
#103380,20556766,1149864
#103380,20407935,1149864
#103380,20533709,1149864
103380,2.04583e+07,1149864,374919
#108549,20356905,1149864
#108549,20538254,1149864
#108549,20468307,1149864
#108549,20500535,1149864
#108549,20659754,1149864
#108549,20648679,1149864
108549,2.05287e+07,1149864,209150
#113976,23191021,1341480
#113976,23371313,1341480
#113976,23395739,1341480
#113976,23651299,1341480
#113976,23667609,1341480
#113976,23555894,1341480
113976,2.34721e+07,1341480,338971
#119674,23662205,1341480
#119674,24043685,1341480
#119674,24144058,1341480
#119674,23925174,1341480
#119674,24703696,1341480
#119674,23842806,1341480
119674,2.40536e+07,1341480,655756
#125657,23578858,1341480
#125657,23959891,1341480
#125657,23963375,1341480
#125657,23842025,1341480
#125657,23878604,1341480
#125657,23963380,1341480
125657,2.38644e+07,1341480,271966
#131939,26945057,1565096
#131939,27297901,1565096
#131939,27327774,1565096
#131939,27408144,1565096
#131939,27400813,1565096
#131939,27384572,1565096
131939,2.7294e+07,1565096,322033
#138535,27310874,1565096
#138535,27553532,1565096
#138535,27784566,1565096
#138535,27591666,1565096
#138535,27522975,1565096
#138535,27830295,1565096
138535,2.7599e+07,1565096,345301
#145461,28007509,1565096
#145461,27981342,1565096
#145461,28023824,1565096
#145461,28419415,1565096
#145461,27882188,1565096
#145461,28403147,1565096
145461,2.81196e+07,1565096,422299
#152734,31593023,1825960
#152734,32175049,1825960
#152734,31825604,1825960
#152734,31821735,1825960
#152734,31828751,1825960
#152734,31778692,1825960
152734,3.18371e+07,1825960,344125
#160370,31704481,1825960
#160370,31942190,1825960
#160370,31910817,1825960
#160370,31988729,1825960
#160370,31991687,1825960
#160370,31982638,1825960
160370,3.19201e+07,1825960,201348
#168388,32208811,1825960
#168388,32497533,1825960
#168388,32372154,1825960
#168388,32474814,1825960
#168388,32560560,1825960
#168388,32634829,1825960
168388,3.24581e+07,1825960,274587
#176807,36824362,2130216
#176807,37224833,2130216
#176807,37480278,2130216
#176807,38647572,2130216
#176807,37438336,2130216
#176807,37709316,2130216
176807,3.75541e+07,2130216,1.11939e+06
#185647,37445324,2130216
#185647,37819752,2130216
#185647,37355649,2130216
#185647,37634656,2130216
#185647,37499944,2130216
#185647,37456229,2130216
185647,3.75353e+07,2130216,304036
#194929,37677164,2130216
#194929,37925781,2130216
#194929,38330354,2130216
#194929,38026688,2130216
#194929,38101390,2130216
#194929,38091801,2130216
194929,3.80255e+07,2130216,395284
#204675,43702187,2485288
#204675,43708615,2485288
#204675,43775385,2485288
#204675,43674288,2485288
#204675,43269056,2485288
#204675,43160337,2485288
204675,4.35483e+07,2485288,479802
#214908,43549753,2485288
#214908,43966818,2485288
#214908,43772738,2485288
#214908,45193561,2485288
#214908,44465741,2485288
#214908,44039551,2485288
214908,4.41647e+07,2485288,1.07573e+06
#225653,43788279,2485288
#225653,44145407,2485288
#225653,44129191,2485288
#225653,44341571,2485288
#225653,44258132,2485288
#225653,44179363,2485288
225653,4.41403e+07,2485288,346399
#236935,44726775,2485288
#236935,44985544,2485288
#236935,45081704,2485288
#236935,45093648,2485288
#236935,44844152,2485288
#236935,44773618,2485288
236935,4.49176e+07,2485288,288766
#248781,50811880,2899496
#248781,53410106,2899496
#248781,53935550,2899496
#248781,52021272,2899496
#248781,51929057,2899496
#248781,51505372,2899496
248781,5.22689e+07,2899496,2.15449e+06
#261220,52384834,2899496
#261220,52422736,2899496
#261220,52668722,2899496
#261220,53355433,2899496
#261220,57452554,2899496
#261220,58085314,2899496
261220,5.43949e+07,2899496,4.82759e+06
#274281,54472173,2899496
#274281,53858013,2899496
#274281,53752698,2899496
#274281,53863456,2899496
#274281,53110339,2899496
#274281,53013389,2899496
274281,5.36783e+07,2899496,988951
#287995,60232213,3382696
#287995,61003357,3382696
#287995,61014342,3382696
#287995,60841692,3382696
#287995,62543963,3382696
#287995,61746697,3382696
287995,6.12304e+07,3382696,1.46917e+06
#302394,61061250,3382696
#302394,60797632,3382696
#302394,60618115,3382696
#302394,60629588,3382696
#302394,61389439,3382696
#302394,61512319,3382696
302394,6.10014e+07,3382696,703263
#317513,62004435,3382696
#317513,62329705,3382696
#317513,61960725,3382696
#317513,62084036,3382696
#317513,62017618,3382696
#317513,62359662,3382696
317513,6.2126e+07,3382696,318010
#333388,69771040,3946408
#333388,72398712,3946408
#333388,72578561,3946408
#333388,72393256,3946408
#333388,71311437,3946408
#333388,70392371,3946408
333388,7.14742e+07,3946408,2.16281e+06
#350057,70781392,3946408
#350057,70831896,3946408
#350057,71528441,3946408
#350057,71692958,3946408
#350057,71781462,3946408
#350057,70932468,3946408
350057,7.12581e+07,3946408,837070
#367559,71944895,3946408
#367559,71926866,3946408
#367559,72058566,3946408
#367559,72922474,3946408
#367559,72405496,3946408
#367559,71572833,3946408
367559,7.21385e+07,3946408,854222
#385936,81892073,4604072
#385936,82456720,4604072
#385936,82618870,4604072
#385936,82237357,4604072
#385936,82704364,4604072
#385936,82032702,4604072
385936,8.23237e+07,4604072,593387
#405232,83111315,4604072
#405232,84261972,4604072
#405232,86257616,4604072
#405232,86092469,4604072
#405232,86337292,4604072
#405232,84148264,4604072
405232,8.50348e+07,4604072,2.50246e+06
#425493,84292147,4604072
#425493,84814250,4604072
#425493,84619211,4604072
#425493,84536832,4604072
#425493,84595285,4604072
#425493,84599317,4604072
425493,8.45762e+07,4604072,307303
#446767,96414253,5371432
#446767,96289369,5371432
#446767,96987744,5371432
#446767,96746966,5371432
#446767,96682600,5371432
#446767,96583219,5371432
446767,9.66174e+07,5371432,453310
#469105,96758208,5371432
#469105,97736558,5371432
#469105,97212654,5371432
#469105,97384922,5371432
#469105,98026263,5371432
#469105,97177323,5371432
469105,9.73827e+07,5371432,816692
#492560,98214473,5371432
#492560,99453122,5371432
#492560,99186427,5371432
#492560,99006597,5371432
#492560,98812088,5371432
#492560,99812538,5371432
492560,9.90809e+07,5371432,1.00448e+06
#517188,112388018,6266664
#517188,112756933,6266664
#517188,116164309,6266664
#517188,116260200,6266664
#517188,113454052,6266664
#517188,119129459,6266664
517188,1.15025e+08,6266664,4.77745e+06
#543047,115130164,6266664
#543047,115673153,6266664
#543047,115305561,6266664
#543047,115056774,6266664
#543047,115530120,6266664
#543047,116374133,6266664
543047,1.15512e+08,6266664,881369
#570199,116372285,6266664
#570199,116021301,6266664
#570199,116986234,6266664
#570199,115960076,6266664
#570199,115820564,6266664
#570199,115847341,6266664
570199,1.16168e+08,6266664,816303
#598708,116923132,6266664
#598708,119110830,6266664
#598708,118863848,6266664
#598708,117557896,6266664
#598708,117091288,6266664
#598708,117289022,6266664
598708,1.17806e+08,6266664,1.7206e+06
#628643,134450109,7311144
#628643,134754565,7311144
#628643,136323860,7311144
#628643,137069823,7311144
#628643,136607751,7311144
#628643,134468909,7311144
628643,1.35613e+08,7311144,2.16261e+06
#660075,135976614,7311144
#660075,135668268,7311144
#660075,135780345,7311144
#660075,135878938,7311144
#660075,135902065,7311144
#660075,136291114,7311144
660075,1.35916e+08,7311144,387922
#693078,139305353,7311144
#693078,140075177,7311144
#693078,139142586,7311144
#693078,137881012,7311144
#693078,138884075,7311144
#693078,140738586,7311144
693078,1.39338e+08,7311144,1.80244e+06
#727731,157668566,8529704
#727731,157016905,8529704
#727731,157761974,8529704
#727731,157420880,8529704
#727731,157998583,8529704
#727731,159098515,8529704
727731,1.57828e+08,8529704,1.29014e+06
#764117,158960673,8529704
#764117,160334555,8529704
#764117,159217095,8529704
#764117,158512380,8529704
#764117,159508993,8529704
#764117,159807460,8529704
764117,1.5939e+08,8529704,1.17333e+06
#802322,163439266,8529704
#802322,162676644,8529704
#802322,162886169,8529704
#802322,163061958,8529704
#802322,162824973,8529704
#802322,162925828,8529704
802322,1.62969e+08,8529704,479397
#842438,184975503,9951272
#842438,188484330,9951272
#842438,185236580,9951272
#842438,185268145,9951272
#842438,187924695,9951272
#842438,186023805,9951272
842438,1.86319e+08,9951272,2.76103e+06
#884559,187826464,9951272
#884559,170999138,9951272
#884559,172537857,9951272
#884559,178304329,9951272
#884559,173465919,9951272
#884559,172636747,9951272
884559,1.75962e+08,9951272,1.1544e+07
#928786,174691274,9951272
#928786,175196528,9951272
#928786,176066045,9951272
#928786,176592982,9951272
#928786,174949502,9951272
#928786,175642040,9951272
928786,1.75523e+08,9951272,1.31179e+06
#975225,200067889,11609768
#975225,207140941,11609768
#975225,200933295,11609768
#975225,200817068,11609768
#975225,201910544,11609768
#975225,201383114,11609768
975225,2.02042e+08,11609768,4.69591e+06
#1023986,204523722,11609768
#1023986,203946701,11609768
#1023986,204622532,11609768
#1023986,205948586,11609768
#1023986,204356650,11609768
#1023986,206150889,11609768
1023986,2.04925e+08,11609768,1.64988e+06
#1075185,209612667,11609768
#1075185,207524794,11609768
#1075185,207200891,11609768
#1075185,214562379,11609768
#1075185,209759715,11609768
#1075185,207206349,11609768
1075185,2.09311e+08,11609768,5.16023e+06
#1128944,236131008,13544744
#1128944,236734352,13544744
#1128944,240917331,13544744
#1128944,237759950,13544744
#1128944,236543353,13544744
#1128944,241364148,13544744
1128944,2.38242e+08,13544744,4.22313e+06
#1185391,243382125,13544744
#1185391,241843638,13544744
#1185391,247169010,13544744
#1185391,246605926,13544744
#1185391,246890322,13544744
#1185391,242811728,13544744
1185391,2.44784e+08,13544744,4.31626e+06
#1244660,245702536,13544744
#1244660,245866018,13544744
#1244660,247406427,13544744
#1244660,246462255,13544744
#1244660,245672100,13544744
#1244660,247756393,13544744
1244660,2.46478e+08,13544744,1.65768e+06
#1306893,280519133,15802152
#1306893,280950662,15802152
#1306893,280548458,15802152
#1306893,288669420,15802152
#1306893,280754979,15802152
#1306893,281760598,15802152
1306893,2.82201e+08,15802152,5.84513e+06
#1372237,287613691,15802152
#1372237,287010996,15802152
#1372237,286952251,15802152
#1372237,292087449,15802152
#1372237,287539380,15802152
#1372237,286601447,15802152
1372237,2.87968e+08,15802152,3.75004e+06
#1440848,292551172,15802152
#1440848,299005829,15802152
#1440848,295408084,15802152
#1440848,291428151,15802152
#1440848,300913974,15802152
#1440848,292117694,15802152
1440848,2.95237e+08,15802152,7.20705e+06
#1512890,333733386,18435880
#1512890,343199455,18435880
#1512890,334440532,18435880
#1512890,334228721,18435880
#1512890,340734000,18435880
#1512890,333557394,18435880
1512890,3.36649e+08,18435880,7.67635e+06
#1588534,344906795,18435880
#1588534,340544782,18435880
#1588534,339690425,18435880
#1588534,342206291,18435880
#1588534,339846212,18435880
#1588534,338405941,18435880
1588534,3.40933e+08,18435880,4.21696e+06
#1667960,352587971,18435880
#1667960,347692064,18435880
#1667960,350723085,18435880
#1667960,349776828,18435880
#1667960,347465376,18435880
#1667960,346333610,18435880
1667960,3.49096e+08,18435880,4.28685e+06
#1751358,360225077,18435880
#1751358,357416904,18435880
#1751358,373817306,18435880
#1751358,359178086,18435880
#1751358,357597933,18435880
#1751358,358417428,18435880
1751358,3.61109e+08,18435880,1.15243e+07
#1838925,416911681,21508520
#1838925,415347677,21508520
#1838925,407015886,21508520
#1838925,407086683,21508520
#1838925,410132419,21508520
#1838925,405853277,21508520
1838925,4.10391e+08,21508520,8.56565e+06
#1930871,417103877,21508520
#1930871,414398139,21508520
#1930871,416533451,21508520
#1930871,413186540,21508520
#1930871,414162304,21508520
#1930871,420588135,21508520
1930871,4.15995e+08,21508520,4.92697e+06
#2027414,425877549,21508520
#2027414,427644058,21508520
#2027414,431751923,21508520
#2027414,429758592,21508520
#2027414,424330253,21508520
#2027414,432969806,21508520
2027414,4.28722e+08,21508520,6.15571e+06
#2128784,484897205,25093288
#2128784,486861093,25093288
#2128784,480089750,25093288
#2128784,486041825,25093288
#2128784,484213129,25093288
#2128784,490725550,25093288
2128784,4.85471e+08,25093288,6.36332e+06
#2235223,490103980,25093288
#2235223,588099186,25093288
#2235223,493135453,25093288
#2235223,502483733,25093288
#2235223,522680125,25093288
#2235223,499313337,25093288
2235223,5.15969e+08,25093288,6.78107e+07
#2346984,516441350,25093288
#2346984,507605322,25093288
#2346984,512069502,25093288
#2346984,506674067,25093288
#2346984,513697997,25093288
#2346984,506101081,25093288
2346984,5.10432e+08,25093288,7.76013e+06
#2464333,578601815,29275432
#2464333,585013964,29275432
#2464333,580257561,29275432
#2464333,578437301,29275432
#2464333,577358239,29275432
#2464333,580274703,29275432
2464333,5.79991e+08,29275432,4.94348e+06
#2587549,600312294,29275432
#2587549,589389705,29275432
#2587549,604566610,29275432
#2587549,589751021,29275432
#2587549,594650054,29275432
#2587549,593513634,29275432
2587549,5.95364e+08,29275432,1.09637e+07
#2716926,604667064,29275432
#2716926,617750034,29275432
#2716926,617054989,29275432
#2716926,616299319,29275432
#2716926,619984707,29275432
#2716926,616677500,29275432
2716926,6.15406e+08,29275432,9.89672e+06
#2852772,688909802,34154664
#2852772,690370202,34154664
#2852772,690611421,34154664
#2852772,689760772,34154664
#2852772,692800864,34154664
#2852772,690371520,34154664
2852772,6.90471e+08,34154664,2.36781e+06
#2995410,705375735,34154664
#2995410,702805524,34154664
#2995410,710360832,34154664
#2995410,706241244,34154664
#2995410,708530009,34154664
#2995410,703107508,34154664
2995410,7.0607e+08,34154664,5.44104e+06
#3145180,730459456,34154664
#3145180,727161044,34154664
#3145180,722112816,34154664
#3145180,733912880,34154664
#3145180,732234610,34154664
#3145180,732120825,34154664
3145180,7.29667e+08,34154664,7.94208e+06
#3302439,821815382,39847080
#3302439,826079870,39847080
#3302439,822534629,39847080
#3302439,819614831,39847080
#3302439,821985815,39847080
#3302439,821842638,39847080
3302439,8.22312e+08,39847080,3.83792e+06
#3467560,843325650,39847080
#3467560,841916706,39847080
#3467560,842431797,39847080
#3467560,845940008,39847080
#3467560,837656906,39847080
#3467560,839106878,39847080
3467560,8.4173e+08,39847080,5.43253e+06
#3640938,864828941,39847080
#3640938,860924165,39847080
#3640938,865986576,39847080
#3640938,864763679,39847080
#3640938,868669302,39847080
#3640938,872853867,39847080
3640938,8.66338e+08,39847080,7.39731e+06
#3822984,962820588,46488232
#3822984,968228251,46488232
#3822984,965160492,46488232
#3822984,965658470,46488232
#3822984,962680210,46488232
#3822984,963232403,46488232
3822984,9.6463e+08,46488232,3.94255e+06
#4014133,1021116302,46488232
#4014133,1004062183,46488232
#4014133,1005380613,46488232
#4014133,1009016458,46488232
#4014133,1001234604,46488232
#4014133,1002486519,46488232
4014133,1.00722e+09,46488232,1.33646e+07
#4214839,1102607600,46488232
#4214839,1049393782,46488232
#4214839,1058100595,46488232
#4214839,1042119841,46488232
#4214839,1043630598,46488232
#4214839,1044970865,46488232
4214839,1.0568e+09,46488232,4.22985e+07
#4425580,1071029654,46488232
#4425580,1066737129,46488232
#4425580,1062047512,46488232
#4425580,1072838692,46488232
#4425580,1080315145,46488232
#4425580,1070825004,46488232
4425580,1.07063e+09,46488232,1.11861e+07
#4646859,1198885043,54236200
#4646859,1199422971,54236200
#4646859,1194740377,54236200
#4646859,1197302891,54236200
#4646859,1200739398,54236200
#4646859,1190058010,54236200
4646859,1.19686e+09,54236200,7.14961e+06
#4879201,1232626305,54236200
#4879201,1226235697,54236200
#4879201,1228907253,54236200
#4879201,1224773748,54236200
#4879201,1230990414,54236200
#4879201,1222005367,54236200
4879201,1.22759e+09,54236200,7.28541e+06
#5123161,1271798463,54236200
#5123161,1263168150,54236200
#5123161,1261803074,54236200
#5123161,1269155536,54236200
#5123161,1257634794,54236200
#5123161,1268711041,54236200
5123161,1.26538e+09,54236200,9.80551e+06
#5379319,1432347058,63275560
#5379319,1423232650,63275560
#5379319,1432559059,63275560
#5379319,1420098263,63275560
#5379319,1419643972,63275560
#5379319,1427000957,63275560
5379319,1.42581e+09,63275560,1.05511e+07
#5648284,1471581698,63275560
#5648284,1468761567,63275560
#5648284,1458227054,63275560
#5648284,1456531471,63275560
#5648284,1459326992,63275560
#5648284,1458392244,63275560
5648284,1.46214e+09,63275560,1.15964e+07
#5930698,1517811178,63275560
#5930698,1508658159,63275560
#5930698,1597434319,63275560
#5930698,1531663798,63275560
#5930698,1514721292,63275560
#5930698,1510649065,63275560
5930698,1.53016e+09,63275560,6.19782e+07
#6227232,1697350386,73821480
#6227232,1697368555,73821480
#6227232,1693755432,73821480
#6227232,1706376288,73821480
#6227232,1697631700,73821480
#6227232,1697032168,73821480
6227232,1.69825e+09,73821480,7.73259e+06
#6538593,1736970148,73821480
#6538593,1733790306,73821480
#6538593,1741507876,73821480
#6538593,1751385804,73821480
#6538593,1733843764,73821480
#6538593,1738662996,73821480
6538593,1.73936e+09,73821480,1.20244e+07
#6865522,1800749970,73821480
#6865522,1801673567,73821480
#6865522,1796676840,73821480
#6865522,1807262827,73821480
#6865522,1797245926,73821480
#6865522,1798473978,73821480
6865522,1.80035e+09,73821480,-nan
#7208798,2014639405,86125096
#7208798,2001646730,86125096
#7208798,2010750558,86125096
#7208798,2011388545,86125096
#7208798,2010665117,86125096
#7208798,2004969137,86125096
7208798,2.00901e+09,86125096,-nan
#7569237,2059017789,86125096
#7569237,2057820904,86125096
#7569237,2062504221,86125096
#7569237,2099592983,86125096
#7569237,2075867771,86125096
#7569237,2060337421,86125096
7569237,2.06919e+09,86125096,-nan
#7947698,2122938411,86125096
#7947698,2117795638,86125096
#7947698,2127001129,86125096
#7947698,2124005954,86125096
#7947698,2118042116,86125096
#7947698,2122942118,86125096
7947698,2.12212e+09,86125096,-nan
#8345082,2390930806,100479272
#8345082,2381629351,100479272
#8345082,2379056448,100479272
#8345082,2393261152,100479272
#8345082,2378313953,100479272
#8345082,2389893874,100479272
8345082,2.38551e+09,100479272,-nan
#8762336,2435692463,100479272
#8762336,2445674540,100479272
#8762336,2441897858,100479272
#8762336,2435722923,100479272
#8762336,2443973368,100479272
#8762336,2452393016,100479272
8762336,2.44256e+09,100479272,-nan
#9200452,2498591265,100479272
#9200452,2500050401,100479272
#9200452,2515773186,100479272
#9200452,2653561690,100479272
#9200452,2567222957,100479272
#9200452,2562215304,100479272
9200452,2.54957e+09,100479272,-nan
#9660474,2851561948,117225768
#9660474,2843886678,117225768
#9660474,2841856752,117225768
#9660474,2848835411,117225768
#9660474,2833805442,117225768
#9660474,2832268697,117225768
9660474,2.84204e+09,117225768,-nan
