#1,212,256
#1,72,256
#1,25,256
#1,25,256
#1,23,256
1,71.4,256,145.375
#2,62,256
#2,41,256
#2,29,256
#2,29,256
#2,28,256
2,37.8,256,26.0277
#3,55,256
#3,40,256
#3,31,256
#3,31,256
#3,32,256
3,37.8,256,18.4781
#4,66,256
#4,53,256
#4,37,256
#4,37,256
#4,38,256
4,46.2,256,23.2345
#5,76,256
#5,62,256
#5,40,256
#5,39,256
#5,40,256
5,51.4,256,30.0826
#6,60,256
#6,55,256
#6,46,256
#6,45,256
#6,46,256
6,50.4,256,12.0399
#7,53,256
#7,70,256
#7,69,256
#7,66,256
#7,58,256
7,63.2,256,13.2303
#8,67,256
#8,64,256
#8,57,256
#8,56,256
#8,58,256
8,60.4,256,8.63481
#9,83,256
#9,89,256
#9,63,256
#9,64,256
#9,65,256
9,72.8,256,21.9235
#10,95,256
#10,81,256
#10,77,256
#10,77,256
#10,76,256
10,81.2,256,14.2211
#11,105,256
#11,107,256
#11,81,256
#11,68,256
#11,69,256
11,86,256,33.9411
#12,130,384
#12,118,384
#12,98,384
#12,85,384
#12,86,384
12,103.4,384,35.6786
#13,161,384
#13,151,384
#13,117,384
#13,83,384
#13,79,384
13,118.2,384,67.4377
#14,141,384
#14,143,384
#14,93,384
#14,95,384
#14,95,384
14,113.4,384,46.7436
#15,134,384
#15,113,384
#15,104,384
#15,93,384
#15,94,384
15,107.6,384,30.1622
#16,101,384
#16,94,384
#16,96,384
#16,95,384
#16,90,384
16,95.2,384,7.08802
#17,114,384
#17,133,384
#17,132,384
#17,122,384
#17,100,384
17,120.2,384,24.5406
#18,159,384
#18,159,384
#18,136,384
#18,134,384
#18,124,384
18,142.4,384,28.3012
#19,109,384
#19,110,384
#19,110,384
#19,109,384
#19,109,384
19,109.4,384,0.979796
#20,185,384
#20,168,384
#20,151,384
#20,124,384
#20,116,384
20,148.8,384,51.96
#21,167,384
#21,175,384
#21,155,384
#21,126,384
#21,115,384
21,147.6,384,46.5721
#22,293,384
#22,258,384
#22,211,384
#22,169,384
#22,153,384
22,216.8,384,105.424
#23,161,640
#23,178,640
#23,161,640
#23,146,640
#23,136,640
23,156.4,640,28.75
#24,168,640
#24,164,640
#24,148,640
#24,139,640
#24,130,640
24,149.8,640,28.9109
#25,176,640
#25,170,640
#25,152,640
#25,151,640
#25,152,640
25,160.2,640,21.2565
#26,181,640
#26,181,640
#26,160,640
#26,149,640
#26,150,640
26,164.2,640,28.4928
#27,207,640
#27,230,640
#27,193,640
#27,177,640
#27,143,640
27,190,640,58.4876
#28,206,640
#28,195,640
#28,191,640
#28,154,640
#28,152,640
28,179.6,640,44.5529
#29,226,640
#29,237,640
#29,225,640
#29,174,640
#29,161,640
29,204.6,640,61.7168
#30,292,640
#30,268,640
#30,236,640
#30,170,640
#30,159,640
30,225,640,105.224
#31,269,640
#31,260,640
#31,203,640
#31,185,640
#31,173,640
31,218,640,78.5061
#32,264,640
#32,260,640
#32,233,640
#32,190,640
#32,174,640
32,224.2,640,72.8439
#33,376,640
#33,342,640
#33,260,640
#33,185,640
#33,183,640
33,269.2,640,158.268
#34,270,896
#34,271,896
#34,176,896
#34,175,896
#34,176,896
34,213.6,896,92.9223
#35,253,896
#35,226,896
#35,223,896
#35,211,896
#35,199,896
35,222.4,896,36.0799
#36,309,896
#36,250,896
#36,237,896
#36,191,896
#36,191,896
36,235.6,896,87.5223
#37,280,896
#37,279,896
#37,244,896
#37,233,896
#37,222,896
37,251.6,896,47.642
#38,339,896
#38,304,896
#38,241,896
#38,218,896
#38,220,896
38,264.4,896,97.1811
#39,317,896
#39,299,896
#39,250,896
#39,224,896
#39,214,896
39,260.8,896,81.3821
#40,312,896
#40,305,896
#40,246,896
#40,213,896
#40,207,896
40,256.6,896,88.9278
#42,371,896
#42,375,896
#42,319,896
#42,252,896
#42,218,896
42,307,896,125.889
#44,332,896
#44,331,896
#44,271,896
#44,235,896
#44,233,896
44,280.4,896,87.7232
#46,496,1152
#46,453,1152
#46,314,1152
#46,269,1152
#46,259,1152
46,358.2,1152,195.401
#48,381,1152
#48,385,1152
#48,346,1152
#48,281,1152
#48,280,1152
48,334.6,1152,92.4216
#50,335,1152
#50,339,1152
#50,323,1152
#50,291,1152
#50,282,1152
50,314,1152,46.4758
#52,563,1152
#52,503,1152
#52,390,1152
#52,327,1152
#52,304,1152
52,417.4,1152,200.617
#54,452,1152
#54,454,1152
#54,354,1152
#54,323,1152
#54,314,1152
54,379.4,1152,123.091
#56,566,1152
#56,511,1152
#56,331,1152
#56,300,1152
#56,290,1152
56,399.6,1152,231.062
#58,384,1408
#58,375,1408
#58,347,1408
#58,347,1408
#58,316,1408
58,353.8,1408,48.0233
#60,443,1408
#60,423,1408
#60,387,1408
#60,341,1408
#60,327,1408
60,384.2,1408,89.928
#63,441,1408
#63,426,1408
#63,393,1408
#63,376,1408
#63,345,1408
63,396.2,1408,68.9046
#66,557,1408
#66,547,1408
#66,482,1408
#66,393,1408
#66,368,1408
66,469.4,1408,154.85
#69,460,1408
#69,488,1408
#69,473,1408
#69,429,1408
#69,417,1408
69,453.4,1408,53.2556
#72,514,1408
#72,486,1408
#72,432,1408
#72,429,1408
#72,397,1408
72,451.6,1408,84.6319
#75,512,1408
#75,523,1408
#75,474,1408
#75,448,1408
#75,413,1408
75,474,1408,81.201
#78,741,1408
#78,697,1408
#78,517,1408
#78,462,1408
#78,436,1408
78,570.6,1408,249.475
#81,686,1664
#81,656,1664
#81,455,1664
#81,426,1664
#81,425,1664
81,529.6,1664,232.684
#85,594,1664
#85,13250,1664
#85,565,1664
#85,523,1664
#85,521,1664
85,3090.6,1664,10159.5
#89,649,1664
#89,641,1664
#89,549,1664
#89,526,1664
#89,488,1664
89,570.6,1664,127.691
#93,738,1664
#93,685,1664
#93,567,1664
#93,537,1664
#93,537,1664
93,612.8,1664,166.077
#97,796,1664
#97,778,1664
#97,655,1664
#97,569,1664
#97,555,1664
97,670.6,1664,202.364
#101,756,1920
#101,745,1920
#101,659,1920
#101,573,1920
#101,555,1920
101,657.6,1920,167.349
#106,1141,1920
#106,995,1920
#106,713,1920
#106,690,1920
#106,646,1920
106,837,1920,390.739
#111,1006,1920
#111,934,1920
#111,717,1920
#111,664,1920
#111,636,1920
111,791.4,1920,299.737
#116,872,1920
#116,876,1920
#116,755,1920
#116,660,1920
#116,651,1920
116,762.8,1920,195.687
#121,1178,1920
#121,1067,1920
#121,798,1920
#121,748,1920
#121,680,1920
121,894.2,1920,386.691
#127,901,2304
#127,827,2304
#127,747,2304
#127,703,2304
#127,700,2304
127,775.6,2304,155.361
#133,1109,2304
#133,1066,2304
#133,798,2304
#133,754,2304
#133,751,2304
133,895.6,2304,316.305
#139,1303,2304
#139,1124,2304
#139,846,2304
#139,830,2304
#139,815,2304
139,983.6,2304,392.613
#145,1174,2304
#145,1084,2304
#145,913,2304
#145,833,2304
#145,823,2304
145,965.4,2304,280.19
#152,1614,2304
#152,1347,2304
#152,1001,2304
#152,895,2304
#152,863,2304
152,1144,2304,582.079
#159,1178,2688
#159,1149,2688
#159,1043,2688
#159,969,2688
#159,946,2688
159,1057,2688,186.26
#166,1465,2688
#166,1334,2688
#166,1060,2688
#166,960,2688
#166,896,2688
166,1143,2688,439.593
#174,1536,2688
#174,1391,2688
#174,1149,2688
#174,1050,2688
#174,1012,2688
174,1227.6,2688,405.969
#182,1754,2688
#182,1540,2688
#182,1205,2688
#182,1140,2688
#182,1094,2688
182,1346.6,2688,513.746
#191,1403,3200
#191,1420,3200
#191,1282,3200
#191,1159,3200
#191,1141,3200
191,1281,3200,234.418
#200,1507,3200
#200,1475,3200
#200,1261,3200
#200,1214,3200
#200,1169,3200
200,1325.2,3200,277.671
#210,1596,3200
#210,1526,3200
#210,1291,3200
#210,1196,3200
#210,1185,3200
210,1358.8,3200,341.206
#220,1932,3200
#220,1636,3200
#220,1316,3200
#220,1290,3200
#220,1265,3200
220,1487.8,3200,519.659
#231,2414,3200
#231,2148,3200
#231,1586,3200
#231,1443,3200
#231,1337,3200
231,1785.6,3200,841.274
#242,2030,3840
#242,1881,3840
#242,1524,3840
#242,1414,3840
#242,1331,3840
242,1636,3840,544.143
#254,1796,3840
#254,1721,3840
#254,1580,3840
#254,1513,3840
#254,1502,3840
254,1622.4,3840,233.446
#266,2528,3840
#266,2191,3840
#266,1773,3840
#266,1625,3840
#266,1571,3840
266,1937.6,3840,733.207
#279,2587,3840
#279,2202,3840
#279,1749,3840
#279,1593,3840
#279,1513,3840
279,1928.8,3840,812.82
#292,2363,4608
#292,2214,4608
#292,1886,4608
#292,1785,4608
#292,1747,4608
292,1999,4608,490.543
#306,2698,4608
#306,2406,4608
#306,2007,4608
#306,1879,4608
#306,1801,4608
306,2158.2,4608,681.877
#321,2848,4608
#321,2502,4608
#321,2060,4608
#321,2021,4608
#321,1893,4608
321,2264.8,4608,713.304
#337,3232,4608
#337,2756,4608
#337,2248,4608
#337,2065,4608
#337,2018,4608
337,2463.8,4608,929.456
#353,3965,4608
#353,3263,4608
#353,2711,4608
#353,2482,4608
#353,2273,4608
353,2938.8,4608,1220.51
#370,2918,5504
#370,2777,5504
#370,2460,5504
#370,2262,5504
#370,2239,5504
370,2531.2,5504,546.224
#388,3000,5504
#388,2819,5504
#388,2603,5504
#388,2449,5504
#388,2431,5504
388,2660.4,5504,439.173
#407,4209,5504
#407,3556,5504
#407,2880,5504
#407,2575,5504
#407,2455,5504
407,3135,5504,1318.1
#427,4304,5504
#427,3515,5504
#427,2898,5504
#427,2761,5504
#427,2671,5504
427,3229.8,5504,1225.52
#448,3950,6528
#448,3274,6528
#448,2798,6528
#448,2729,6528
#448,2660,6528
448,3082.2,6528,968.973
#470,4386,6528
#470,3744,6528
#470,3334,6528
#470,3036,6528
#470,2919,6528
470,3483.8,6528,1067.2
#493,5044,6528
#493,4376,6528
#493,3663,6528
#493,3403,6528
#493,3194,6528
493,3936,6528,1365.41
#517,4778,6528
#517,4352,6528
#517,3829,6528
#517,3543,6528
#517,3354,6528
517,3971.2,6528,1050.88
#542,4269,7808
#542,4103,7808
#542,3604,7808
#542,3395,7808
#542,3372,7808
542,3748.6,7808,739.83
#569,5145,7808
#569,4463,7808
#569,3884,7808
#569,3778,7808
#569,3668,7808
569,4187.6,7808,1103.59
#597,5772,7808
#597,4987,7808
#597,4283,7808
#597,4112,7808
#597,3957,7808
597,4622.2,7808,1348.47
#626,6248,7808
#626,5768,7808
#626,4882,7808
#626,4585,7808
#626,4301,7808
626,5156.8,7808,1469.46
#657,5486,9344
#657,5082,9344
#657,4574,9344
#657,4216,9344
#657,4077,9344
657,4687,9344,1058.73
#689,5615,9344
#689,5267,9344
#689,4708,9344
#689,4419,9344
#689,4266,9344
689,4855,9344,1022.14
#723,6854,9344
#723,6189,9344
#723,5592,9344
#723,5122,9344
#723,4769,9344
723,5705.2,9344,1492.17
#759,7876,9344
#759,7026,9344
#759,6230,9344
#759,5679,9344
#759,5470,9344
759,6456.2,9344,1781.75
#796,5853,11136
#796,5688,11136
#796,5205,11136
#796,4945,11136
#796,4815,11136
796,5301.2,11136,813.201
#835,7141,11136
#835,6459,11136
#835,5729,11136
#835,5467,11136
#835,5180,11136
835,5995.2,11136,1426.15
#876,7785,11136
#876,7323,11136
#876,6705,11136
#876,6362,11136
#876,6002,11136
876,6835.4,11136,1288.46
#919,9867,11136
#919,8787,11136
#919,7533,11136
#919,7133,11136
#919,6789,11136
919,8021.8,11136,2287.18
#964,7974,13312
#964,7621,13312
#964,6601,13312
#964,6273,13312
#964,6004,13312
964,6894.6,13312,1538.45
#1012,7972,13312
#1012,7684,13312
#1012,7028,13312
#1012,6466,13312
#1012,6361,13312
1012,7102.2,13312,1282.08
#1062,10078,13312
#1062,9296,13312
#1062,8330,13312
#1062,7906,13312
#1062,7651,13312
1062,8652.2,13312,1813.38
#1115,10505,13312
#1115,9831,13312
#1115,8646,13312
#1115,8143,13312
#1115,7747,13312
1115,8974.4,13312,2075.01
#1170,10038,16000
#1170,9417,16000
#1170,8514,16000
#1170,8224,16000
#1170,7719,16000
1170,8782.4,16000,1671.87
#1228,10523,16000
#1228,9917,16000
#1228,9143,16000
#1228,8632,16000
#1228,8210,16000
1228,9285,16000,1681.49
#1289,12506,16000
#1289,11886,16000
#1289,10790,16000
#1289,10064,16000
#1289,9607,16000
1289,10970.6,16000,2174.28
#1353,15465,16000
#1353,14669,16000
#1353,13056,16000
#1353,12289,16000
#1353,11550,16000
1353,13405.8,16000,2918.85
#1420,11907,19200
#1420,11522,19200
#1420,10590,19200
#1420,10032,19200
#1420,9732,19200
1420,10756.6,19200,1676.15
#1491,12420,19200
#1491,12123,19200
#1491,11191,19200
#1491,10601,19200
#1491,10287,19200
1491,11324.4,19200,1662.63
#1565,15370,19200
#1565,14664,19200
#1565,13541,19200
#1565,12525,19200
#1565,12100,19200
1565,13640,19200,2476.47
#1643,13397,23040
#1643,13066,23040
#1643,12070,23040
#1643,11304,23040
#1643,11038,23040
1643,12175,23040,1865.39
#1725,16231,23040
#1725,15836,23040
#1725,14568,23040
#1725,13494,23040
#1725,12938,23040
1725,14613.4,23040,2557.1
#1811,16722,23040
#1811,16370,23040
#1811,15131,23040
#1811,14045,23040
#1811,13570,23040
1811,15167.6,23040,2478.03
#1901,20996,23040
#1901,20052,23040
#1901,18449,23040
#1901,29643,23040
#1901,16144,23040
1901,21056.8,23040,9194.45
#1996,15841,27648
#1996,15501,27648
#1996,14531,27648
#1996,13856,27648
#1996,13601,27648
1996,14666,27648,1763.27
#2095,17600,27648
#2095,17212,27648
#2095,15821,27648
#2095,15010,27648
#2095,14803,27648
2095,16089.2,27648,2268.76
#2199,20684,27648
#2199,20095,27648
#2199,18625,27648
#2199,17500,27648
#2199,16972,27648
2199,18775.2,27648,2868.53
#2308,22004,27648
#2308,21532,27648
#2308,19749,27648
#2308,31529,27648
#2308,18995,27648
2308,22761.8,27648,9042.84
#2423,21464,33152
#2423,21038,33152
#2423,19550,33152
#2423,18880,33152
#2423,18484,33152
2423,19883.2,33152,2350.78
#2544,33975,33152
#2544,21001,33152
#2544,19830,33152
#2544,19057,33152
#2544,18737,33152
2544,22520,33152,11560.8
#2671,24740,33152
#2671,24404,33152
#2671,22375,33152
#2671,21266,33152
#2671,20741,33152
2671,22705.2,33152,3232.92
#2804,30159,33152
#2804,29668,33152
#2804,27502,33152
#2804,26581,33152
#2804,25993,33152
2804,27980.6,33152,3314.36
#2944,24484,39808
#2944,24241,39808
#2944,22464,39808
#2944,21766,39808
#2944,21455,39808
2944,22882,39808,2509.15
#3091,26183,39808
#3091,25874,39808
#3091,24157,39808
#3091,23167,39808
#3091,22760,39808
3091,24428.2,39808,2773.69
#3245,30306,39808
#3245,29803,39808
#3245,27948,39808
#3245,26851,39808
#3245,26366,39808
3245,28254.8,39808,3128.79
#3407,38778,39808
#3407,37993,39808
#3407,38459,39808
#3407,34843,39808
#3407,33818,39808
3407,36778.2,39808,4079.98
#3577,30598,47744
#3577,30307,47744
#3577,41243,47744
#3577,27234,47744
#3577,26876,47744
3577,31251.6,47744,10447.4
#3755,32966,47744
#3755,32549,47744
#3755,30384,47744
#3755,29634,47744
#3755,29321,47744
3755,30970.8,47744,3009.95
#3942,37622,47744
#3942,37063,47744
#3942,35460,47744
#3942,34227,47744
#3942,33394,47744
3942,35553.2,47744,3223.55
#4139,33818,57216
#4139,33395,57216
#4139,32087,57216
#4139,31424,57216
#4139,31210,57216
4139,32386.8,57216,2091.22
#4345,36606,57216
#4345,36373,57216
#4345,34533,57216
#4345,34066,57216
#4345,33616,57216
4345,35038.8,57216,2443.4
#4562,41338,57216
#4562,41029,57216
#4562,38909,57216
#4562,37975,57216
#4562,37383,57216
4562,39326.8,57216,3190.32
#4790,45569,57216
#4790,44897,57216
#4790,42964,57216
#4790,41696,57216
#4790,41240,57216
4790,43273.2,57216,3420.47
#5029,41641,68608
#5029,41146,68608
#5029,39593,68608
#5029,38780,68608
#5029,38330,68608
5029,39898,68608,2591.85
#5280,45749,68608
#5280,45346,68608
#5280,43474,68608
#5280,42288,68608
#5280,41974,68608
5280,43766.2,68608,3086.71
#5544,53165,68608
#5544,52605,68608
#5544,50547,68608
#5544,49400,68608
#5544,48773,68608
5544,50898,68608,3456.7
#5821,63593,68608
#5821,63088,68608
#5821,60854,68608
#5821,59434,68608
#5821,58664,68608
5821,61126.6,68608,3891.92
#6112,50239,82304
#6112,50202,82304
#6112,48479,82304
#6112,47887,82304
#6112,47375,82304
6112,48836.4,82304,2365.91
#6417,60916,82304
#6417,60434,82304
#6417,58280,82304
#6417,57540,82304
#6417,57104,82304
6417,58854.8,82304,3081.14
#6737,77048,82304
#6737,63390,82304
#6737,63762,82304
#6737,60712,82304
#6737,60175,82304
6737,65017.4,82304,12359.5
#7073,76674,82304
#7073,75899,82304
#7073,74030,82304
#7073,72896,82304
#7073,71997,82304
7073,74299.2,82304,3525.97
#7426,64386,98688
#7426,63967,98688
#7426,62367,98688
#7426,61440,98688
#7426,60692,98688
7426,62570.4,98688,2841.75
#7797,71445,98688
#7797,70875,98688
#7797,69195,98688
#7797,67980,98688
#7797,67469,98688
7797,69392.8,98688,3117
#8186,84108,98688
#8186,83391,98688
#8186,81565,98688
#8186,80477,98688
#8186,79862,98688
8186,81880.6,98688,3272.56
#8595,72936,118400
#8595,72815,118400
#8595,70852,118400
#8595,70099,118400
#8595,69652,118400
8595,71270.8,118400,2731.51
#9024,82465,118400
#9024,81782,118400
#9024,80001,118400
#9024,78927,118400
#9024,78560,118400
9024,80347,118400,3082.16
#9475,88359,118400
#9475,87634,118400
#9475,86063,118400
#9475,84929,118400
#9475,84418,118400
9475,86280.6,118400,3032.48
#9948,98718,118400
#9948,98182,118400
#9948,96293,118400
#9948,95493,118400
#9948,94732,118400
9948,96683.6,118400,3067.61
#10445,90193,142080
#10445,90181,142080
#10445,88270,142080
#10445,87511,142080
#10445,87070,142080
10445,88645,142080,2632.54
#10967,95571,142080
#10967,95601,142080
#10967,93596,142080
#10967,92866,142080
#10967,92572,142080
10967,94041.2,142080,2609.38
#11515,107135,142080
#11515,106680,142080
#11515,105108,142080
#11515,104538,142080
#11515,104185,142080
11515,105529,142080,2344.3
#12090,135798,142080
#12090,138609,142080
#12090,145283,142080
#12090,130028,142080
#12090,129748,142080
12090,135893,142080,11583.3
#12694,109182,170496
#12694,108869,170496
#12694,107301,170496
#12694,106342,170496
#12694,106284,170496
12694,107596,170496,2452.23
#13328,120992,170496
#13328,120656,170496
#13328,119754,170496
#13328,118743,170496
#13328,120565,170496
13328,120142,170496,1618.24
#13994,135380,170496
#13994,135026,170496
#13994,133637,170496
#13994,133010,170496
#13994,132952,170496
13994,134001,170496,2033.17
#14693,158974,170496
#14693,158113,170496
#14693,157203,170496
#14693,155767,170496
#14693,155443,170496
14693,157100,170496,2693.87
#15427,150144,204544
#15427,136290,204544
#15427,135211,204544
#15427,134747,204544
#15427,134336,204544
15427,138146,204544,12069.1
#16198,147237,204544
#16198,146813,204544
#16198,144860,204544
#16198,144331,204544
#16198,143939,204544
16198,145436,204544,2673.36
#17007,176349,204544
#17007,175415,204544
#17007,173726,204544
#17007,173278,204544
#17007,173287,204544
17007,174411,204544,2494.82
#17857,160987,245376
#17857,165719,245376
#17857,148074,245376
#17857,147433,245376
#17857,147225,245376
17857,153888,245376,15753.9
#18749,165573,245376
#18749,165757,245376
#18749,164293,245376
#18749,164026,245376
#18749,163567,245376
18749,164643,245376,1735.94
#19686,189080,245376
#19686,189093,245376
#19686,187655,245376
#19686,201546,245376
#19686,177644,245376
19686,189004,245376,15183.8
#20670,225227,245376
#20670,225104,245376
#20670,224351,245376
#20670,222616,245376
#20670,222500,245376
20670,223960,245376,2367.25
#21703,193181,294400
#21703,194805,294400
#21703,191409,294400
#21703,190958,294400
#21703,190545,294400
21703,192180,294400,3181.64
#22788,208829,294400
#22788,208536,294400
#22788,207833,294400
#22788,211151,294400
#22788,223590,294400
22788,211988,294400,11814.1
#23927,240616,294400
#23927,240423,294400
#23927,239172,294400
#23927,238656,294400
#23927,239086,294400
23927,239591,294400,1561.45
#25123,295935,294400
#25123,293621,294400
#25123,306561,294400
#25123,277390,294400
#25123,277428,294400
25123,290187,294400,22618.5
#26379,239436,353280
#26379,238813,353280
#26379,237864,353280
#26379,237576,353280
#26379,237309,353280
26379,238200,353280,1599.9
#27697,276118,353280
#27697,275623,353280
#27697,273798,353280
#27697,277063,353280
#27697,278420,353280
27697,276204,353280,3070.16
#29081,306396,353280
#29081,308360,353280
#29081,304973,353280
#29081,304208,353280
#29081,304064,353280
29081,305600,353280,3217.61
#30535,356976,353280
#30535,336893,353280
#30535,336071,353280
#30535,359971,353280
#30535,344424,353280
30535,346867,353280,19918
#32061,309565,423936
#32061,314218,423936
#32061,298003,423936
#32061,298195,423936
#32061,319612,423936
32061,307919,423936,17251
#33664,335322,423936
#33664,334479,423936
#33664,333364,423936
#33664,333596,423936
#33664,333603,423936
33664,334073,423936,1463.13
#35347,383980,423936
#35347,395983,423936
#35347,372685,423936
#35347,375526,423936
#35347,393739,423936
35347,384383,423936,18709.3
#37114,340813,508672
#37114,340515,508672
#37114,341168,508672
#37114,338937,508672
#37114,342833,508672
37114,340853,508672,2499.04
#38969,377862,508672
#38969,374549,508672
#38969,385097,508672
#38969,364312,508672
#38969,364333,508672
38969,373231,508672,16067.6
#40917,418559,508672
#40917,430204,508672
#40917,407404,508672
#40917,410786,508672
#40917,429240,508672
40917,419239,508672,18595.4
#42962,478999,508672
#42962,496044,508672
#42962,491267,508672
#42962,489418,508672
#42962,489415,508672
42962,489029,508672,11139.8
#45110,412714,610432
#45110,412827,610432
#45110,411161,610432
#45110,411059,610432
#45110,410833,610432
45110,411719,610432,1731.97
#47365,456243,610432
#47365,455461,610432
#47365,454562,610432
#47365,474370,610432
#47365,465856,610432
47365,461298,610432,15405.2
#49733,536563,610432
#49733,511003,610432
#49733,507813,610432
#49733,507665,610432
#49733,511446,610432
49733,514898,610432,21890.1
#52219,604507,610432
#52219,606483,610432
#52219,607108,610432
#52219,602491,610432
#52219,644957,610432
52219,613109,610432,32011.8
#54829,542410,732544
#54829,558810,732544
#54829,527467,732544
#54829,552934,732544
#54829,539496,732544
54829,544223,732544,21818.5
#57570,579666,732544
#57570,583201,732544
#57570,580218,732544
#57570,576577,732544
#57570,576361,732544
57570,579205,732544,5075.54
#60448,654371,732544
#60448,653369,732544
#60448,657249,732544
#60448,652818,732544
#60448,657956,732544
60448,655153,732544,4146.94
#63470,778640,732544
#63470,749414,732544
#63470,748682,732544
#63470,771015,732544
#63470,769244,732544
63470,763399,732544,24275.5
#66643,624489,878976
#66643,627008,878976
#66643,649509,878976
#66643,637872,878976
#66643,638627,878976
66643,635501,878976,18000.3
#69975,720616,878976
#69975,717329,878976
#69975,716408,878976
#69975,716691,878976
#69975,717545,878976
69975,717718,878976,3013.37
#73473,810664,878976
#73473,809953,878976
#73473,844403,878976
#73473,853198,878976
#73473,858431,878976
73473,835330,878976,41834.4
#77146,738863,1054720
#77146,718057,1054720
#77146,717264,1054720
#77146,747757,1054720
#77146,737389,1054720
77146,731866,1054720,24263.4
#81003,787345,1054720
#81003,789369,1054720
#81003,816882,1054720
#81003,827315,1054720
#81003,832530,1054720
81003,810688,1054720,37855.4
#85053,906890,1054720
#85053,910760,1054720
#85053,901842,1054720
#85053,902145,1054720
#85053,901679,1054720
85053,904663,1054720,7229.69
#89305,1039191,1054720
#89305,1010714,1054720
#89305,1040775,1054720
#89305,1031789,1054720
#89305,1036109,1054720
89305,1.03172e+06,1054720,21878.4
#93770,886461,1265664
#93770,901467,1265664
#93770,906471,1265664
#93770,938449,1265664
#93770,918922,1265664
93770,910354,1265664,34959.1
#98458,985085,1265664
#98458,1014495,1265664
#98458,1002258,1265664
#98458,1003642,1265664
#98458,1001751,1265664
98458,1.00145e+06,1265664,18836.8
#103380,1111947,1265664
#103380,1150132,1265664
#103380,1131860,1265664
#103380,1133955,1265664
#103380,1129125,1265664
103380,1.1314e+06,1265664,24351.1
#108549,1288394,1265664
#108549,1322250,1265664
#108549,1311855,1265664
#108549,1313027,1265664
#108549,1313071,1265664
108549,1.30972e+06,1265664,22601.3
#113976,1111324,1518720
#113976,1105957,1518720
#113976,1128971,1518720
#113976,1128643,1518720
#113976,1160103,1518720
113976,1.127e+06,1518720,37851.7
#119674,1226219,1518720
#119674,1215220,1518720
#119674,1250634,1518720
#119674,1244395,1518720
#119674,1265930,1518720
119674,1.24048e+06,1518720,35861.7
#125657,1425351,1518720
#125657,1420041,1518720
#125657,1412729,1518720
#125657,1447576,1518720
#125657,1455583,1518720
125657,1.43226e+06,1518720,32948.9
#131939,1635414,1518720
#131939,1652561,1518720
#131939,1648475,1518720
#131939,1650802,1518720
#131939,1646973,1518720
131939,1.64684e+06,1518720,12055.6
#138535,1384573,1822464
#138535,1411733,1822464
#138535,1390332,1822464
#138535,1417498,1822464
#138535,1408914,1822464
138535,1.40261e+06,1822464,25623.5
#145461,1543288,1822464
#145461,1577667,1822464
#145461,1548028,1822464
#145461,1547011,1822464
#145461,1597229,1822464
145461,1.56264e+06,1822464,42468.7
#152734,1756346,1822464
#152734,1811210,1822464
#152734,1828922,1822464
#152734,1779147,1822464
#152734,1793129,1822464
152734,1.79375e+06,1822464,50236.4
#160370,1583426,2186880
#160370,1594183,2186880
#160370,1579351,2186880
#160370,1578935,2186880
#160370,1620815,2186880
160370,1.59134e+06,2186880,31459.3
#168388,1718786,2186880
#168388,1684475,2186880
#168388,1731822,2186880
#168388,1696158,2186880
#168388,1722072,2186880
168388,1.71066e+06,2186880,35100.5
#176807,1890289,2186880
#176807,1867928,2186880
#176807,1945564,2186880
#176807,1901815,2186880
#176807,1949046,2186880
176807,1.91093e+06,2186880,63312.9
#185647,2222740,2186880
#185647,2256558,2186880
#185647,2256679,2186880
#185647,2241267,2186880
#185647,2291387,2186880
185647,2.25373e+06,2186880,45170.3
#194929,1951732,2624256
#194929,1924741,2624256
#194929,1936980,2624256
#194929,1953970,2624256
#194929,1982371,2624256
194929,1.94996e+06,2624256,38721.3
#204675,2117264,2624256
#204675,2151454,2624256
#204675,2171031,2624256
#204675,2123271,2624256
#204675,2163340,2624256
204675,2.14527e+06,2624256,42864.3
#214908,2367448,2624256
#214908,2383596,2624256
#214908,2413830,2624256
#214908,2465385,2624256
#214908,2471373,2624256
214908,2.42033e+06,2624256,84016.6
#225653,2765988,2624256
#225653,2819426,2624256
#225653,2857924,2624256
#225653,2807460,2624256
#225653,2838066,2624256
225653,2.81777e+06,2624256,62062.5
#236935,2369484,3149056
#236935,2416531,3149056
#236935,2390794,3149056
#236935,2385167,3149056
#236935,2459808,3149056
236935,2.40436e+06,3149056,63190.9
#248781,2650672,3149056
#248781,2656478,3149056
#248781,2666613,3149056
#248781,2652998,3149056
#248781,2698980,3149056
248781,2.66515e+06,3149056,35542.6
#261220,2953400,3149056
#261220,3052812,3149056
#261220,3042075,3149056
#261220,3033066,3149056
#261220,3111502,3149056
261220,3.03857e+06,3149056,101266
#274281,3562259,3149056
#274281,3622368,3149056
#274281,3603082,3149056
#274281,3612652,3149056
#274281,3675171,3149056
274281,3.61511e+06,3149056,72685.3
#287995,2996988,3778816
#287995,2877441,3778816
#287995,2929880,3778816
#287995,2920151,3778816
#287995,2952326,3778816
287995,2.93536e+06,3778816,78494.9
#302394,3277974,3778816
#302394,3314401,3778816
#302394,3295298,3778816
#302394,3348913,3778816
#302394,3381817,3778816
302394,3.32368e+06,3778816,74818.7
#317513,3724734,3778816
#317513,3811919,3778816
#317513,3796972,3778816
#317513,3830230,3778816
#317513,3913028,3778816
317513,3.81538e+06,3778816,121072
#333388,3525696,4534528
#333388,3251995,4534528
#333388,3362809,4534528
#333388,3317500,4534528
#333388,3409170,4534528
333388,3.37343e+06,4534528,184282
#350057,3704595,4534528
#350057,3659543,4534528
#350057,3647990,4534528
#350057,3652604,4534528
#350057,3713588,4534528
350057,3.67566e+06,4534528,55373.2
#367559,4076459,4534528
#367559,4004887,4534528
#367559,4127277,4534528
#367559,4087551,4534528
#367559,4187654,4534528
367559,4.09677e+06,4534528,120435
#385936,4678413,4534528
#385936,4735183,4534528
#385936,4733949,4534528
#385936,4835360,4534528
#385936,4825678,4534528
385936,4.76172e+06,4534528,119763
#405232,4533197,5441408
#405232,4443679,5441408
#405232,4372727,5441408
#405232,4428496,5441408
#405232,4408238,5441408
405232,4.43727e+06,5441408,107065
#425493,4807158,5441408
#425493,4731310,5441408
#425493,4806527,5441408
#425493,4817004,5441408
#425493,4907363,5441408
425493,4.81387e+06,5441408,111950
#446767,5305480,5441408
#446767,5431330,5441408
#446767,5460677,5441408
#446767,5435545,5441408
#446767,5483014,5441408
446767,5.42321e+06,5441408,123479
#469105,6150336,5441408
#469105,6156620,5441408
#469105,6346379,5441408
#469105,6379980,5441408
#469105,6277095,5441408
469105,6.26208e+06,5441408,189401
#492560,6617587,6529664
#492560,6435926,6529664
#492560,6423176,6529664
#492560,6498690,6529664
#492560,6421671,6529664
492560,6.47941e+06,6529664,149269
#517188,6990498,6529664
#517188,6946560,6529664
#517188,6948737,6529664
#517188,6910997,6529664
#517188,6981466,6529664
517188,6.95565e+06,6529664,56605
#543047,7701587,6529664
#543047,7694705,6529664
#543047,7751854,6529664
#543047,7692569,6529664
#543047,7933604,6529664
543047,7.75486e+06,6529664,183946
#570199,8836736,6529664
#570199,8919161,6529664
#570199,8959218,6529664
#570199,8927234,6529664
#570199,9071870,6529664
570199,8.94284e+06,6529664,152261
#598708,9609923,7835520
#598708,9869577,7835520
#598708,9429125,7835520
#598708,9814925,7835520
#598708,9754953,7835520
598708,9.6957e+06,7835520,317967
#628643,10604295,7835520
#628643,10397810,7835520
#628643,10228556,7835520
#628643,10530747,7835520
#628643,10370245,7835520
628643,1.04263e+07,7835520,261760
#660075,11310221,7835520
#660075,11561502,7835520
#660075,11464189,7835520
#660075,11696353,7835520
#660075,11654705,7835520
660075,1.15374e+07,7835520,277961
#693078,14168137,9402624
#693078,14066819,9402624
#693078,13555088,9402624
#693078,13541500,9402624
#693078,13633119,9402624
693078,1.37929e+07,9402624,537491
#727731,14869283,9402624
#727731,14561386,9402624
#727731,14538439,9402624
#727731,14510713,9402624
#727731,14610719,9402624
727731,1.46181e+07,9402624,259602
#764117,15979994,9402624
#764117,15653162,9402624
#764117,16155810,9402624
#764117,15666216,9402624
#764117,15781778,9402624
764117,1.58474e+07,9402624,387360
#802322,17687715,9402624
#802322,17392401,9402624
#802322,17338431,9402624
#802322,17235496,9402624
#802322,17224320,9402624
802322,1.73757e+07,9402624,336564
#842438,19568730,11283072
#842438,19021223,11283072
#842438,18979943,11283072
#842438,18978000,11283072
#842438,18928210,11283072
842438,1.90952e+07,11283072,477166
#884559,20608988,11283072
#884559,20574293,11283072
#884559,20460256,11283072
#884559,20449274,11283072
#884559,20410304,11283072
884559,2.05006e+07,11283072,153867
#928786,23544724,11283072
#928786,22287859,11283072
#928786,22364088,11283072
#928786,21960839,11283072
#928786,21927908,11283072
928786,2.24171e+07,11283072,1.17933e+06
#975225,24580989,11283072
#975225,24431890,11283072
#975225,24795198,11283072
#975225,24941048,11283072
#975225,24503520,11283072
975225,2.46505e+07,11283072,379031
#1023986,26561888,13539712
#1023986,25772531,13539712
#1023986,25906340,13539712
#1023986,26045887,13539712
#1023986,26124013,13539712
1023986,2.60821e+07,13539712,536648
#1075185,28053602,13539712
#1075185,27810285,13539712
#1075185,27711662,13539712
#1075185,27700265,13539712
#1075185,28252917,13539712
1075185,2.79057e+07,13539712,430249
#1128944,30111671,13539712
#1128944,30009020,13539712
#1128944,30179589,13539712
#1128944,30231358,13539712
#1128944,30072746,13539712
1128944,3.01209e+07,13539712,156375
#1185391,32071425,16247680
#1185391,31857913,16247680
#1185391,31565830,16247680
#1185391,31409688,16247680
#1185391,31414276,16247680
1185391,3.16638e+07,16247680,521744
#1244660,33775836,16247680
#1244660,33581960,16247680
#1244660,33581408,16247680
#1244660,33957680,16247680
#1244660,33995356,16247680
1244660,3.37784e+07,16247680,353963
#1306893,36219295,16247680
#1306893,36254370,16247680
#1306893,36047860,16247680
#1306893,36169701,16247680
#1306893,36539783,16247680
1306893,3.62462e+07,16247680,325174
#1372237,39840015,16247680
#1372237,39985779,16247680
#1372237,39458861,16247680
#1372237,39246482,16247680
#1372237,39520179,16247680
1372237,3.96103e+07,16247680,534545
#1440848,40988583,19497216
#1440848,40596830,19497216
#1440848,41171406,19497216
#1440848,40730361,19497216
#1440848,40830235,19497216
1440848,4.08635e+07,19497216,400397
#1512890,43551236,19497216
#1512890,43174614,19497216
#1512890,43409997,19497216
#1512890,43463904,19497216
#1512890,43590260,19497216
1512890,4.3438e+07,19497216,292346
#1588534,47139223,19497216
#1588534,48059034,19497216
#1588534,47276107,19497216
#1588534,46963069,19497216
#1588534,47551759,19497216
1588534,4.73978e+07,19497216,765034
#1667960,51489413,19497216
#1667960,51340211,19497216
#1667960,51259645,19497216
#1667960,51570812,19497216
#1667960,52041316,19497216
1667960,5.15403e+07,19497216,546509
#1751358,52264250,23396608
#1751358,51723601,23396608
#1751358,51642761,23396608
#1751358,51712124,23396608
#1751358,51890079,23396608
1751358,5.18466e+07,23396608,448183
#1838925,55257861,23396608
#1838925,55176469,23396608
#1838925,55367607,23396608
#1838925,55386693,23396608
#1838925,55711727,23396608
1838925,5.53801e+07,23396608,365058
#1930871,60279234,23396608
#1930871,60047925,23396608
#1930871,60336025,23396608
#1930871,59987802,23396608
#1930871,59980829,23396608
1930871,6.01264e+07,23396608,301807
#2027414,66043784,23396608
#2027414,65970485,23396608
#2027414,66051799,23396608
#2027414,65697431,23396608
#2027414,66589694,23396608
2027414,6.60706e+07,23396608,579523
#2128784,64938141,28075904
#2128784,64352393,28075904
#2128784,64518968,28075904
#2128784,64130825,28075904
#2128784,65856171,28075904
2128784,6.47593e+07,28075904,1.21768e+06
#2235223,69069619,28075904
#2235223,69227238,28075904
#2235223,69819854,28075904
#2235223,69461975,28075904
#2235223,69442792,28075904
2235223,6.94043e+07,28075904,506640
#2346984,75434513,28075904
#2346984,75671179,28075904
#2346984,76266450,28075904
#2346984,75632632,28075904
#2346984,75542391,28075904
2346984,7.57094e+07,28075904,580423
#2464333,76950143,33691008
#2464333,76464558,33691008
#2464333,76494737,33691008
#2464333,76397228,33691008
#2464333,76626389,33691008
2464333,7.65866e+07,33691008,392878
#2587549,80987552,33691008
#2587549,81325888,33691008
#2587549,81099369,33691008
#2587549,81178987,33691008
#2587549,81278282,33691008
2587549,8.1174e+07,33691008,243807
#2716926,86987286,33691008
#2716926,87144670,33691008
#2716926,87818443,33691008
#2716926,87277488,33691008
#2716926,87651629,33691008
2716926,8.73759e+07,33691008,623566
#2852772,94986956,33691008
#2852772,95778067,33691008
#2852772,95707054,33691008
#2852772,95562201,33691008
#2852772,96054833,33691008
2852772,9.56178e+07,33691008,707505
#2995410,94791391,40429184
#2995410,94939859,40429184
#2995410,95068129,40429184
#2995410,94604979,40429184
#2995410,95075716,40429184
2995410,9.4896e+07,40429184,357196
#3145180,100934370,40429184
#3145180,100989163,40429184
#3145180,101289226,40429184
#3145180,101181320,40429184
#3145180,102502099,40429184
3145180,1.01379e+08,40429184,1.15175e+06
#3302439,108459900,40429184
#3302439,109439055,40429184
#3302439,109060593,40429184
#3302439,108976681,40429184
#3302439,108885393,40429184
3302439,1.08964e+08,40429184,629580
#3467560,119572157,40429184
#3467560,120299908,40429184
#3467560,120150588,40429184
#3467560,120231955,40429184
#3467560,120272150,40429184
3467560,1.20105e+08,40429184,542620
#3640938,117104428,48514944
#3640938,117353256,48514944
#3640938,117021932,48514944
#3640938,118691160,48514944
#3640938,117368189,48514944
3640938,1.17508e+08,48514944,1.21408e+06
#3822984,125205989,48514944
#3822984,125052669,48514944
#3822984,126151816,48514944
#3822984,125197707,48514944
#3822984,125997412,48514944
3822984,1.25521e+08,48514944,915634
#4014133,136117052,48514944
#4014133,137178453,48514944
#4014133,136207667,48514944
#4014133,135977093,48514944
#4014133,136176776,48514944
4014133,1.36331e+08,48514944,861717
#4214839,150391936,48514944
#4214839,150531622,48514944
#4214839,150760062,48514944
#4214839,150687051,48514944
#4214839,153324186,48514944
4214839,1.51139e+08,48514944,2.19998e+06
#4425580,145458799,58217856
#4425580,145358228,58217856
#4425580,145320035,58217856
#4425580,145054631,58217856
#4425580,145243914,58217856
4425580,1.45287e+08,58217856,270601
#4646859,155632050,58217856
#4646859,156318483,58217856
#4646859,155996088,58217856
#4646859,158402882,58217856
#4646859,156737305,58217856
4646859,1.56617e+08,58217856,1.92844e+06
#4879201,169516196,58217856
#4879201,169904138,58217856
#4879201,169922284,58217856
#4879201,169726520,58217856
#4879201,171127345,58217856
4879201,1.70039e+08,58217856,1.12686e+06
#5123161,169171233,69861376
#5123161,168616563,69861376
#5123161,168814164,69861376
#5123161,168909365,69861376
#5123161,168064834,69861376
5123161,1.68715e+08,69861376,741979
#5379319,179127192,69861376
#5379319,179496176,69861376
#5379319,179475310,69861376
#5379319,179543149,69861376
#5379319,179294770,69861376
5379319,1.79387e+08,69861376,309976
#5648284,192450026,69861376
#5648284,193246662,69861376
#5648284,192814384,69861376
#5648284,193034417,69861376
#5648284,193320879,69861376
5648284,1.92973e+08,69861376,631407
#5930698,211159833,69861376
#5930698,211077736,69861376
#5930698,211154609,69861376
#5930698,211489122,69861376
#5930698,211004848,69861376
5930698,2.11177e+08,69861376,331910
#6227232,207116003,83833600
#6227232,206791088,83833600
#6227232,207752693,83833600
#6227232,207849477,83833600
#6227232,207225636,83833600
6227232,2.07347e+08,83833600,797093
#6538593,219986600,83833600
#6538593,221073683,83833600
#6538593,221281397,83833600
#6538593,221941999,83833600
#6538593,221799921,83833600
6538593,2.21217e+08,83833600,1.38679e+06
#6865522,238770165,83833600
#6865522,239178660,83833600
#6865522,239294363,83833600
#6865522,238934686,83833600
#6865522,238980159,83833600
6865522,2.39032e+08,83833600,369927
#7208798,262259865,83833600
#7208798,262992472,83833600
#7208798,262755803,83833600
#7208798,262654840,83833600
#7208798,262340032,83833600
7208798,2.62601e+08,83833600,540066
#7569237,253646739,100600320
#7569237,254054635,100600320
#7569237,254662513,100600320
#7569237,254423099,100600320
#7569237,254602157,100600320
7569237,2.54278e+08,100600320,760192
#7947698,271790735,100600320
#7947698,272277860,100600320
#7947698,273502785,100600320
#7947698,273145202,100600320
#7947698,272746159,100600320
7947698,2.72693e+08,100600320,1.21638e+06
#8345082,295334168,100600320
#8345082,295777864,100600320
#8345082,295803867,100600320
#8345082,299138242,100600320
#8345082,296295580,100600320
8345082,2.9647e+08,100600320,2.73684e+06
#8762336,327321618,100600320
#8762336,327767711,100600320
#8762336,327356029,100600320
#8762336,328204830,100600320
#8762336,328151111,100600320
8762336,3.2776e+08,100600320,751677
#9200452,313160334,120720384
#9200452,312851607,120720384
#9200452,312946476,120720384
#9200452,315543315,120720384
#9200452,314072802,120720384
9200452,3.13715e+08,120720384,2.02277e+06
#9660474,335627189,120720384
#9660474,336129494,120720384
#9660474,335984075,120720384
#9660474,336217208,120720384
#9660474,336032087,120720384
9660474,3.35998e+08,120720384,404178
