#1,308,256
#1,57,256
#1,26,256
#1,27,256
#1,28,256
1,89.2,256,220.034
#2,57,256
#2,44,256
#2,30,256
#2,33,256
#2,33,256
2,39.4,256,20.024
#3,43,256
#3,43,256
#3,38,256
#3,38,256
#3,51,256
3,42.6,256,9.5163
#4,58,256
#4,53,256
#4,50,256
#4,46,256
#4,43,256
4,50,256,10.5071
#5,73,256
#5,59,256
#5,49,256
#5,50,256
#5,48,256
5,55.8,256,18.9061
#6,65,256
#6,68,256
#6,60,256
#6,60,256
#6,63,256
6,63.2,256,6.11882
#7,78,256
#7,72,256
#7,81,256
#7,66,256
#7,67,256
7,72.8,256,11.8254
#8,91,256
#8,79,256
#8,74,256
#8,73,256
#8,70,256
8,77.4,256,14.7838
#9,87,256
#9,84,256
#9,79,256
#9,78,256
#9,77,256
9,81,256,7.69415
#10,114,256
#10,97,256
#10,77,256
#10,79,256
#10,80,256
10,89.4,256,28.4703
#11,140,256
#11,127,256
#11,108,256
#11,94,256
#11,87,256
11,111.2,256,39.7069
#12,98,256
#12,107,256
#12,104,256
#12,109,256
#12,93,256
12,102.2,256,11.8254
#13,94,384
#13,98,384
#13,100,384
#13,99,384
#13,98,384
13,97.8,384,4.07922
#14,120,384
#14,113,384
#14,118,384
#14,105,384
#14,104,384
14,112,384,13.0843
#15,132,384
#15,141,384
#15,124,384
#15,126,384
#15,120,384
15,128.6,384,14.6205
#16,131,384
#16,126,384
#16,117,384
#16,109,384
#16,109,384
16,118.4,384,17.7809
#17,165,384
#17,149,384
#17,118,384
#17,113,384
#17,120,384
17,133,384,40.7333
#18,138,384
#18,151,384
#18,138,384
#18,126,384
#18,121,384
18,134.8,384,20.9914
#19,180,384
#19,178,384
#19,161,384
#19,128,384
#19,131,384
19,155.6,384,44.6605
#20,172,384
#20,152,384
#20,144,384
#20,137,384
#20,139,384
20,148.8,384,25.4055
#21,158,384
#21,184,384
#21,164,384
#21,165,384
#21,146,384
21,163.4,384,24.6447
#22,150,384
#22,162,384
#22,147,384
#22,148,384
#22,148,384
22,151,384,11.1714
#23,189,384
#23,178,384
#23,158,384
#23,161,384
#23,164,384
23,170,384,23.4265
#24,196,384
#24,204,384
#24,182,384
#24,151,384
#24,155,384
24,177.6,384,42.6446
#25,180,384
#25,180,384
#25,183,384
#25,169,384
#25,154,384
25,173.2,384,21.4439
#26,239,896
#26,173,896
#26,168,896
#26,155,896
#26,156,896
26,178.2,896,62.3461
#27,207,896
#27,175,896
#27,186,896
#27,177,896
#27,172,896
27,183.4,896,25.3803
#28,209,896
#28,196,896
#28,194,896
#28,181,896
#28,183,896
28,192.6,896,20.1832
#29,184,896
#29,170,896
#29,170,896
#29,178,896
#29,171,896
29,174.6,896,11.1427
#30,198,896
#30,176,896
#30,177,896
#30,176,896
#30,175,896
30,180.4,896,17.6454
#31,199,896
#31,178,896
#31,182,896
#31,180,896
#31,183,896
31,184.4,896,14.9987
#32,211,896
#32,190,896
#32,192,896
#32,187,896
#32,187,896
32,193.4,896,18.0044
#33,205,896
#33,190,896
#33,189,896
#33,190,896
#33,192,896
33,193.2,896,11.9599
#34,197,896
#34,198,896
#34,196,896
#34,195,896
#34,194,896
34,196,896,2.82843
#35,223,896
#35,200,896
#35,203,896
#35,208,896
#35,202,896
35,207.2,896,16.6565
#36,240,896
#36,225,896
#36,227,896
#36,214,896
#36,215,896
36,224.2,896,18.9061
#37,243,896
#37,230,896
#37,231,896
#37,235,896
#37,213,896
37,230.4,896,19.6611
#38,256,896
#38,257,896
#38,255,896
#38,246,896
#38,229,896
38,248.6,896,21.113
#39,247,896
#39,246,896
#39,255,896
#39,238,896
#39,234,896
39,244,896,14.6969
#40,262,896
#40,238,896
#40,245,896
#40,229,896
#40,226,896
40,240,896,25.7682
#42,541,896
#42,522,896
#42,377,896
#42,250,896
#42,252,896
42,388.4,896,251.436
#44,379,896
#44,338,896
#44,282,896
#44,252,896
#44,249,896
44,300,896,101.643
#46,347,896
#46,347,896
#46,303,896
#46,303,896
#46,285,896
46,317,896,50.7228
#48,418,896
#48,382,896
#48,303,896
#48,284,896
#48,275,896
48,332.4,896,114.155
#50,557,896
#50,459,896
#50,387,896
#50,330,896
#50,341,896
50,414.8,896,168.724
#52,403,1536
#52,348,1536
#52,327,1536
#52,305,1536
#52,306,1536
52,337.8,1536,72.4365
#54,313,1536
#54,310,1536
#54,303,1536
#54,304,1536
#54,294,1536
54,304.8,1536,13.1088
#56,362,1536
#56,343,1536
#56,334,1536
#56,306,1536
#56,296,1536
56,328.2,1536,48.3719
#58,337,1536
#58,325,1536
#58,313,1536
#58,315,1536
#58,309,1536
58,319.8,1536,20.1752
#60,353,1536
#60,334,1536
#60,330,1536
#60,326,1536
#60,324,1536
60,333.4,1536,20.7692
#63,394,1536
#63,376,1536
#63,369,1536
#63,358,1536
#63,357,1536
63,370.8,1536,27.1706
#66,613,1536
#66,566,1536
#66,450,1536
#66,417,1536
#66,372,1536
66,483.6,1536,182.325
#69,404,1536
#69,391,1536
#69,395,1536
#69,367,1536
#69,368,1536
69,385,1536,29.7993
#72,593,1536
#72,557,1536
#72,469,1536
#72,383,1536
#72,387,1536
72,477.8,1536,171.704
#75,485,1536
#75,483,1536
#75,464,1536
#75,440,1536
#75,432,1536
75,460.8,1536,43.3663
#78,440,1536
#78,411,1536
#78,409,1536
#78,409,1536
#78,408,1536
78,415.4,1536,24.6771
#81,607,1536
#81,556,1536
#81,508,1536
#81,454,1536
#81,448,1536
81,514.6,1536,121.337
#85,538,1536
#85,518,1536
#85,494,1536
#85,476,1536
#85,472,1536
85,499.6,1536,50.3047
#89,560,2048
#89,533,2048
#89,530,2048
#89,520,2048
#89,522,2048
89,533,2048,28.6775
#93,556,2048
#93,517,2048
#93,504,2048
#93,501,2048
#93,499,2048
93,515.4,2048,42.4942
#97,567,2048
#97,558,2048
#97,554,2048
#97,549,2048
#97,555,2048
97,556.6,2048,11.9063
#101,647,2048
#101,635,2048
#101,636,2048
#101,597,2048
#101,595,2048
101,622,2048,43.3036
#106,609,2048
#106,595,2048
#106,601,2048
#106,585,2048
#106,572,2048
106,592.4,2048,25.7247
#111,693,2048
#111,650,2048
#111,644,2048
#111,632,2048
#111,627,2048
111,649.2,2048,46.7744
#116,709,2048
#116,689,2048
#116,655,2048
#116,645,2048
#116,651,2048
116,669.8,2048,49.7417
#121,1083,2048
#121,1137,2048
#121,827,2048
#121,813,2048
#121,773,2048
121,926.6,2048,303.509
#127,1241,2048
#127,1119,2048
#127,797,2048
#127,747,2048
#127,713,2048
127,923.4,2048,429.41
#133,1117,2048
#133,1024,2048
#133,806,2048
#133,778,2048
#133,759,2048
133,896.8,2048,291.225
#139,957,2816
#139,857,2816
#139,799,2816
#139,772,2816
#139,772,2816
139,831.4,2816,140.106
#145,875,2816
#145,848,2816
#145,811,2816
#145,810,2816
#145,799,2816
145,828.6,2816,56.9996
#152,985,2816
#152,964,2816
#152,886,2816
#152,836,2816
#152,836,2816
152,901.4,2816,125.536
#159,928,2816
#159,895,2816
#159,885,2816
#159,889,2816
#159,877,2816
159,894.8,2816,35.2
#166,1058,2816
#166,988,2816
#166,950,2816
#166,942,2816
#166,915,2816
166,970.6,2816,99.0967
#174,1168,2816
#174,1116,2816
#174,1024,2816
#174,951,2816
#174,968,2816
174,1045.4,2816,168.227
#182,1412,2816
#182,1360,2816
#182,1076,2816
#182,1044,2816
#182,1029,2816
182,1184.2,2816,332.564
#191,1674,2816
#191,1359,2816
#191,13593,2816
#191,1142,2816
#191,1109,2816
191,3775.4,2816,9825.87
#200,2009,2816
#200,1699,2816
#200,1355,2816
#200,1295,2816
#200,1255,2816
200,1522.6,2816,579.105
#210,2253,2816
#210,1899,2816
#210,1593,2816
#210,1443,2816
#210,1360,2816
210,1709.6,2816,656.078
#220,1252,3968
#220,1234,3968
#220,1243,3968
#220,1184,3968
#220,1171,3968
220,1216.8,3968,65.6951
#231,1483,3968
#231,1460,3968
#231,1396,3968
#231,1334,3968
#231,1324,3968
231,1399.4,3968,128.484
#242,1332,3968
#242,1287,3968
#242,1253,3968
#242,1258,3968
#242,1257,3968
242,1277.4,3968,59.7408
#254,1795,3968
#254,1756,3968
#254,1631,3968
#254,1573,3968
#254,1545,3968
254,1660,3968,198.143
#266,2331,3968
#266,2081,3968
#266,1744,3968
#266,1738,3968
#266,1648,3968
266,1908.4,3968,515.56
#279,1908,3968
#279,1808,3968
#279,1743,3968
#279,1676,3968
#279,1659,3968
279,1758.8,3968,182.75
#292,2852,3968
#292,2548,3968
#292,2121,3968
#292,2039,3968
#292,2008,3968
292,2313.6,3968,663.752
#306,2958,3968
#306,2517,3968
#306,2083,3968
#306,1990,3968
#306,1902,3968
306,2290,3968,790.517
#321,3259,3968
#321,2745,3968
#321,2272,3968
#321,2118,3968
#321,2037,3968
321,2486.2,3968,915.393
#337,2091,5760
#337,2017,5760
#337,1983,5760
#337,1963,5760
#337,1956,5760
337,2002,5760,98.5657
#353,2537,5760
#353,2421,5760
#353,2171,5760
#353,2139,5760
#353,2062,5760
353,2266,5760,362.476
#370,2412,5760
#370,2351,5760
#370,2231,5760
#370,2170,5760
#370,2171,5760
370,2267,5760,195.963
#388,2966,5760
#388,2884,5760
#388,2613,5760
#388,2410,5760
#388,2393,5760
388,2653.2,5760,472.93
#407,2775,5760
#407,2664,5760
#407,2437,5760
#407,2397,5760
#407,2385,5760
407,2531.6,5760,316.646
#427,3816,5760
#427,3406,5760
#427,2878,5760
#427,2735,5760
#427,2698,5760
427,3106.6,5760,871.866
#448,4453,5760
#448,3944,5760
#448,3594,5760
#448,3425,5760
#448,3338,5760
448,3750.8,5760,815.621
#470,4188,5760
#470,3727,5760
#470,3311,5760
#470,3182,5760
#470,3048,5760
470,3491.2,5760,832.171
#493,5488,5760
#493,4817,5760
#493,4271,5760
#493,4046,5760
#493,3829,5760
493,4490.2,5760,1194.97
#517,2913,8448
#517,2925,8448
#517,2873,8448
#517,2835,8448
#517,2836,8448
517,2876.4,8448,75.1489
#542,3352,8448
#542,3319,8448
#542,3205,8448
#542,3168,8448
#542,3161,8448
542,3241,8448,158.569
#569,3711,8448
#569,3653,8448
#569,3436,8448
#569,3363,8448
#569,3364,8448
569,3505.4,8448,295.493
#597,4199,8448
#597,4090,8448
#597,3745,8448
#597,3708,8448
#597,3636,8448
597,3875.6,8448,449.986
#626,4629,8448
#626,4536,8448
#626,4174,8448
#626,4101,8448
#626,4089,8448
626,4305.8,8448,459.362
#657,4958,8448
#657,4883,8448
#657,4535,8448
#657,4339,8448
#657,4296,8448
657,4602.2,8448,546.253
#689,6925,8448
#689,6140,8448
#689,5458,8448
#689,5147,8448
#689,4998,8448
689,5733.6,8448,1427.1
#723,6719,8448
#723,6247,8448
#723,5728,8448
#723,5458,8448
#723,5274,8448
723,5885.2,8448,1060.9
#759,9343,8448
#759,8254,8448
#759,7220,8448
#759,6801,8448
#759,6738,8448
759,7671.2,8448,1993.24
#796,5127,12416
#796,5145,12416
#796,4880,12416
#796,4771,12416
#796,4804,12416
796,4945.4,12416,319.381
#835,5729,12416
#835,5660,12416
#835,5366,12416
#835,5315,12416
#835,5276,12416
835,5469.2,12416,374.865
#876,5565,12416
#876,5609,12416
#876,5457,12416
#876,5385,12416
#876,5307,12416
876,5464.6,12416,223.003
#919,6862,12416
#919,6757,12416
#919,6178,12416
#919,5868,12416
#919,5891,12416
919,6311.2,12416,845.153
#964,7306,12416
#964,7049,12416
#964,6638,12416
#964,6215,12416
#964,6174,12416
964,6676.4,12416,895.32
#1012,9566,12416
#1012,8832,12416
#1012,7980,12416
#1012,7672,12416
#1012,7270,12416
1012,8264,12416,1658.19
#1062,11643,12416
#1062,10605,12416
#1062,9713,12416
#1062,9289,12416
#1062,8902,12416
1062,10030.4,12416,1970.65
#1115,14199,12416
#1115,13431,12416
#1115,12061,12416
#1115,11328,12416
#1115,10856,12416
1115,12375,12416,2521
#1170,6992,18432
#1170,6933,18432
#1170,6838,18432
#1170,6815,18432
#1170,6808,18432
1170,6877.2,18432,145.566
#1228,8032,18432
#1228,8037,18432
#1228,7870,18432
#1228,7774,18432
#1228,7723,18432
1228,7887.2,18432,258.424
#1289,8737,18432
#1289,8699,18432
#1289,8235,18432
#1289,8123,18432
#1289,20643,18432
1289,10887.4,18432,9767.79
#1353,10810,18432
#1353,10440,18432
#1353,9878,18432
#1353,9360,18432
#1353,9099,18432
1353,9917.4,18432,1281.21
#1420,10858,18432
#1420,10536,18432
#1420,9971,18432
#1420,9545,18432
#1420,9585,18432
1420,10099,18432,1040.98
#1491,11101,18432
#1491,11020,18432
#1491,10269,18432
#1491,9983,18432
#1491,9951,18432
1491,10464.8,18432,998.982
#1565,13085,18432
#1565,12584,18432
#1565,12048,18432
#1565,11361,18432
#1565,11128,18432
1565,12041.2,18432,1464.46
#1643,20106,18432
#1643,19346,18432
#1643,17907,18432
#1643,16865,18432
#1643,16290,18432
1643,18102.8,18432,2886.53
#1725,22084,18432
#1725,21075,18432
#1725,19967,18432
#1725,19133,18432
#1725,18523,18432
1725,20156.4,18432,2578.48
#1811,11469,27392
#1811,11466,27392
#1811,11312,27392
#1811,11194,27392
#1811,11197,27392
1811,11327.6,27392,243.799
#1901,12875,27392
#1901,12877,27392
#1901,12551,27392
#1901,12389,27392
#1901,12319,27392
1901,12602.2,27392,471.774
#1996,13386,27392
#1996,13376,27392
#1996,12904,27392
#1996,12718,27392
#1996,12739,27392
1996,13024.6,27392,596.126
#2095,15803,27392
#2095,15841,27392
#2095,14886,27392
#2095,14526,27392
#2095,14433,27392
2095,15097.8,27392,1220.96
#2199,16740,27392
#2199,16844,27392
#2199,15810,27392
#2199,15588,27392
#2199,15348,27392
2199,16066,27392,1222.82
#2308,22208,27392
#2308,21740,27392
#2308,20295,27392
#2308,19285,27392
#2308,19177,27392
2308,20541,27392,2484.36
#2423,25517,27392
#2423,24842,27392
#2423,23346,27392
#2423,22348,27392
#2423,21828,27392
2423,23576.2,27392,2826.53
#2544,35649,27392
#2544,34719,27392
#2544,33236,27392
#2544,31568,27392
#2544,31308,27392
2544,33296,27392,3406.26
#2671,17600,40832
#2671,17540,40832
#2671,17054,40832
#2671,16971,40832
#2671,16940,40832
2671,17221,40832,576.022
#2804,18678,40832
#2804,18690,40832
#2804,18330,40832
#2804,18264,40832
#2804,18181,40832
2804,18428.6,40832,427.693
#2944,20971,40832
#2944,21007,40832
#2944,20227,40832
#2944,20156,40832
#2944,20057,40832
2944,20483.6,40832,832.663
#3091,24252,40832
#3091,27878,40832
#3091,23141,40832
#3091,22609,40832
#3091,22425,40832
3091,24061,40832,4023.65
#3245,24474,40832
#3245,24369,40832
#3245,23413,40832
#3245,22854,40832
#3245,22804,40832
3245,23582.8,40832,1436.35
#3407,29307,40832
#3407,29266,40832
#3407,27523,40832
#3407,26827,40832
#3407,26628,40832
3407,27910.2,40832,2324.91
#3577,34893,40832
#3577,34497,40832
#3577,32644,40832
#3577,31550,40832
#3577,31272,40832
3577,32971.2,40832,2971.27
#3755,51143,40832
#3755,50303,40832
#3755,48203,40832
#3755,47450,40832
#3755,46626,40832
3755,48745,40832,3422.13
#3942,64198,40832
#3942,65773,40832
#3942,62387,40832
#3942,61240,40832
#3942,60778,40832
3942,62875.2,40832,3737.11
#4139,28731,61056
#4139,28736,61056
#4139,28095,61056
#4139,27794,61056
#4139,27801,61056
4139,28231.4,61056,848.24
#4345,30326,61056
#4345,30351,61056
#4345,29699,61056
#4345,29533,61056
#4345,29474,61056
4345,29876.6,61056,768.742
#4562,34534,61056
#4562,34600,61056
#4562,33797,61056
#4562,33382,61056
#4562,33179,61056
4562,33898.4,61056,1163
#4790,40987,61056
#4790,40580,61056
#4790,38867,61056
#4790,38078,61056
#4790,39882,61056
4790,39678.8,61056,2151.54
#5029,43778,61056
#5029,43425,61056
#5029,41941,61056
#5029,41110,61056
#5029,40900,61056
5029,42230.8,61056,2354.76
#5280,56456,61056
#5280,55731,61056
#5280,54280,61056
#5280,53324,61056
#5280,52914,61056
5280,54541,61056,2724.65
#5544,67572,61056
#5544,66871,61056
#5544,65246,61056
#5544,64209,61056
#5544,63860,61056
5544,65551.6,61056,2909.34
#5821,87083,61056
#5821,86360,61056
#5821,85391,61056
#5821,84080,61056
#5821,83418,61056
5821,85266.4,61056,2732.86
#6112,42385,91392
#6112,42369,91392
#6112,42091,91392
#6112,41875,91392
#6112,41766,91392
6112,42097.2,91392,502.64
#6417,46520,91392
#6417,46557,91392
#6417,45716,91392
#6417,45516,91392
#6417,45438,91392
6417,45949.4,91392,979.225
#6737,51938,91392
#6737,52047,91392
#6737,50760,91392
#6737,50391,91392
#6737,50149,91392
6737,51057,91392,1577.97
#7073,56523,91392
#7073,56694,91392
#7073,55486,91392
#7073,54978,91392
#7073,54842,91392
7073,55704.6,91392,1541.04
#7426,61323,91392
#7426,63710,91392
#7426,59869,91392
#7426,59062,91392
#7426,58965,91392
7426,60585.8,91392,3551.55
#7797,76886,91392
#7797,76330,91392
#7797,74608,91392
#7797,73368,91392
#7797,73126,91392
7797,74863.6,91392,3041.29
#8186,90299,91392
#8186,89627,91392
#8186,87904,91392
#8186,87014,91392
#8186,86831,91392
8186,88335,91392,2788.46
#8595,113057,91392
#8595,112031,91392
#8595,110195,91392
#8595,109506,91392
#8595,109716,91392
8595,110901,91392,2796.27
#9024,62008,136832
#9024,61988,136832
#9024,61737,136832
#9024,61592,136832
#9024,61644,136832
9024,61793.8,136832,346.393
#9475,68628,136832
#9475,68776,136832
#9475,67982,136832
#9475,67681,136832
#9475,67364,136832
9475,68086.2,136832,1082.95
#9948,73957,136832
#9948,73961,136832
#9948,73167,136832
#9948,72777,136832
#9948,72619,136832
9948,73296.2,136832,1139.64
#10445,83584,136832
#10445,83806,136832
#10445,82502,136832
#10445,81732,136832
#10445,81455,136832
10445,82615.8,136832,1896.42
#10967,104784,136832
#10967,92608,136832
#10967,97392,136832
#10967,90774,136832
#10967,88081,136832
10967,94727.8,136832,11748.4
#11515,115665,136832
#11515,115368,136832
#11515,114154,136832
#11515,113242,136832
#11515,112767,136832
11515,114239,136832,2276.16
#12090,128148,136832
#12090,127672,136832
#12090,126113,136832
#12090,125361,136832
#12090,125217,136832
12090,126502,136832,2397.11
#12694,164127,136832
#12694,165570,136832
#12694,161901,136832
#12694,161365,136832
#12694,160987,136832
12694,162790,136832,3531.31
#13328,213067,136832
#13328,213460,136832
#13328,212174,136832
#13328,212571,136832
#13328,210400,136832
13328,212334,136832,2121.75
#13994,99035,205056
#13994,99283,205056
#13994,98793,205056
#13994,98365,205056
#13994,98231,205056
13994,98741.4,205056,792.151
#14693,106953,205056
#14693,107653,205056
#14693,106267,205056
#14693,106165,205056
#14693,106172,205056
14693,106642,205056,1168.9
#15427,117267,205056
#15427,117803,205056
#15427,116328,205056
#15427,115674,205056
#15427,116331,205056
15427,116681,205056,1513.52
#16198,136207,205056
#16198,136523,205056
#16198,134506,205056
#16198,134025,205056
#16198,133788,205056
16198,135010,205056,2269.71
#17007,156627,205056
#17007,156637,205056
#17007,158431,205056
#17007,155199,205056
#17007,154839,205056
17007,156347,205056,2545.2
#17857,184281,205056
#17857,184556,205056
#17857,183319,205056
#17857,185489,205056
#17857,182577,205056
17857,184044,205056,2016.74
#18749,237368,205056
#18749,237097,205056
#18749,238984,205056
#18749,236333,205056
#18749,235770,205056
18749,237110,205056,2186.86
#19686,295861,205056
#19686,294810,205056
#19686,294231,205056
#19686,293248,205056
#19686,294086,205056
19686,294447,205056,1731.07
#20670,155465,307328
#20670,155546,307328
#20670,154625,307328
#20670,154568,307328
#20670,154360,307328
20670,154913,307328,985.158
#21703,169432,307328
#21703,169017,307328
#21703,168037,307328
#21703,167789,307328
#21703,167416,307328
21703,168338,307328,1523.14
#22788,186337,307328
#22788,186696,307328
#22788,185312,307328
#22788,184595,307328
#22788,184556,307328
22788,185499,307328,1761.02
#23927,210764,307328
#23927,211163,307328
#23927,210109,307328
#23927,209144,307328
#23927,209175,307328
23927,210071,307328,1633.72
#25123,241826,307328
#25123,233656,307328
#25123,231585,307328
#25123,231435,307328
#25123,230790,307328
25123,233858,307328,8196.58
#26379,273131,307328
#26379,273470,307328
#26379,272423,307328
#26379,271825,307328
#26379,271792,307328
26379,272528,307328,1355.85
#27697,341509,307328
#27697,342326,307328
#27697,340968,307328
#27697,339869,307328
#27697,339587,307328
27697,340852,307328,2036.53
#29081,428938,307328
#29081,427171,307328
#29081,425065,307328
#29081,429546,307328
#29081,425757,307328
29081,427295,307328,3477.95
#30535,252645,460800
#30535,239609,460800
#30535,239295,460800
#30535,239148,460800
#30535,238986,460800
30535,241937,460800,10716.3
#32061,259959,460800
#32061,260128,460800
#32061,259530,460800
#32061,258976,460800
#32061,258832,460800
32061,259485,460800,1029.81
#33664,283806,460800
#33664,284083,460800
#33664,282469,460800
#33664,282089,460800
#33664,282033,460800
33664,282896,460800,1747.09
#35347,311664,460800
#35347,309139,460800
#35347,307773,460800
#35347,307501,460800
#35347,307138,460800
35347,308643,460800,3310.41
#37114,356041,460800
#37114,358524,460800
#37114,355275,460800
#37114,354749,460800
#37114,354334,460800
37114,355785,460800,2967.35
#38969,429061,460800
#38969,419645,460800
#38969,419224,460800
#38969,418248,460800
#38969,418394,460800
38969,420914,460800,8212.09
#40917,472415,460800
#40917,471864,460800
#40917,470534,460800
#40917,470224,460800
#40917,470818,460800
40917,471171,460800,1662.52
#42962,642822,460800
#42962,623430,460800
#42962,622957,460800
#42962,626264,460800
#42962,622038,460800
42962,627502,460800,15577.6
#45110,791750,460800
#45110,797193,460800
#45110,795300,460800
#45110,796689,460800
#45110,797342,460800
45110,795655,460800,4162.27
#47365,386825,690944
#47365,384348,690944
#47365,383788,690944
#47365,382981,690944
#47365,383009,690944
47365,384190,690944,2826.48
#49733,428176,690944
#49733,428139,690944
#49733,427241,690944
#49733,426683,690944
#49733,428894,690944
49733,427827,690944,1551.71
#52219,454058,690944
#52219,453978,690944
#52219,452872,690944
#52219,452498,690944
#52219,452259,690944
52219,453133,690944,1497.96
#54829,520253,690944
#54829,519668,690944
#54829,518905,690944
#54829,518501,690944
#54829,518386,690944
54829,519143,690944,1428.17
#57570,587200,690944
#57570,586776,690944
#57570,585370,690944
#57570,585017,690944
#57570,587250,690944
57570,586323,690944,1886.27
#60448,691364,690944
#60448,707952,690944
#60448,709543,690944
#60448,709422,690944
#60448,708405,690944
60448,705337,690944,14024.9
#63470,881461,690944
#63470,873271,690944
#63470,874632,690944
#63470,874116,690944
#63470,868917,690944
63470,874479,690944,8064.67
#66643,1114944,690944
#66643,1109859,690944
#66643,1106624,690944
#66643,1108274,690944
#66643,1104449,690944
66643,1.10883e+06,690944,7088.5
#69975,584875,1036160
#69975,573372,1036160
#69975,574223,1036160
#69975,571737,1036160
#69975,571767,1036160
69975,575195,1036160,9866.28
#73473,618200,1036160
#73473,616773,1036160
#73473,615632,1036160
#73473,616834,1036160
#73473,615062,1036160
73473,616500,1036160,2172.07
#77146,680524,1036160
#77146,681111,1036160
#77146,681662,1036160
#77146,679137,1036160
#77146,678935,1036160
77146,680274,1036160,2149.47
#81003,763033,1036160
#81003,765958,1036160
#81003,761260,1036160
#81003,762167,1036160
#81003,761381,1036160
81003,762760,1036160,3441.51
#85053,868253,1036160
#85053,866951,1036160
#85053,866588,1036160
#85053,868222,1036160
#85053,865764,1036160
85053,867156,1036160,1927.09
#89305,1022947,1036160
#89305,1019511,1036160
#89305,1020902,1036160
#89305,1019653,1036160
#89305,1021246,1036160
89305,1.02085e+06,1036160,2495.22
#93770,1238071,1036160
#93770,1236516,1036160
#93770,1236718,1036160
#93770,1247921,1036160
#93770,1235798,1036160
93770,1.239e+06,1036160,9036.71
#98458,1607256,1036160
#98458,1581708,1036160
#98458,1565822,1036160
#98458,1578150,1036160
#98458,1587194,1036160
98458,1.58403e+06,1036160,27143.4
#103380,862016,1554048
#103380,846226,1554048
#103380,844642,1554048
#103380,844127,1554048
#103380,845615,1554048
103380,848525,1554048,13570
#108549,938870,1554048
#108549,927346,1554048
#108549,924882,1554048
#108549,925209,1554048
#108549,926866,1554048
108549,928635,1554048,10406.5
#113976,1024583,1554048
#113976,1011788,1554048
#113976,1018317,1554048
#113976,1007039,1554048
#113976,1010714,1554048
113976,1.01449e+06,1554048,12444.8
#119674,1136651,1554048
#119674,1131858,1554048
#119674,1092152,1554048
#119674,1079922,1554048
#119674,1096677,1554048
119674,1.10745e+06,1554048,45222.3
#125657,1279464,1554048
#125657,1265331,1554048
#125657,1242282,1554048
#125657,1239419,1554048
#125657,1281315,1554048
125657,1.26156e+06,1554048,35630.3
#131939,1481636,1554048
#131939,1478371,1554048
#131939,1428260,1554048
#131939,1425767,1554048
#131939,1419756,1554048
131939,1.44676e+06,1554048,54609.6
#138535,1739879,1554048
#138535,1730885,1554048
#138535,1715933,1554048
#138535,1717112,1554048
#138535,1714373,1554048
138535,1.72364e+06,1554048,20081.5
#145461,2172207,1554048
#145461,2165741,1554048
#145461,2154149,1554048
#145461,2151183,1554048
#145461,2151759,1554048
145461,2.15901e+06,1554048,16898.2
#152734,2883843,1554048
#152734,2902686,1554048
#152734,2881523,1554048
#152734,2886857,1554048
#152734,2908049,1554048
152734,2.89259e+06,1554048,21405.9
#160370,1469367,2330880
#160370,1382421,2330880
#160370,1374497,2330880
#160370,1354531,2330880
#160370,1356584,2330880
160370,1.38748e+06,2330880,84568.7
#168388,1515484,2330880
#168388,1468959,2330880
#168388,1451538,2330880
#168388,1505100,2330880
#168388,1531188,2330880
168388,1.49445e+06,2330880,59307.8
#176807,1645614,2330880
#176807,1609070,2330880
#176807,1649058,2330880
#176807,1654035,2330880
#176807,1637617,2330880
176807,1.63908e+06,2330880,31857.8
#185647,1858272,2330880
#185647,1831076,2330880
#185647,1818855,2330880
#185647,1815623,2330880
#185647,1903317,2330880
185647,1.84543e+06,2330880,65216.9
#194929,2092304,2330880
#194929,2055060,2330880
#194929,2079863,2330880
#194929,2096985,2330880
#194929,2097008,2330880
194929,2.08424e+06,2330880,31763.1
#204675,2486083,2330880
#204675,2507844,2330880
#204675,2515887,2330880
#204675,2517311,2330880
#204675,2517972,2330880
204675,2.50902e+06,2330880,24058.7
#214908,3117969,2330880
#214908,3088565,2330880
#214908,3150469,2330880
#214908,3155636,2330880
#214908,3157765,2330880
214908,3.13408e+06,2330880,53854.8
#225653,4080614,2330880
#225653,3962934,2330880
#225653,4069372,2330880
#225653,4125334,2330880
#225653,4094930,2330880
225653,4.06664e+06,2330880,110283
#236935,2148684,3496064
#236935,1978992,3496064
#236935,1972524,3496064
#236935,2008824,3496064
#236935,1954472,3496064
236935,2.0127e+06,3496064,140421
#248781,2257693,3496064
#248781,2159401,3496064
#248781,2191473,3496064
#248781,2194701,3496064
#248781,2191877,3496064
248781,2.19903e+06,3496064,64117.5
#261220,2427707,3496064
#261220,2365681,3496064
#261220,2345129,3496064
#261220,2344382,3496064
#261220,2340752,3496064
261220,2.36473e+06,3496064,65361.7
#274281,2686672,3496064
#274281,2655115,3496064
#274281,2633841,3496064
#274281,2704337,3496064
#274281,2702315,3496064
274281,2.67646e+06,3496064,55294.7
#287995,3060743,3496064
#287995,3025118,3496064
#287995,3013776,3496064
#287995,3074647,3496064
#287995,3083286,3496064
287995,3.05151e+06,3496064,54777.2
#302394,3564049,3496064
#302394,3523172,3496064
#302394,3511454,3496064
#302394,3509403,3496064
#302394,3572287,3496064
302394,3.53607e+06,3496064,53500.9
#317513,4387141,3496064
#317513,4361099,3496064
#317513,4466067,3496064
#317513,4457791,3496064
#317513,4456300,3496064
317513,4.42568e+06,3496064,86050.1
#333388,5466031,3496064
#333388,5475551,3496064
#333388,5427268,3496064
#333388,5426173,3496064
#333388,5427074,3496064
333388,5.44442e+06,3496064,43489.8
#350057,3948877,5243904
#350057,3179989,5243904
#350057,3131854,5243904
#350057,3075266,5243904
#350057,3060981,5243904
350057,3.27939e+06,5243904,674821
#367559,3897000,5243904
#367559,3561217,5243904
#367559,3693710,5243904
#367559,3560857,5243904
#367559,3532260,5243904
367559,3.64901e+06,5243904,272186
#385936,3822496,5243904
#385936,3653635,5243904
#385936,3619026,5243904
#385936,3682940,5243904
#385936,3687128,5243904
385936,3.69304e+06,5243904,138352
#405232,4136995,5243904
#405232,4033874,5243904
#405232,4123650,5243904
#405232,4099494,5243904
#405232,4064391,5243904
405232,4.09168e+06,5243904,76014.8
#425493,4861526,5243904
#425493,4795335,5243904
#425493,4868896,5243904
#425493,4890411,5243904
#425493,4851620,5243904
425493,4.85356e+06,5243904,63564.5
#446767,5279909,5243904
#446767,5331198,5243904
#446767,5294321,5243904
#446767,5271888,5243904
#446767,5267502,5243904
446767,5.28896e+06,5243904,46014
#469105,6353468,5243904
#469105,6344319,5243904
#469105,6464754,5243904
#469105,6373039,5243904
#469105,6321614,5243904
469105,6.37144e+06,5243904,98999.9
#492560,7776689,5243904
#492560,7874046,5243904
#492560,7847181,5243904
#492560,7840744,5243904
#492560,7824135,5243904
492560,7.83256e+06,5243904,64463.3
#517188,8347335,7865600
#517188,7625765,7865600
#517188,7111340,7865600
#517188,7654588,7865600
#517188,7628939,7865600
517188,7.67359e+06,7865600,787248
#543047,8364616,7865600
#543047,7625997,7865600
#543047,7619859,7865600
#543047,7726958,7865600
#543047,7660118,7865600
543047,7.79951e+06,7865600,570207
#570199,8487037,7865600
#570199,8423593,7865600
#570199,9801722,7865600
#570199,8045144,7865600
#570199,8129332,7865600
570199,8.57737e+06,7865600,1.2696e+06
#598708,8993561,7865600
#598708,8845485,7865600
#598708,8974478,7865600
#598708,8796259,7865600
#598708,8709931,7865600
598708,8.86394e+06,7865600,214775
#628643,9951079,7865600
#628643,9808158,7865600
#628643,9815075,7865600
#628643,9471566,7865600
#628643,9711866,7865600
628643,9.75155e+06,7865600,318770
#660075,10708170,7865600
#660075,10840689,7865600
#660075,10932899,7865600
#660075,10872041,7865600
#660075,10675318,7865600
660075,1.08058e+07,7865600,196604
#693078,12058635,7865600
#693078,12181048,7865600
#693078,12029942,7865600
#693078,12070473,7865600
#693078,11998632,7865600
693078,1.20677e+07,7865600,123721
#727731,19207410,7865600
#727731,20937138,7865600
#727731,19140945,7865600
#727731,19414739,7865600
#727731,19822539,7865600
727731,1.97046e+07,7865600,1.32121e+06
#764117,23110516,7865600
#764117,22873240,7865600
#764117,23023083,7865600
#764117,23077063,7865600
#764117,22793898,7865600
764117,2.29756e+07,7865600,243713
#802322,17956746,11798144
#802322,18533768,11798144
#802322,21226894,11798144
#802322,20862074,11798144
#802322,16404459,11798144
802322,1.89968e+07,11798144,3.62976e+06
#842438,18288133,11798144
#842438,17952527,11798144
#842438,17566984,11798144
#842438,17453858,11798144
#842438,17671263,11798144
842438,1.77866e+07,11798144,600878
#884559,19080008,11798144
#884559,18883306,11798144
#884559,18752245,11798144
#884559,18667042,11798144
#884559,18852558,11798144
884559,1.8847e+07,11798144,278575
#928786,20526245,11798144
#928786,20416913,11798144
#928786,20247438,11798144
#928786,20692514,11798144
#928786,20470474,11798144
928786,2.04707e+07,11798144,289863
#975225,22401810,11798144
#975225,22461060,11798144
#975225,22091400,11798144
#975225,22108013,11798144
#975225,22162483,11798144
975225,2.2245e+07,11798144,310405
#1023986,26392079,11798144
#1023986,25040339,11798144
#1023986,25563494,11798144
#1023986,24770212,11798144
#1023986,25117413,11798144
1023986,2.53767e+07,11798144,1.13634e+06
#1075185,28625304,11798144
#1075185,28538501,11798144
#1075185,28619033,11798144
#1075185,28355794,11798144
#1075185,28521830,11798144
1075185,2.85321e+07,11798144,194884
#1128944,34771500,11798144
#1128944,34706101,11798144
#1128944,34982524,11798144
#1128944,34566938,11798144
#1128944,34990144,11798144
1128944,3.48034e+07,11798144,326628
#1185391,29764989,17697024
#1185391,29031553,17697024
#1185391,29326807,17697024
#1185391,29086900,17697024
#1185391,29334261,17697024
1185391,2.93089e+07,17697024,517831
#1244660,31062882,17697024
#1244660,30968340,17697024
#1244660,31100098,17697024
#1244660,31275652,17697024
#1244660,31125887,17697024
1244660,3.11066e+07,17697024,200040
#1306893,34257225,17697024
#1306893,33435762,17697024
#1306893,33128512,17697024
#1306893,33370126,17697024
#1306893,33416613,17697024
1306893,3.35216e+07,17697024,767853
#1372237,36075916,17697024
#1372237,35935322,17697024
#1372237,35935228,17697024
#1372237,35979571,17697024
#1372237,35988788,17697024
1372237,3.5983e+07,17697024,102894
#1440848,39250242,17697024
#1440848,39498360,17697024
#1440848,38777258,17697024
#1440848,38737855,17697024
#1440848,38885518,17697024
1440848,3.90298e+07,17697024,591926
#1512890,43289387,17697024
#1512890,42882883,17697024
#1512890,42799356,17697024
#1512890,42846248,17697024
#1512890,43171093,17697024
1512890,4.29978e+07,17697024,390494
#1588534,49034404,17697024
#1588534,49067127,17697024
#1588534,49409274,17697024
#1588534,48991676,17697024
#1588534,49322590,17697024
1588534,4.9165e+07,17697024,336071
#1667960,58980637,17697024
#1667960,58997228,17697024
#1667960,59291197,17697024
#1667960,59266989,17697024
#1667960,58913613,17697024
1667960,5.90899e+07,17697024,314305
#1751358,47115286,26545280
#1751358,46760912,26545280
#1751358,46986665,26545280
#1751358,46946190,26545280
#1751358,47016382,26545280
1751358,4.69651e+07,26545280,232725
#1838925,49961663,26545280
#1838925,49797727,26545280
#1838925,49754598,26545280
#1838925,50041573,26545280
#1838925,49990045,26545280
1838925,4.99091e+07,26545280,224747
#1930871,53306820,26545280
#1930871,53251432,26545280
#1930871,53238027,26545280
#1930871,53094076,26545280
#1930871,53291783,26545280
1930871,5.32364e+07,26545280,151026
#2027414,57140571,26545280
#2027414,57311040,26545280
#2027414,57217939,26545280
#2027414,57324167,26545280
#2027414,57268214,26545280
2027414,5.72524e+07,26545280,134261
#2128784,61849181,26545280
#2128784,62172395,26545280
#2128784,61984898,26545280
#2128784,62484743,26545280
#2128784,61902377,26545280
2128784,6.20787e+07,26545280,461491
#2235223,67983266,26545280
#2235223,68170617,26545280
#2235223,67890876,26545280
#2235223,68332839,26545280
#2235223,67753637,26545280
2235223,6.80262e+07,26545280,409224
#2346984,76746156,26545280
#2346984,77212508,26545280
#2346984,76929642,26545280
#2346984,77070209,26545280
#2346984,77090013,26545280
2346984,7.70097e+07,26545280,318882
#2464333,91035450,26545280
#2464333,91149060,26545280
#2464333,91262210,26545280
#2464333,91119026,26545280
#2464333,91264562,26545280
2464333,9.11661e+07,26545280,175517
#2587549,117112254,26545280
#2587549,116768187,26545280
#2587549,118144923,26545280
#2587549,117132750,26545280
#2587549,118598609,26545280
2587549,1.17551e+08,26545280,1.3944e+06
#2716926,77072378,39817728
#2716926,76427047,39817728
#2716926,76489058,39817728
#2716926,76586844,39817728
#2716926,76857415,39817728
2716926,7.66865e+07,39817728,485258
#2852772,82258522,39817728
#2852772,81681704,39817728
#2852772,81846834,39817728
#2852772,82113026,39817728
#2852772,82048218,39817728
2852772,8.19897e+07,39817728,406124
#2995410,88200995,39817728
#2995410,93401457,39817728
#2995410,93830682,39817728
#2995410,88013311,39817728
#2995410,87766777,39817728
2995410,9.02426e+07,39817728,5.52234e+06
#3145180,94951162,39817728
#3145180,95196213,39817728
#3145180,95604769,39817728
#3145180,95465237,39817728
#3145180,95927633,39817728
3145180,9.5429e+07,39817728,671334
#3302439,104574544,39817728
#3302439,104283796,39817728
#3302439,104600669,39817728
#3302439,104266080,39817728
#3302439,104338037,39817728
3302439,1.04413e+08,39817728,290123
#3467560,116605948,39817728
#3467560,116582485,39817728
#3467560,117119249,39817728
#3467560,116391398,39817728
#3467560,116092099,39817728
3467560,1.16558e+08,39817728,670951
#3640938,135260381,39817728
#3640938,136175741,39817728
#3640938,136146759,39817728
#3640938,136005163,39817728
#3640938,135883756,39817728
3640938,1.35894e+08,39817728,667652
#3822984,170588540,39817728
#3822984,170846259,39817728
#3822984,169442380,39817728
#3822984,169338207,39817728
#3822984,169320730,39817728
3822984,1.69907e+08,39817728,1.33561e+06
#4014133,116404938,59726336
#4014133,116741928,59726336
#4014133,116742781,59726336
#4014133,116754003,59726336
#4014133,116630186,59726336
4014133,1.16655e+08,59726336,265646
#4214839,124130682,59726336
#4214839,124109531,59726336
#4214839,124653748,59726336
#4214839,124273391,59726336
#4214839,124392378,59726336
4214839,1.24312e+08,59726336,398610
#4425580,132786077,59726336
#4425580,132610709,59726336
#4425580,133244622,59726336
#4425580,132575928,59726336
#4425580,132686519,59726336
4425580,1.32781e+08,59726336,485758
#4646859,143136205,59726336
#4646859,143173357,59726336
#4646859,144015297,59726336
#4646859,146146938,59726336
#4646859,145466298,59726336
4646859,1.44388e+08,59726336,2.43932e+06
#4879201,156179479,59726336
#4879201,156680983,59726336
#4879201,156482969,59726336
#4879201,156718438,59726336
#4879201,156843491,59726336
4879201,1.56581e+08,59726336,463566
#5123161,174304257,59726336
#5123161,174507953,59726336
#5123161,174403095,59726336
#5123161,174801237,59726336
#5123161,174464809,59726336
5123161,1.74496e+08,59726336,334283
#5379319,199925321,59726336
#5379319,200036903,59726336
#5379319,200261162,59726336
#5379319,199655273,59726336
#5379319,199784009,59726336
5379319,1.99933e+08,59726336,417492
#5648284,243149937,59726336
#5648284,242932273,59726336
#5648284,243113929,59726336
#5648284,244075084,59726336
#5648284,243528234,59726336
5648284,2.4336e+08,59726336,813523
#5930698,176116506,89589248
#5930698,237513675,89589248
#5930698,254867013,89589248
#5930698,290958671,89589248
#5930698,193997922,89589248
5930698,2.30691e+08,89589248,8.28878e+07
#6227232,186371290,89589248
#6227232,187742768,89589248
#6227232,186642856,89589248
#6227232,186779696,89589248
#6227232,186720025,89589248
6227232,1.86851e+08,89589248,934209
#6538593,199235322,89589248
#6538593,199481026,89589248
#6538593,199172523,89589248
#6538593,199829293,89589248
#6538593,199842870,89589248
6538593,1.99512e+08,89589248,567735
#6865522,214253183,89589248
#6865522,214936895,89589248
#6865522,220219350,89589248
#6865522,214846542,89589248
#6865522,214580415,89589248
6865522,2.15767e+08,89589248,4.47744e+06
#7208798,235585007,89589248
#7208798,234197932,89589248
#7208798,233724252,89589248
#7208798,234252431,89589248
#7208798,234024984,89589248
7208798,2.34357e+08,89589248,1.28214e+06
#7569237,259315294,89589248
#7569237,259025487,89589248
#7569237,259212975,89589248
#7569237,264730199,89589248
#7569237,261501018,89589248
7569237,2.60757e+08,89589248,4.36353e+06
#7947698,293818474,89589248
#7947698,294071247,89589248
#7947698,293211209,89589248
#7947698,293713992,89589248
#7947698,293742760,89589248
7947698,2.93712e+08,89589248,560097
#8345082,349545324,89589248
#8345082,349937181,89589248
#8345082,348397736,89589248
#8345082,348896793,89589248
#8345082,349013599,89589248
8345082,3.49158e+08,89589248,1.06742e+06
#8762336,457240097,89589248
#8762336,461491422,89589248
#8762336,459533098,89589248
#8762336,457941846,89589248
#8762336,456831304,89589248
8762336,4.58608e+08,89589248,3.42245e+06
#9200452,281010166,134383616
#9200452,279940796,134383616
#9200452,279668417,134383616
#9200452,280466953,134383616
#9200452,279417355,134383616
9200452,2.80101e+08,134383616,1.14566e+06
#9660474,298061461,134383616
#9660474,298173879,134383616
#9660474,298370752,134383616
#9660474,298271800,134383616
#9660474,298409070,134383616
9660474,2.98257e+08,134383616,255230
