#1,495,256
#1,55,256
#1,27,256
#1,28,256
#1,27,256
1,126.4,256,369.223
#2,48,256
#2,36,256
#2,31,256
#2,30,256
#2,30,256
2,35,256,13.7405
#3,40,256
#3,39,256
#3,35,256
#3,36,256
#3,36,256
3,37.2,256,3.87814
#4,54,256
#4,46,256
#4,41,256
#4,41,256
#4,41,256
4,44.6,256,10.1666
#5,76,256
#5,62,256
#5,69,256
#5,46,256
#5,48,256
5,60.2,256,23.3375
#6,66,256
#6,77,256
#6,58,256
#6,51,256
#6,52,256
6,60.8,256,19.4072
#7,78,256
#7,67,256
#7,63,256
#7,63,256
#7,64,256
7,67,256,11.3842
#8,76,256
#8,71,256
#8,67,256
#8,71,256
#8,68,256
8,70.6,256,6.27375
#9,80,256
#9,79,256
#9,75,256
#9,71,256
#9,74,256
9,75.8,256,6.62118
#10,88,256
#10,86,256
#10,79,256
#10,77,256
#10,81,256
10,82.2,256,8.33307
#11,92,256
#11,82,256
#11,84,256
#11,83,256
#11,88,256
11,85.8,256,7.41889
#12,151,256
#12,126,256
#12,107,256
#12,95,256
#12,85,256
12,112.8,256,46.9621
#13,132,384
#13,134,384
#13,101,384
#13,91,384
#13,93,384
13,110.2,384,37.8502
#14,125,384
#14,133,384
#14,110,384
#14,116,384
#14,106,384
14,118,384,19.718
#15,124,384
#15,120,384
#15,101,384
#15,100,384
#15,99,384
15,108.8,384,21.7403
#16,147,384
#16,136,384
#16,132,384
#16,134,384
#16,135,384
16,136.8,384,10.5376
#17,144,384
#17,124,384
#17,124,384
#17,114,384
#17,113,384
17,123.8,384,22.2854
#18,144,384
#18,145,384
#18,135,384
#18,123,384
#18,124,384
18,134.2,384,18.8213
#19,150,384
#19,159,384
#19,145,384
#19,139,384
#19,131,384
19,144.8,384,19.0326
#20,204,384
#20,193,384
#20,152,384
#20,129,384
#20,126,384
20,160.8,384,64.5154
#21,160,384
#21,160,384
#21,157,384
#21,155,384
#21,143,384
21,155,384,12.5857
#22,177,384
#22,172,384
#22,164,384
#22,161,384
#22,164,384
22,167.6,384,11.9063
#23,324,384
#23,283,384
#23,185,384
#23,161,384
#23,152,384
23,221,384,138.881
#24,205,384
#24,204,384
#24,188,384
#24,180,384
#24,170,384
24,189.4,384,27.1765
#25,342,384
#25,317,384
#25,182,384
#25,162,384
#25,173,384
25,235.2,384,155.319
#26,245,640
#26,160,640
#26,162,640
#26,158,640
#26,158,640
26,176.6,640,68.4643
#27,199,640
#27,187,640
#27,192,640
#27,177,640
#27,167,640
27,184.4,640,22.5424
#28,175,640
#28,170,640
#28,163,640
#28,164,640
#28,177,640
28,169.8,640,11.2712
#29,210,640
#29,210,640
#29,203,640
#29,200,640
#29,189,640
29,202.4,640,15.5229
#30,202,640
#30,209,640
#30,206,640
#30,197,640
#30,197,640
30,202.2,640,9.58332
#31,253,640
#31,248,640
#31,228,640
#31,205,640
#31,192,640
31,225.2,640,47.4198
#32,218,640
#32,201,640
#32,204,640
#32,205,640
#32,204,640
32,206.4,640,11.9063
#33,340,640
#33,330,640
#33,239,640
#33,208,640
#33,199,640
33,263.2,640,120.382
#34,260,640
#34,276,640
#34,265,640
#34,264,640
#34,233,640
34,259.6,640,28.6384
#35,367,640
#35,366,640
#35,285,640
#35,261,640
#35,240,640
35,303.8,640,106.278
#36,392,640
#36,385,640
#36,284,640
#36,227,640
#36,216,640
36,300.8,640,150.537
#37,430,640
#37,365,640
#37,271,640
#37,213,640
#37,214,640
37,298.6,640,171.863
#38,418,640
#38,394,640
#38,257,640
#38,218,640
#38,217,640
38,300.8,640,174.857
#39,292,896
#39,282,896
#39,257,896
#39,242,896
#39,229,896
39,260.4,896,47.3388
#40,377,896
#40,370,896
#40,268,896
#40,237,896
#40,224,896
40,295.2,896,131.096
#42,278,896
#42,257,896
#42,260,896
#42,260,896
#42,247,896
42,260.4,896,20.024
#44,608,896
#44,543,896
#44,348,896
#44,317,896
#44,292,896
44,421.6,896,257.118
#46,531,896
#46,374,896
#46,324,896
#46,292,896
#46,287,896
46,361.6,896,180.384
#48,700,896
#48,593,896
#48,370,896
#48,328,896
#48,300,896
48,458.2,896,317.99
#50,599,896
#50,510,896
#50,302,896
#50,310,896
#50,308,896
50,405.8,896,249.32
#52,525,1152
#52,447,1152
#52,370,1152
#52,306,1152
#52,311,1152
52,391.8,1152,167.702
#54,502,1152
#54,503,1152
#54,363,1152
#54,342,1152
#54,340,1152
54,410,1152,151.91
#56,400,1152
#56,375,1152
#56,369,1152
#56,370,1152
#56,351,1152
56,373,1152,31.5214
#58,676,1152
#58,578,1152
#58,379,1152
#58,365,1152
#58,355,1152
58,470.6,1152,263.255
#60,514,1152
#60,520,1152
#60,370,1152
#60,369,1152
#60,353,1152
60,425.2,1152,150.441
#63,577,1152
#63,576,1152
#63,461,1152
#63,411,1152
#63,394,1152
63,483.8,1152,157.66
#66,470,1408
#66,473,1408
#66,419,1408
#66,408,1408
#66,386,1408
66,431.2,1408,69.1827
#69,996,1408
#69,717,1408
#69,536,1408
#69,462,1408
#69,420,1408
69,626.2,1408,422.007
#72,756,1408
#72,701,1408
#72,558,1408
#72,497,1408
#72,488,1408
72,600,1408,218.09
#75,1138,1408
#75,936,1408
#75,585,1408
#75,493,1408
#75,478,1408
75,726,1408,528.786
#78,768,1664
#78,655,1664
#78,482,1664
#78,472,1664
#78,465,1664
78,568.4,1664,244.604
#81,745,1664
#81,733,1664
#81,613,1664
#81,522,1664
#81,514,1664
81,625.4,1664,198.267
#85,1092,1664
#85,830,1664
#85,575,1664
#85,510,1664
#85,519,1664
85,705.2,1664,451.588
#89,1338,1664
#89,909,1664
#89,632,1664
#89,588,1664
#89,589,1664
89,811.2,1664,578.541
#93,1154,1920
#93,904,1920
#93,704,1920
#93,640,1920
#93,626,1920
93,805.6,1920,401.066
#97,1141,1920
#97,904,1920
#97,617,1920
#97,585,1920
#97,559,1920
97,761.2,1920,453.753
#101,1111,1920
#101,886,1920
#101,656,1920
#101,615,1920
#101,583,1920
101,770.2,1920,401.723
#106,1170,2176
#106,894,2176
#106,647,2176
#106,650,2176
#106,625,2176
106,797.2,2176,421.645
#111,1019,2176
#111,940,2176
#111,796,2176
#111,728,2176
#111,684,2176
111,833.4,2176,253.991
#116,1525,2176
#116,1079,2176
#116,895,2176
#116,815,2176
#116,776,2176
116,1018,2176,548.213
#121,1863,2432
#121,1501,2432
#121,1060,2432
#121,936,2432
#121,853,2432
121,1242.6,2432,764.618
#127,2029,2432
#127,1621,2432
#127,1088,2432
#127,909,2432
#127,838,2432
127,1297,2432,914.639
#133,2124,2688
#133,1885,2688
#133,1350,2688
#133,1019,2688
#133,843,2688
133,1444.2,2688,982.87
#139,1916,2688
#139,1396,2688
#139,1023,2688
#139,928,2688
#139,821,2688
139,1216.8,2688,799.307
#145,2073,2816
#145,1673,2816
#145,1216,2816
#145,1008,2816
#145,900,2816
145,1374,2816,877.085
#152,2022,2816
#152,1626,2816
#152,1093,2816
#152,914,2816
#152,858,2816
152,1302.6,2816,900.993
#159,2613,2944
#159,2183,2944
#159,1591,2944
#159,1317,2944
#159,1143,2944
159,1769.4,2944,1099.67
#166,2263,2944
#166,1778,2944
#166,1425,2944
#166,1217,2944
#166,1141,2944
166,1564.8,2944,826.101
#174,2510,3072
#174,1889,3072
#174,1428,3072
#174,1294,3072
#174,1160,3072
174,1656.2,3072,984.946
#182,3520,3200
#182,2799,3200
#182,2250,3200
#182,1773,3200
#182,1574,3200
182,2383.2,3200,1417.07
#191,2553,3200
#191,2092,3200
#191,1493,3200
#191,1257,3200
#191,1166,3200
191,1712.2,3200,1060.11
#200,3196,3328
#200,2575,3328
#200,1935,3328
#200,1670,3328
#200,1428,3328
200,2160.8,3328,1287.5
#210,2564,3456
#210,1993,3456
#210,1489,3456
#210,1431,3456
#210,1321,3456
210,1759.6,3456,927.408
#220,3170,3456
#220,2622,3456
#220,2038,3456
#220,1763,3456
#220,1627,3456
220,2244,3456,1150.6
#231,3556,3584
#231,2890,3584
#231,2374,3584
#231,1954,3584
#231,1556,3584
231,2466,3584,1404.73
#242,3146,3712
#242,2623,3712
#242,2175,3712
#242,1939,3712
#242,1840,3712
242,2344.6,3712,966.497
#254,3974,3840
#254,3309,3840
#254,2873,3840
#254,2574,3840
#254,2331,3840
254,3012.2,3840,1162.27
#266,5062,3968
#266,4386,3968
#266,3335,3968
#266,2976,3968
#266,2718,3968
266,3695.4,3968,1777.02
#279,4264,4096
#279,3481,4096
#279,2833,4096
#279,2309,4096
#279,2220,4096
279,3021.4,4096,1533.76
#292,4433,4224
#292,3831,4224
#292,2966,4224
#292,2611,4224
#292,2404,4224
292,3249,4224,1534.08
#306,4815,4352
#306,4089,4352
#306,3199,4352
#306,2629,4352
#306,2397,4352
306,3425.8,4352,1814.27
#321,6282,4480
#321,5384,4480
#321,4528,4480
#321,4022,4480
#321,3815,4480
321,4806.2,4480,1830.12
#337,6462,4736
#337,5653,4736
#337,4844,4736
#337,4233,4736
#337,3906,4736
337,5019.6,4736,1870.06
#353,4516,4864
#353,3847,4864
#353,2968,4864
#353,2447,4864
#353,2319,4864
353,3219.4,4864,1684.18
#370,5505,4992
#370,4709,4992
#370,3756,4992
#370,3249,4992
#370,3078,4992
370,4059.4,4992,1838.19
#388,6664,5120
#388,5688,5120
#388,4805,5120
#388,4349,5120
#388,4131,5120
388,5127.4,5120,1871.49
#407,8816,5376
#407,7922,5376
#407,6688,5376
#407,6025,5376
#407,5538,5376
407,6997.8,5376,2422.12
#427,7138,5504
#427,6205,5504
#427,5148,5504
#427,4417,5504
#427,3889,5504
427,5359.4,5504,2361.92
#448,6735,5760
#448,5984,5760
#448,5148,5760
#448,4739,5760
#448,4412,5760
448,5403.6,5760,1697.01
#470,8947,6016
#470,7770,6016
#470,6579,6016
#470,5585,6016
#470,5334,6016
470,6843,6016,2715.21
#493,6993,6272
#493,5838,6272
#493,4782,6272
#493,4337,6272
#493,3917,6272
493,5173.4,6272,2224.22
#517,9195,6528
#517,7926,6528
#517,6772,6528
#517,6123,6528
#517,5924,6528
517,7188,6528,2445.84
#542,7150,6784
#542,6171,6784
#542,5014,6784
#542,4570,6784
#542,4313,6784
542,5443.6,6784,2129.21
#569,8953,7040
#569,10208,7040
#569,6874,7040
#569,6280,7040
#569,6046,7040
569,7672.2,7040,3260.75
#597,9999,7296
#597,8472,7296
#597,7104,7296
#597,6812,7296
#597,6304,7296
597,7738.2,7296,2678.31
#626,9058,7552
#626,7881,7552
#626,6966,7552
#626,6240,7552
#626,6026,7552
626,7234.2,7552,2238.7
#657,12668,7808
#657,11319,7808
#657,10023,7808
#657,9367,7808
#657,8771,7808
657,10429.6,7808,2806.69
#689,13003,8320
#689,12448,8320
#689,10915,8320
#689,10254,8320
#689,9680,8320
689,11260,8320,2541.94
#723,12991,8576
#723,11851,8576
#723,10794,8576
#723,10468,8576
#723,9812,8576
723,11183.2,8576,2237.37
#759,14519,8832
#759,13498,8832
#759,12055,8832
#759,11714,8832
#759,11341,8832
759,12625.4,8832,2392.13
#796,15075,9344
#796,14275,9344
#796,13342,9344
#796,12386,9344
#796,11759,9344
796,13367.4,9344,2415.02
#835,15986,9600
#835,15021,9600
#835,13773,9600
#835,12829,9600
#835,12403,9600
835,14002.4,9600,2677.28
#876,16384,10112
#876,15423,10112
#876,14582,10112
#876,13959,10112
#876,13345,10112
876,14738.6,10112,2144.79
#919,18312,10368
#919,17279,10368
#919,16485,10368
#919,15430,10368
#919,14428,10368
919,16386.8,10368,2722.41
#964,15518,11136
#964,14047,11136
#964,13310,11136
#964,12457,11136
#964,11709,11136
964,13408.2,11136,2632.27
#1012,18727,11520
#1012,18268,11520
#1012,16698,11520
#1012,15804,11520
#1012,14860,11520
1012,16871.4,11520,2913.26
#1062,20024,11904
#1062,19609,11904
#1062,18004,11904
#1062,16727,11904
#1062,16060,11904
1062,18084.8,11904,3102.73
#1115,19453,12672
#1115,18911,12672
#1115,18038,12672
#1115,17185,12672
#1115,15942,12672
1115,17905.8,12672,2497.65
#1170,24943,13056
#1170,24109,13056
#1170,22684,13056
#1170,21644,13056
#1170,21004,13056
1170,22876.8,13056,2946.43
#1228,23799,13440
#1228,23270,13440
#1228,22089,13440
#1228,20641,13440
#1228,19869,13440
1228,21933.6,13440,2996.43
#1289,26913,14208
#1289,26386,14208
#1289,24957,14208
#1289,23755,14208
#1289,23064,14208
1289,25015,14208,2950.17
#1353,26392,14976
#1353,25618,14976
#1353,24764,14976
#1353,23115,14976
#1353,22356,14976
1353,24449,14976,3020.1
#1420,25475,15360
#1420,24923,15360
#1420,23567,15360
#1420,22467,15360
#1420,21735,15360
1420,23633.4,15360,2831.73
#1491,31807,16384
#1491,30889,16384
#1491,30153,16384
#1491,28997,16384
#1491,28086,16384
1491,29986.4,16384,2645.37
#1565,28811,16896
#1565,28142,16896
#1565,27480,16896
#1565,26282,16896
#1565,25457,16896
1565,27234.4,16896,2439.01
#1643,32239,17920
#1643,30371,17920
#1643,29640,17920
#1643,27955,17920
#1643,27601,17920
1643,29561.2,17920,3376.96
#1725,31559,18432
#1725,30912,18432
#1725,29082,18432
#1725,27998,18432
#1725,27648,18432
1725,29439.8,18432,3108.15
#1811,44239,19456
#1811,43655,19456
#1811,42050,19456
#1811,41299,19456
#1811,40581,19456
1811,42364.8,19456,2770.45
#1901,38942,20608
#1901,37868,20608
#1901,52824,20608
#1901,36012,20608
#1901,34527,20608
1901,40034.6,20608,13144.5
#1996,37179,21248
#1996,36324,21248
#1996,34357,21248
#1996,33365,21248
#1996,32810,21248
1996,34807,21248,3370.17
#2095,41437,22528
#2095,40180,22528
#2095,38736,22528
#2095,38581,22528
#2095,38112,22528
2095,39409.2,22528,2454.05
#2199,48312,23168
#2199,47747,23168
#2199,46692,23168
#2199,60092,23168
#2199,44466,23168
2199,49461.8,23168,10950.6
#2308,49458,24448
#2308,48391,24448
#2308,46818,24448
#2308,46695,24448
#2308,46029,24448
2308,47478.2,24448,2514.32
#2423,59889,25984
#2423,45353,25984
#2423,44682,25984
#2423,42796,25984
#2423,42737,25984
2423,47091.4,25984,12962
#2544,50727,26752
#2544,49817,26752
#2544,49189,26752
#2544,48039,26752
#2544,47607,26752
2544,49075.8,26752,2284.03
#2671,53401,28288
#2671,51542,28288
#2671,50579,28288
#2671,50110,28288
#2671,49466,28288
2671,51019.6,28288,2739.22
#2804,59586,29056
#2804,58998,29056
#2804,58048,29056
#2804,57314,29056
#2804,57271,29056
2804,58243.4,29056,1837.29
#2944,61126,30848
#2944,60783,30848
#2944,59828,30848
#2944,59502,30848
#2944,58476,30848
2944,59943,30848,1889.95
#3091,59808,32640
#3091,59420,32640
#3091,61093,32640
#3091,57264,32640
#3091,57179,32640
3091,58952.8,32640,3036.91
#3245,66743,33536
#3245,65501,33536
#3245,64227,33536
#3245,63661,33536
#3245,63253,33536
3245,64677,33536,2562.79
#3407,70803,35584
#3407,69652,35584
#3407,68415,35584
#3407,68986,35584
#3407,68104,35584
3407,69192,35584,1926
#3577,83750,37632
#3577,82355,37632
#3577,81070,37632
#3577,80947,37632
#3577,80420,37632
3577,81708.4,37632,2405.57
#3755,84261,38656
#3755,83075,38656
#3755,82510,38656
#3755,86594,38656
#3755,82068,38656
3755,83701.6,38656,3244.7
#3942,79487,40960
#3942,78099,40960
#3942,77585,40960
#3942,76792,40960
#3942,76820,40960
3942,77756.6,40960,1989.7
#4139,81463,43264
#4139,79687,43264
#4139,78636,43264
#4139,77682,43264
#4139,77432,43264
4139,78980,43264,2948.16
#4345,100817,44544
#4345,99819,44544
#4345,98690,44544
#4345,97460,44544
#4345,96864,44544
4345,98730,44544,2917.25
#4562,95792,47104
#4562,95458,47104
#4562,94189,47104
#4562,94911,47104
#4562,93670,47104
4562,94804,47104,1569.58
#4790,97563,49920
#4790,96743,49920
#4790,95210,49920
#4790,95693,49920
#4790,94704,49920
4790,95982.6,49920,2076.82
#5029,100550,51328
#5029,99483,51328
#5029,97654,51328
#5029,97303,51328
#5029,97244,51328
5029,98446.8,51328,2665.44
#5280,111592,54272
#5280,111774,54272
#5280,111128,54272
#5280,110362,54272
#5280,110087,54272
5280,110989,54272,1328.42
#5544,118502,57344
#5544,117941,57344
#5544,117349,57344
#5544,116627,57344
#5544,116420,57344
5544,117368,57344,1565.23
#5821,121986,59008
#5821,121626,59008
#5821,120760,59008
#5821,119734,59008
#5821,119316,59008
5821,120684,59008,2071.19
#6112,141475,62336
#6112,140659,62336
#6112,139605,62336
#6112,139020,62336
#6112,138932,62336
6112,139938,62336,1969.34
#6417,137746,65920
#6417,137307,65920
#6417,139464,65920
#6417,136352,65920
#6417,135988,65920
6417,137371,65920,2445.64
#6737,137165,69760
#6737,135159,69760
#6737,133940,69760
#6737,133352,69760
#6737,133139,69760
6737,134551,69760,2967.47
#7073,144101,71680
#7073,142611,71680
#7073,141402,71680
#7073,141580,71680
#7073,140715,71680
7073,142082,71680,2356.15
#7426,164836,75776
#7426,164267,75776
#7426,171895,75776
#7426,163837,75776
#7426,162201,75776
7426,165407,75776,6720.9
#7797,165309,80128
#7797,165616,80128
#7797,165909,80128
#7797,165623,80128
#7797,164659,80128
7797,165423,80128,853.293
#8186,174400,82432
#8186,174552,82432
#8186,172699,82432
#8186,172699,82432
#8186,172756,82432
8186,173421,82432,1725.66
#8595,187764,87168
#8595,180834,87168
#8595,193156,87168
#8595,180624,87168
#8595,179626,87168
8595,184401,87168,10497.6
#9024,178751,92160
#9024,176195,92160
#9024,175372,92160
#9024,173874,92160
#9024,174116,92160
9024,175662,92160,3521.04
#9475,203039,97408
#9475,203884,97408
#9475,202513,97408
#9475,202602,97408
#9475,202170,97408
9475,202842,97408,1180.51
#9948,206105,100096
#9948,210046,100096
#9948,205301,100096
#9948,203582,100096
#9948,203272,100096
9948,205661,100096,4864.94
#10445,211713,105856
#10445,212189,105856
#10445,210117,105856
#10445,208679,105856
#10445,209328,105856
10445,210405,105856,2700.44
#10967,243914,111872
#10967,244949,111872
#10967,253727,111872
#10967,243407,111872
#10967,243006,111872
10967,245801,111872,8032.5
#11515,227026,118272
#11515,227293,118272
#11515,227901,118272
#11515,227166,118272
#11515,226941,118272
11515,227265,118272,679.516
#12090,248194,121600
#12090,247100,121600
#12090,246460,121600
#12090,245665,121600
#12090,249895,121600
12090,247463,121600,2942.05
#12694,260157,128512
#12694,259226,128512
#12694,259766,128512
#12694,258965,128512
#12694,259081,128512
12694,259439,128512,903.62
#13328,297094,135808
#13328,278421,135808
#13328,277813,135808
#13328,280557,135808
#13328,279788,135808
13328,282735,135808,14489.9
#13994,295506,139648
#13994,296456,139648
#13994,295265,139648
#13994,291612,139648
#13994,297068,139648
13994,295181,139648,3798.61
#14693,309549,147584
#14693,310526,147584
#14693,311489,147584
#14693,311372,147584
#14693,326504,147584
14693,313888,147584,12692.6
#15427,340227,155904
#15427,322816,155904
#15427,319169,155904
#15427,318058,155904
#15427,319284,155904
15427,323911,155904,16626.8
#16198,359129,164736
#16198,361448,164736
#16198,355874,164736
#16198,336988,164736
#16198,337189,164736
16198,350126,164736,21582.5
#17007,358143,174080
#17007,357546,174080
#17007,353909,174080
#17007,354214,174080
#17007,354147,174080
17007,355592,174080,3703.52
#17857,389468,178944
#17857,385115,178944
#17857,382427,178944
#17857,381725,178944
#17857,379616,178944
17857,383670,178944,6780.43
#18749,415226,189056
#18749,401853,189056
#18749,415826,189056
#18749,394952,189056
#18749,390856,189056
18749,403743,189056,20489.7
#19686,442396,199680
#19686,438747,199680
#19686,437493,199680
#19686,437742,199680
#19686,450652,199680
19686,441406,199680,9890.41
#20670,473636,211072
#20670,471003,211072
#20670,467557,211072
#20670,468323,211072
#20670,467043,211072
20670,469512,211072,4944.67
#21703,492222,216960
#21703,490616,216960
#21703,491814,216960
#21703,490504,216960
#21703,491086,216960
21703,491248,216960,1341.11
#22788,504549,229248
#22788,502137,229248
#22788,499534,229248
#22788,500493,229248
#22788,498402,229248
22788,501023,229248,4293.37
#23927,547664,242176
#23927,548981,242176
#23927,557541,242176
#23927,530782,242176
#23927,531860,242176
23927,543366,242176,20816.9
#25123,580633,255872
#25123,565844,255872
#25123,578734,255872
#25123,549874,255872
#25123,579314,255872
25123,570880,255872,23572.1
#26379,590087,263040
#26379,595317,263040
#26379,592036,263040
#26379,589726,263040
#26379,590101,263040
26379,591453,263040,4190.16
#27697,652230,277888
#27697,650004,277888
#27697,650937,277888
#27697,650586,277888
#27697,652798,277888
27697,651311,277888,2084.13
#29081,669946,293632
#29081,671646,293632
#29081,665280,293632
#29081,664422,293632
#29081,663880,293632
29081,667035,293632,6299.02
#30535,744670,310272
#30535,733356,310272
#30535,743962,310272
#30535,752900,310272
#30535,716184,310272
30535,738214,310272,25287.5
#32061,744316,318976
#32061,751468,318976
#32061,727829,318976
#32061,727379,318976
#32061,723316,318976
32061,734862,318976,21980.1
#33664,829495,336896
#33664,817130,336896
#33664,813615,336896
#33664,808709,336896
#33664,805643,336896
33664,814918,336896,16580.9
#35347,857171,355840
#35347,853102,355840
#35347,850652,355840
#35347,860393,355840
#35347,846477,355840
35347,853559,355840,9739.17
#37114,971566,375936
#37114,949021,375936
#37114,952026,375936
#37114,945317,375936
#37114,947298,375936
37114,953046,375936,19037
#38969,963959,397184
#38969,955221,397184
#38969,955253,397184
#38969,963234,397184
#38969,939623,397184
38969,955458,397184,17517.5
#40917,1003481,408192
#40917,1025927,408192
#40917,1029522,408192
#40917,1012108,408192
#40917,1016861,408192
40917,1.01758e+06,408192,18794.2
#42962,1030483,431232
#42962,1031657,431232
#42962,1044803,431232
#42962,1045884,431232
#42962,1031616,431232
42962,1.03689e+06,431232,13849.4
#45110,1121786,455552
#45110,1152128,455552
#45110,1109898,455552
#45110,1090159,455552
#45110,1093260,455552
45110,1.11345e+06,455552,44972.9
#47365,1184844,481280
#47365,1178709,481280
#47365,1179331,481280
#47365,1187987,481280
#47365,1171093,481280
47365,1.18039e+06,481280,11590.8
#49733,1288225,494720
#49733,1293423,494720
#49733,1282685,494720
#49733,1246925,494720
#49733,1237179,494720
49733,1.26969e+06,494720,46051.1
#52219,1427063,522752
#52219,1364598,522752
#52219,1371516,522752
#52219,1360657,522752
#52219,1373119,522752
52219,1.37939e+06,522752,48528.5
#54829,1387453,552320
#54829,1362878,552320
#54829,1338809,552320
#54829,1346566,552320
#54829,1340599,552320
54829,1.35526e+06,552320,36393.3
#57570,1528169,583424
#57570,1489867,583424
#57570,1479691,583424
#57570,1478228,583424
#57570,1485821,583424
57570,1.49236e+06,583424,36785.6
#60448,1563083,599680
#60448,1519806,599680
#60448,1518490,599680
#60448,1508741,599680
#60448,1506717,599680
60448,1.52337e+06,599680,41036.3
#63470,1651185,633472
#63470,1551845,633472
#63470,1580591,633472
#63470,1589172,633472
#63470,1617913,633472
63470,1.59814e+06,633472,67742.8
#66643,1767427,669312
#66643,1756061,669312
#66643,1774443,669312
#66643,1761424,669312
#66643,1762503,669312
66643,1.76437e+06,669312,12394
#69975,1938749,707200
#69975,1934244,707200
#69975,1882666,707200
#69975,1865693,707200
#69975,1852600,707200
69975,1.89479e+06,707200,70782.1
#73473,1908499,747136
#73473,1903849,747136
#73473,1891987,747136
#73473,1894666,747136
#73473,1955916,747136
73473,1.91098e+06,747136,46502.7
#77146,2079603,767872
#77146,2010613,767872
#77146,2010234,767872
#77146,2025540,767872
#77146,1999922,767872
77146,2.02518e+06,767872,56819.3
#81003,2296225,811264
#81003,2212173,811264
#81003,2185231,811264
#81003,2174003,811264
#81003,2176163,811264
81003,2.20876e+06,811264,91590.4
#85053,2349347,856960
#85053,2274278,856960
#85053,2286922,856960
#85053,2353949,856960
#85053,2298494,856960
85053,2.3126e+06,856960,65647.5
#89305,2475794,905216
#89305,2463710,905216
#89305,2419224,905216
#89305,2512148,905216
#89305,2537696,905216
89305,2.48171e+06,905216,81605.9
#93770,2563418,930432
#93770,2589438,930432
#93770,2581825,930432
#93770,2584172,930432
#93770,2560057,930432
93770,2.57578e+06,930432,23554.9
#98458,2645291,982912
#98458,2636886,982912
#98458,2655191,982912
#98458,2660601,982912
#98458,2660964,982912
98458,2.65179e+06,982912,18713.2
#103380,2816565,1038336
#103380,2755934,1038336
#103380,2763819,1038336
#103380,2728782,1038336
#103380,2768350,1038336
103380,2.76669e+06,1038336,56929.6
#108549,3067490,1096960
#108549,2979837,1096960
#108549,2976875,1096960
#108549,2966934,1096960
#108549,2971806,1096960
108549,2.99259e+06,1096960,75417.9
#113976,3240210,1158784
#113976,3163489,1158784
#113976,3136862,1158784
#113976,3122990,1158784
#113976,3108073,1158784
113976,3.15432e+06,1158784,93322.2
#119674,3384808,1191040
#119674,3279627,1191040
#119674,3309681,1191040
#119674,3293861,1191040
#119674,3268432,1191040
119674,3.30728e+06,1191040,82317.8
#125657,3606057,1258240
#125657,3567729,1258240
#125657,3500640,1258240
#125657,3517511,1258240
#125657,3521769,1258240
125657,3.54274e+06,1258240,77367.6
#131939,3677478,1329152
#131939,3583502,1329152
#131939,3624339,1329152
#131939,3634888,1329152
#131939,3614783,1329152
131939,3.627e+06,1329152,61048.6
#138535,3726820,1404160
#138535,3724990,1404160
#138535,3720457,1404160
#138535,3753401,1404160
#138535,3737808,1404160
138535,3.7327e+06,1404160,23639.5
#145461,3985154,1443200
#145461,4086320,1443200
#145461,3946362,1443200
#145461,3959677,1443200
#145461,3958687,1443200
145461,3.98724e+06,1443200,102244
#152734,4254163,1524480
#152734,4245387,1524480
#152734,4227944,1524480
#152734,4340010,1524480
#152734,4279126,1524480
152734,4.26933e+06,1524480,78014
#160370,4344368,1610368
#160370,4344559,1610368
#160370,4270405,1610368
#160370,4330994,1610368
#160370,4358428,1610368
160370,4.32975e+06,1610368,61830.7
#168388,4626276,1701120
#168388,4539291,1701120
#168388,4522619,1701120
#168388,4580958,1701120
#168388,4651718,1701120
168388,4.58417e+06,1701120,98584.4
#176807,5001545,1796992
#176807,4929818,1796992
#176807,5070568,1796992
#176807,5120639,1796992
#176807,5119565,1796992
176807,5.04843e+06,1796992,147055
#185647,5123143,1846912
#185647,4977294,1846912
#185647,4984296,1846912
#185647,5135105,1846912
#185647,4994201,1846912
185647,5.04281e+06,1846912,141565
#194929,5535070,1950976
#194929,5433844,1950976
#194929,5641989,1950976
#194929,5469845,1950976
#194929,5499369,1950976
194929,5.51602e+06,1950976,142530
#204675,5682605,2060928
#204675,5646189,2060928
#204675,5787823,2060928
#204675,5698225,2060928
#204675,5654707,2060928
204675,5.69391e+06,2060928,101115
#214908,6208601,2177152
#214908,6228688,2177152
#214908,6145975,2177152
#214908,6130531,2177152
#214908,6144987,2177152
214908,6.17176e+06,2177152,78381.4
#225653,6254307,2237696
#225653,6267898,2237696
#225653,6301026,2237696
#225653,6353429,2237696
#225653,6435650,2237696
225653,6.32246e+06,2237696,132219
#236935,7324151,2363776
#236935,7369619,2363776
#236935,7195524,2363776
#236935,7108576,2363776
#236935,7095536,2363776
236935,7.21868e+06,2363776,222226
#248781,8103800,2496896
#248781,7175361,2496896
#248781,7170799,2496896
#248781,7230232,2496896
#248781,7387661,2496896
248781,7.41357e+06,2496896,707889
#261220,7800717,2637568
#261220,7738224,2637568
#261220,7615412,2637568
#261220,7615803,2637568
#261220,7631717,2637568
261220,7.68037e+06,2637568,151224
#274281,7708260,2786304
#274281,7838295,2786304
#274281,7840295,2786304
#274281,7781735,2786304
#274281,7752357,2786304
274281,7.78419e+06,2786304,101429
#287995,8237203,2863744
#287995,8479724,2863744
#287995,8333033,2863744
#287995,8220914,2863744
#287995,8181237,2863744
287995,8.29042e+06,2863744,213983
#302394,8735934,3025152
#302394,8459406,3025152
#302394,8487942,3025152
#302394,8458448,3025152
#302394,8627062,3025152
302394,8.55376e+06,3025152,220689
#317513,8949369,3195648
#317513,9115470,3195648
#317513,8794288,3195648
#317513,8808557,3195648
#317513,8998896,3195648
317513,8.93332e+06,3195648,241051
#333388,9812788,3375744
#333388,9473280,3375744
#333388,9433313,3375744
#333388,9598985,3375744
#333388,9525666,3375744
333388,9.56881e+06,3375744,268004
#350057,9850226,3469568
#350057,9983992,3469568
#350057,10899988,3469568
#350057,9966843,3469568
#350057,9879886,3469568
350057,1.01162e+07,3469568,790289
#367559,10532132,3665024
#367559,10493599,3665024
#367559,10962485,3665024
#367559,10557853,3665024
#367559,10506948,3665024
367559,1.06106e+07,3665024,354621
#385936,11322932,3871616
#385936,11208218,3871616
#385936,10908775,3871616
#385936,11708231,3871616
#385936,13413209,3871616
385936,1.17123e+07,3871616,1.77639e+06
#405232,13044045,4089728
#405232,11558282,4089728
#405232,11975845,4089728
#405232,11885127,4089728
#405232,11587362,4089728
405232,1.20101e+07,4089728,1.08395e+06
#425493,11961464,4320128
#425493,12238574,4320128
#425493,11940586,4320128
#425493,12118513,4320128
#425493,12217001,4320128
425493,1.20952e+07,4320128,249361
#446767,13487606,4440192
#446767,12894435,4440192
#446767,14055153,4440192
#446767,14896592,4440192
#446767,12986195,4440192
446767,1.3664e+07,4440192,1.4846e+06
#469105,14932170,4690432
#469105,13413709,4690432
#469105,14572710,4690432
#469105,13663759,4690432
#469105,13547128,4690432
469105,1.40259e+07,4690432,1.21835e+06
#492560,15886439,4954624
#492560,14677194,4954624
#492560,14667703,4954624
#492560,15542386,4954624
#492560,14498805,4954624
492560,1.50545e+07,4954624,1.10668e+06
#517188,18332507,5233792
#517188,15177219,5233792
#517188,16646486,5233792
#517188,16398070,5233792
#517188,16945160,5233792
517188,1.66999e+07,5233792,2.02743e+06
#543047,16442204,5379200
#543047,16552806,5379200
#543047,16726312,5379200
#543047,16512877,5379200
#543047,16659503,5379200
543047,1.65787e+07,5379200,203868
#570199,18480666,5682304
#570199,16732071,5682304
#570199,18263941,5682304
#570199,16742158,5682304
#570199,18084932,5682304
570199,1.76608e+07,5682304,1.529e+06
#598708,18477777,6002432
#598708,18674810,6002432
#598708,19587889,6002432
#598708,17880407,6002432
#598708,19528351,6002432
598708,1.88298e+07,6002432,1.29983e+06
#628643,24871675,6340608
#628643,21746275,6340608
#628643,21876873,6340608
#628643,19467036,6340608
#628643,22216374,6340608
628643,2.20356e+07,6340608,3.43889e+06
#660075,22396967,6697728
#660075,22641794,6697728
#660075,21834130,6697728
#660075,21995116,6697728
#660075,22865987,6697728
660075,2.23468e+07,6697728,772324
#693078,23654829,6883840
#693078,22618832,6883840
#693078,24313492,6883840
#693078,24162620,6883840
#693078,22165445,6883840
693078,2.3383e+07,6883840,1.70033e+06
#727731,25456877,7271680
#727731,25478594,7271680
#727731,25168043,7271680
#727731,24604702,7271680
#727731,25705341,7271680
727731,2.52827e+07,7271680,759034
#764117,28895385,7681280
#764117,27784755,7681280
#764117,27750866,7681280
#764117,29079533,7681280
#764117,28831573,7681280
764117,2.84684e+07,7681280,1.15583e+06
#802322,64892842,8113920
#802322,61108873,8113920
#802322,48469045,8113920
#802322,50697001,8113920
#802322,43033201,8113920
802322,5.36402e+07,8113920,1.62558e+07
#842438,59468268,8339328
#842438,47731746,8339328
#842438,54626462,8339328
#842438,57897646,8339328
#842438,59123013,8339328
842438,5.57694e+07,8339328,8.73466e+06
#884559,39772359,8809088
#884559,41753625,8809088
#884559,41849158,8809088
#884559,36749424,8809088
#884559,35859904,8809088
884559,3.91969e+07,8809088,4.98222e+06
#928786,39996423,9305344
#928786,38647586,9305344
#928786,40491675,9305344
#928786,40028444,9305344
#928786,38849389,9305344
928786,3.96027e+07,9305344,1.44396e+06
#975225,42399312,9829632
#975225,41950271,9829632
#975225,42451478,9829632
#975225,42152597,9829632
#975225,42096409,9829632
975225,4.221e+07,9829632,377155
#1023986,45815844,10383360
#1023986,46202482,10383360
#1023986,45894596,10383360
#1023986,45648512,10383360
#1023986,46437657,10383360
1023986,4.59998e+07,10383360,566470
#1075185,48681061,10671872
#1075185,48488248,10671872
#1075185,48572093,10671872
#1075185,48806433,10671872
#1075185,49341283,10671872
1075185,4.87778e+07,10671872,602559
#1128944,53776082,11273088
#1128944,51728577,11273088
#1128944,53422508,11273088
#1128944,53535458,11273088
#1128944,53821854,11273088
1128944,5.32569e+07,11273088,1.5568e+06
#1185391,58233488,11908224
#1185391,59690871,11908224
#1185391,58283578,11908224
#1185391,58321271,11908224
#1185391,59474144,11908224
1185391,5.88007e+07,11908224,1.28528e+06
#1244660,67137735,12578944
#1244660,64438340,12578944
#1244660,64103487,12578944
#1244660,64257595,12578944
#1244660,63562028,12578944
1244660,6.46998e+07,12578944,2.5072e+06
#1306893,68826544,12928384
#1306893,67928048,12928384
#1306893,68313446,12928384
#1306893,68494954,12928384
#1306893,67720551,12928384
1306893,6.82567e+07,12928384,790025
#1372237,73251188,13656704
#1372237,73852609,13656704
#1372237,74399233,13656704
#1372237,71869303,13656704
#1372237,73640420,13656704
1372237,7.34026e+07,13656704,1.70324e+06
#1440848,81694983,14425984
#1440848,80083912,14425984
#1440848,80357680,14425984
#1440848,78080095,14425984
#1440848,80258306,14425984
1440848,8.0095e+07,14425984,2.31786e+06
#1512890,84082948,15238656
#1512890,83068538,15238656
#1512890,85038729,15238656
#1512890,87580762,15238656
#1512890,87081399,15238656
1512890,8.53705e+07,15238656,3.45014e+06
#1588534,92977166,16097024
#1588534,91003124,16097024
#1588534,90648866,16097024
#1588534,91083983,16097024
#1588534,92321056,16097024
1588534,9.16068e+07,16097024,1.77617e+06
#1667960,97735248,16544256
#1667960,98767531,16544256
#1667960,98800596,16544256
#1667960,98842653,16544256
#1667960,98515420,16544256
1667960,9.85323e+07,16544256,829078
#1751358,108339655,17476224
#1751358,108968130,17476224
#1751358,107766199,17476224
#1751358,105501794,17476224
#1751358,105530600,17476224
1751358,1.07221e+08,17476224,2.88641e+06
#1838925,111289109,18460672
#1838925,111328254,18460672
#1838925,111741304,18460672
#1838925,110612208,18460672
#1838925,109354667,18460672
1838925,1.10865e+08,18460672,1.67509e+06
#1930871,119519697,19500544
#1930871,119956178,19500544
#1930871,119157068,19500544
#1930871,119588672,19500544
#1930871,119286181,19500544
1930871,1.19502e+08,19500544,551114
#2027414,149270792,20042240
#2027414,146107755,20042240
#2027414,141806387,20042240
#2027414,178167402,20042240
#2027414,143355789,20042240
2027414,1.51742e+08,20042240,2.69102e+07
#2128784,137672529,21171328
#2128784,140477442,21171328
#2128784,141701742,21171328
#2128784,151018194,21171328
#2128784,137545875,21171328
2128784,1.41683e+08,21171328,9.87114e+06
#2235223,145221252,22363904
#2235223,145165687,22363904
#2235223,145678316,22363904
#2235223,150648786,22363904
#2235223,146283423,22363904
2235223,1.46599e+08,22363904,4.12801e+06
#2346984,161235008,23623680
#2346984,160226724,23623680
#2346984,162653485,23623680
#2346984,158257765,23623680
#2346984,164171384,23623680
2346984,1.61309e+08,23623680,4.04848e+06
#2464333,217643764,24954368
#2464333,229177961,24954368
#2464333,196687555,24954368
#2464333,223052301,24954368
#2464333,224531372,24954368
2464333,2.18219e+08,24954368,2.2755e+07
#2587549,225016310,25647616
#2587549,214571911,25647616
#2587549,225308470,25647616
#2587549,237485540,25647616
#2587549,293711069,25647616
2587549,2.39219e+08,25647616,5.63921e+07
#2716926,223788529,27092352
#2716926,215873991,27092352
#2716926,235869927,27092352
#2716926,239792164,27092352
#2716926,237324566,27092352
2716926,2.3053e+08,27092352,1.83459e+07
#2852772,231902388,28618496
#2852772,200285155,28618496
#2852772,210917221,28618496
#2852772,197264941,28618496
#2852772,207794928,28618496
2852772,2.09633e+08,28618496,2.43525e+07
#2995410,248350205,30230528
#2995410,241900045,30230528
#2995410,243812961,30230528
#2995410,253561105,30230528
#2995410,254561763,30230528
2995410,2.48437e+08,30230528,1.01149e+07
#3145180,260660703,31933440
#3145180,249373931,31933440
#3145180,252008523,31933440
#3145180,249621587,31933440
#3145180,264782928,31933440
3145180,2.5529e+08,31933440,1.25494e+07
#3302439,253367649,32820480
#3302439,258182439,32820480
#3302439,256674697,32820480
#3302439,254755391,32820480
#3302439,255887177,32820480
3302439,2.55773e+08,32820480,3.28058e+06
#3467560,270582408,34669312
#3467560,301125063,34669312
#3467560,275923032,34669312
#3467560,293002318,34669312
#3467560,274553987,34669312
3467560,2.83037e+08,34669312,2.37347e+07
#3640938,289709069,36622208
#3640938,290163686,36622208
#3640938,293200398,36622208
#3640938,281936386,36622208
#3640938,286837007,36622208
3640938,2.88369e+08,36622208,7.59392e+06
#3822984,301207990,38685184
#3822984,299418121,38685184
#3822984,310289106,38685184
#3822984,294429178,38685184
#3822984,292650599,38685184
3822984,2.99599e+08,38685184,1.23906e+07
#4014133,333466175,39759872
#4014133,322473767,39759872
#4014133,320312788,39759872
#4014133,321929451,39759872
#4014133,323360988,39759872
4014133,3.24309e+08,39759872,9.37028e+06
#4214839,336327333,41999488
#4214839,336119284,41999488
#4214839,337150340,41999488
#4214839,336503527,41999488
#4214839,336566638,41999488
4214839,3.36533e+08,41999488,690836
#4425580,370141301,44365312
#4425580,350821905,44365312
#4425580,357613474,44365312
#4425580,351603056,44365312
#4425580,355333751,44365312
4425580,3.57103e+08,44365312,1.39453e+07
#4646859,374093613,46864384
#4646859,372395123,46864384
#4646859,372815920,46864384
#4646859,378110187,46864384
#4646859,375095118,46864384
4646859,3.74502e+08,46864384,4.08112e+06
#4879201,394770317,49504256
#4879201,397500776,49504256
#4879201,440421823,49504256
#4879201,403003524,49504256
#4879201,396585226,49504256
4879201,4.06456e+08,49504256,3.44067e+07
#5123161,424509793,50879360
#5123161,418076565,50879360
#5123161,422123395,50879360
#5123161,419191367,50879360
#5123161,422856208,50879360
5123161,4.21351e+08,50879360,4.75194e+06
#5379319,446892898,53745280
#5379319,453829481,53745280
#5379319,451119101,53745280
#5379319,447727358,53745280
#5379319,452470660,53745280
5379319,4.50408e+08,53745280,5.3672e+06
#5648284,465990163,56772736
#5648284,470771922,56772736
#5648284,475263468,56772736
#5648284,474746113,56772736
#5648284,469174966,56772736
5648284,4.71189e+08,56772736,6.95773e+06
#5930698,494305075,59970688
#5930698,490482120,59970688
#5930698,484631804,59970688
#5930698,490643808,59970688
#5930698,493490344,59970688
5930698,4.90711e+08,59970688,6.7915e+06
#6227232,513462996,61636608
#6227232,514186516,61636608
#6227232,517458047,61636608
#6227232,527374198,61636608
#6227232,522314179,61636608
6227232,5.18959e+08,61636608,1.04808e+07
#6538593,543055393,65108480
#6538593,551888729,65108480
#6538593,575279895,65108480
#6538593,539829366,65108480
#6538593,555983705,65108480
6538593,5.53207e+08,65108480,2.49588e+07
#6865522,535316714,68775936
#6865522,646487438,68775936
#6865522,521335845,68775936
#6865522,521050054,68775936
#6865522,554379983,68775936
6865522,5.55714e+08,68775936,9.39834e+07
#7208798,578212552,72649984
#7208798,567168516,72649984
#7208798,581447045,72649984
#7208798,563458143,72649984
#7208798,580465230,72649984
7208798,5.7415e+08,72649984,1.477e+07
#7569237,702798040,76742144
#7569237,650508102,76742144
#7569237,577195234,76742144
#7569237,590907740,76742144
#7569237,665751909,76742144
7569237,6.37432e+08,76742144,9.39732e+07
#7947698,716617508,78873856
#7947698,689343168,78873856
#7947698,668275293,78873856
#7947698,725465447,78873856
#7947698,684807294,78873856
7947698,6.96902e+08,78873856,4.22135e+07
#8345082,649717808,83316608
#8345082,660959111,83316608
#8345082,660694224,83316608
#8345082,654921205,83316608
#8345082,652757682,83316608
8345082,6.5581e+08,83316608,8.83585e+06
#8762336,667379699,88009600
#8762336,671634606,88009600
#8762336,777548557,88009600
#8762336,677935790,88009600
#8762336,674801650,88009600
8762336,6.9386e+08,88009600,8.39798e+07
#9200452,708935997,92967040
#9200452,710795557,92967040
#9200452,709294259,92967040
#9200452,699104700,92967040
#9200452,707886109,92967040
9200452,7.07203e+08,92967040,8.31058e+06
#9660474,755998688,95549440
#9660474,758420887,95549440
#9660474,763115114,95549440
#9660474,780321499,95549440
#9660474,769611401,95549440
9660474,7.65494e+08,95549440,1.74964e+07
