#1,120,536
#1,51,536
#1,20,536
#1,20,536
#1,21,536
1,46.4,536,77.3418
#2,93,544
#2,43,544
#2,31,544
#2,25,544
#2,24,544
2,43.2,544,51.6047
#3,66,552
#3,47,552
#3,26,552
#3,25,552
#3,23,552
3,37.4,552,33.4807
#4,47,568
#4,33,568
#4,30,568
#4,29,568
#4,29,568
4,33.6,568,13.7171
#5,103,568
#5,84,568
#5,37,568
#5,37,568
#5,37,568
5,59.6,568,56.6477
#6,96,584
#6,61,584
#6,47,584
#6,46,584
#6,34,584
6,56.8,584,42.772
#7,81,584
#7,70,584
#7,47,584
#7,48,584
#7,46,584
7,58.4,584,28.8056
#8,76,608
#8,73,608
#8,39,608
#8,39,608
#8,39,608
8,53.2,608,34.8345
#9,99,608
#9,74,608
#9,52,608
#9,50,608
#9,52,608
9,65.4,608,37.9389
#10,159,632
#10,100,632
#10,77,632
#10,62,632
#10,65,632
10,92.6,632,71.5832
#11,135,632
#11,116,632
#11,54,632
#11,56,632
#11,53,632
11,82.8,632,70.783
#12,143,632
#12,131,632
#12,78,632
#12,64,632
#12,57,632
12,94.6,632,70.9546
#13,109,664
#13,92,664
#13,62,664
#13,66,664
#13,61,664
13,78,664,38.4292
#14,140,664
#14,137,664
#14,91,664
#14,75,664
#14,60,664
14,100.6,664,64.9504
#15,233,664
#15,206,664
#15,106,664
#15,72,664
#15,70,664
15,137.4,664,137.553
#16,163,696
#16,124,696
#16,77,696
#16,82,696
#16,81,696
16,105.4,696,67.0116
#17,228,696
#17,182,696
#17,96,696
#17,107,696
#17,84,696
17,139.4,696,111.954
#18,169,696
#18,162,696
#18,88,696
#18,80,696
#18,80,696
18,115.8,696,81.4901
#19,242,696
#19,184,696
#19,129,696
#19,128,696
#19,111,696
19,158.8,696,96.6594
#20,220,736
#20,214,736
#20,108,736
#20,88,736
#20,82,736
20,142.4,736,123.091
#21,282,736
#21,264,736
#21,127,736
#21,103,736
#21,102,736
21,175.6,736,160.462
#22,243,736
#22,183,736
#22,99,736
#22,87,736
#22,83,736
22,139,736,127.097
#23,289,736
#23,259,736
#23,144,736
#23,119,736
#23,110,736
23,184.2,736,149.535
#24,250,776
#24,181,776
#24,92,776
#24,92,776
#24,96,776
24,142.2,776,127.439
#25,232,776
#25,241,776
#25,117,776
#25,100,776
#25,102,776
25,158.4,776,128.204
#26,263,776
#26,248,776
#26,136,776
#26,114,776
#26,103,776
26,172.8,776,137.04
#27,303,776
#27,212,776
#27,115,776
#27,116,776
#27,119,776
27,173,776,149.533
#28,271,776
#28,255,776
#28,178,776
#28,136,776
#28,110,776
28,190,776,127.267
#29,352,832
#29,258,832
#29,166,832
#29,136,832
#29,117,832
29,205.8,832,175.364
#30,387,832
#30,246,832
#30,118,832
#30,123,832
#30,115,832
30,197.8,832,213.427
#31,323,832
#31,200,832
#31,125,832
#31,104,832
#31,116,832
31,173.6,832,163.808
#32,322,832
#32,283,832
#32,167,832
#32,136,832
#32,124,832
32,206.4,832,161.318
#33,401,832
#33,277,832
#33,151,832
#33,149,832
#33,127,832
33,221,832,208.722
#34,400,832
#34,315,832
#34,150,832
#34,143,832
#34,142,832
34,230,832,215.106
#35,331,896
#35,295,896
#35,154,896
#35,144,896
#35,129,896
35,210.6,896,169.51
#36,342,896
#36,317,896
#36,135,896
#36,133,896
#36,125,896
36,210.4,896,195.246
#37,323,896
#37,280,896
#37,133,896
#37,139,896
#37,130,896
37,201,896,166.455
#38,386,896
#38,230,896
#38,175,896
#38,135,896
#38,158,896
38,216.8,896,180.441
#39,356,896
#39,299,896
#39,155,896
#39,156,896
#39,152,896
39,223.6,896,173.476
#40,381,896
#40,290,896
#40,198,896
#40,171,896
#40,164,896
40,240.8,896,166.562
#42,445,968
#42,302,968
#42,192,968
#42,178,968
#42,167,968
42,256.8,968,211.537
#44,515,968
#44,353,968
#44,173,968
#44,164,968
#44,169,968
44,274.8,968,279.492
#46,597,968
#46,423,968
#46,224,968
#46,200,968
#46,175,968
46,323.8,968,324.847
#48,461,968
#48,372,968
#48,198,968
#48,208,968
#48,187,968
48,285.2,968,222.075
#50,331,1056
#50,279,1056
#50,189,1056
#50,179,1056
#50,185,1056
50,232.6,1056,122.883
#52,403,1056
#52,384,1056
#52,209,1056
#52,174,1056
#52,181,1056
52,270.2,1056,203.062
#54,491,1056
#54,350,1056
#54,213,1056
#54,196,1056
#54,191,1056
54,288.2,1056,234.181
#56,643,1056
#56,521,1056
#56,281,1056
#56,263,1056
#56,258,1056
56,393.2,1056,318.186
#58,569,1056
#58,387,1056
#58,218,1056
#58,205,1056
#58,211,1056
58,318,1056,285.629
#60,556,1152
#60,446,1152
#60,272,1152
#60,250,1152
#60,236,1152
60,352,1152,254.105
#63,702,1152
#63,475,1152
#63,297,1152
#63,243,1152
#63,253,1152
63,394,1152,350.447
#66,723,1152
#66,443,1152
#66,302,1152
#66,244,1152
#66,246,1152
66,391.6,1152,361.642
#69,633,1152
#69,376,1152
#69,286,1152
#69,239,1152
#69,245,1152
69,355.8,1152,293.992
#72,703,1272
#72,535,1272
#72,276,1272
#72,260,1272
#72,260,1272
72,406.8,1272,362.633
#75,769,1272
#75,541,1272
#75,282,1272
#75,266,1272
#75,295,1272
75,430.6,1272,394.223
#78,664,1272
#78,494,1272
#78,274,1272
#78,275,1272
#78,266,1272
78,394.6,1272,319.804
#81,911,1272
#81,553,1272
#81,357,1272
#81,292,1272
#81,302,1272
81,483,1272,467.506
#85,763,1408
#85,442,1408
#85,306,1408
#85,290,1408
#85,292,1408
85,418.6,1408,362.66
#89,862,1408
#89,681,1408
#89,380,1408
#89,347,1408
#89,305,1408
89,515,1408,436.819
#93,1008,1408
#93,701,1408
#93,473,1408
#93,383,1408
#93,353,1408
93,583.6,1408,489.528
#97,949,1408
#97,620,1408
#97,411,1408
#97,379,1408
#97,365,1408
97,544.8,1408,444.3
#101,1043,1568
#101,735,1568
#101,532,1568
#101,428,1568
#101,405,1568
101,628.6,1568,475.493
#106,1058,1568
#106,757,1568
#106,421,1568
#106,359,1568
#106,376,1568
106,594.2,1568,547.389
#111,1070,1568
#111,665,1568
#111,427,1568
#111,409,1568
#111,364,1568
111,587,1568,526.411
#116,1190,1752
#116,807,1752
#116,555,1752
#116,475,1752
#116,442,1752
116,693.8,1752,558.262
#121,1191,1752
#121,797,1752
#121,450,1752
#121,409,1752
#121,420,1752
121,653.4,1752,610.058
#127,1148,1752
#127,801,1752
#127,531,1752
#127,460,1752
#127,424,1752
127,672.8,1752,543.723
#133,1552,1752
#133,1009,1752
#133,741,1752
#133,686,1752
#133,673,1752
133,932.2,1752,665.977
#139,1264,1960
#139,996,1960
#139,629,1960
#139,537,1960
#139,475,1960
139,780.2,1960,603.846
#145,1452,1960
#145,829,1960
#145,553,1960
#145,497,1960
#145,502,1960
145,766.6,1960,727.73
#152,1579,1960
#152,941,1960
#152,680,1960
#152,545,1960
#152,536,1960
152,856.2,1960,779.77
#159,1463,2208
#159,941,2208
#159,664,2208
#159,581,2208
#159,552,2208
159,840.2,2208,680.782
#166,1585,2208
#166,1009,2208
#166,666,2208
#166,565,2208
#166,540,2208
166,873,2208,786.914
#174,1578,2208
#174,1124,2208
#174,751,2208
#174,655,2208
#174,599,2208
174,941.4,2208,734.366
#182,1939,2208
#182,1485,2208
#182,968,2208
#182,865,2208
#182,791,2208
182,1209.6,2208,876.454
#191,1739,2496
#191,1234,2496
#191,818,2496
#191,722,2496
#191,664,2496
191,1035.4,2496,808.908
#200,1859,2496
#200,1215,2496
#200,945,2496
#200,827,2496
#200,780,2496
200,1125.2,2496,793.516
#210,2055,2496
#210,1361,2496
#210,886,2496
#210,824,2496
#210,722,2496
210,1169.6,2496,988.243
#220,1989,2840
#220,1345,2840
#220,946,2840
#220,823,2840
#220,761,2840
220,1172.8,2840,911.795
#231,2328,2840
#231,1399,2840
#231,1052,2840
#231,889,2840
#231,871,2840
231,1307.8,2840,1088.39
#242,2566,2840
#242,1565,2840
#242,1154,2840
#242,1009,2840
#242,933,2840
242,1445.4,2840,1202.65
#254,2253,3232
#254,1571,3232
#254,1077,3232
#254,964,3232
#254,892,3232
254,1351.4,3232,1018.83
#266,2667,3232
#266,1868,3232
#266,1421,3232
#266,1107,3232
#266,1010,3232
266,1614.6,3232,1210.76
#279,2890,3232
#279,1858,3232
#279,1374,3232
#279,1193,3232
#279,1046,3232
279,1672.2,3232,1335.14
#292,3158,3232
#292,2328,3232
#292,1750,3232
#292,1458,3232
#292,1237,3232
292,1986.2,3232,1381.6
#306,2873,3688
#306,1950,3688
#306,1495,3688
#306,1173,3688
#306,1113,3688
306,1720.8,3688,1296.33
#321,3296,3688
#321,2435,3688
#321,1729,3688
#321,1486,3688
#321,1341,3688
321,2057.4,3688,1448.94
#337,3373,3688
#337,2426,3688
#337,1648,3688
#337,1423,3688
#337,1309,3688
337,2035.8,3688,1547.78
#353,3071,4224
#353,2252,4224
#353,1600,4224
#353,1330,4224
#353,1321,4224
353,1914.8,4224,1339.91
#370,3374,4224
#370,2407,4224
#370,1646,4224
#370,1474,4224
#370,1369,4224
370,2054,4224,1507.08
#388,3832,4224
#388,2864,4224
#388,2110,4224
#388,1717,4224
#388,1581,4224
388,2420.8,4224,1669.76
#407,4165,4856
#407,3120,4856
#407,2303,4856
#407,2012,4856
#407,1845,4856
407,2689,4856,1716.74
#427,4179,4856
#427,3253,4856
#427,2381,4856
#427,2066,4856
#427,1783,4856
427,2732.4,4856,1751.02
#448,4708,4856
#448,3614,4856
#448,2735,4856
#448,2375,4856
#448,2076,4856
448,3101.6,4856,1909.4
#470,5070,4856
#470,3872,4856
#470,3175,4856
#470,2567,4856
#470,2246,4856
470,3386,4856,2017.31
#493,4667,5592
#493,3602,5592
#493,15749,5592
#493,2589,5592
#493,2494,5592
493,5820.2,5592,10053.3
#517,5448,5592
#517,4027,5592
#517,3109,5592
#517,2685,5592
#517,2337,5592
517,3521.2,5592,2234.25
#542,6326,5592
#542,4883,5592
#542,4023,5592
#542,3560,5592
#542,3219,5592
542,4402.2,5592,2224.45
#569,5797,6440
#569,4089,6440
#569,3174,6440
#569,2659,6440
#569,2395,6440
569,3622.8,6440,2462.89
#597,5939,6440
#597,4701,6440
#597,3849,6440
#597,3052,6440
#597,2702,6440
597,4048.6,6440,2340.19
#626,7156,6440
#626,6078,6440
#626,4980,6440
#626,4290,6440
#626,4009,6440
626,5302.6,6440,2339.09
#657,6582,7432
#657,5157,7432
#657,3861,7432
#657,3424,7432
#657,2949,7432
657,4394.6,7432,2635.53
#689,7678,7432
#689,6161,7432
#689,5146,7432
#689,4571,7432
#689,4214,7432
689,5554,7432,2499.31
#723,7462,7432
#723,5967,7432
#723,4679,7432
#723,4024,7432
#723,3555,7432
723,5137.4,7432,2834.89
#759,7153,8600
#759,5850,8600
#759,4472,8600
#759,4173,8600
#759,3746,8600
759,5078.8,8600,2507.92
#796,8152,8600
#796,6889,8600
#796,5639,8600
#796,5091,8600
#796,4701,8600
796,6094.4,8600,2533.12
#835,9302,8600
#835,7859,8600
#835,6749,8600
#835,5857,8600
#835,5537,8600
835,7060.8,8600,2760.93
#876,9541,8600
#876,8326,8600
#876,7138,8600
#876,6354,8600
#876,5976,8600
876,7467,8600,2624.42
#919,8817,9952
#919,7780,9952
#919,6462,9952
#919,5865,9952
#919,5473,9952
919,6879.4,9952,2489.43
#964,10566,9952
#964,9212,9952
#964,7911,9952
#964,7096,9952
#964,6338,9952
964,8224.6,9952,3018.4
#1012,10860,9952
#1012,9546,9952
#1012,8598,9952
#1012,7958,9952
#1012,7768,9952
1012,8946,9952,2281.81
#1062,10698,11528
#1062,9083,11528
#1062,7982,11528
#1062,7060,11528
#1062,6601,11528
1062,8284.8,11528,2951.29
#1115,11678,11528
#1115,10720,11528
#1115,9452,11528
#1115,9011,11528
#1115,8469,11528
1115,9866,11528,2343.79
#1170,13034,11528
#1170,11406,11528
#1170,10438,11528
#1170,9452,11528
#1170,9101,11528
1170,10686.2,11528,2846.47
#1228,12465,13376
#1228,11695,13376
#1228,10404,13376
#1228,9569,13376
#1228,9048,13376
1228,10636.2,13376,2558.25
#1289,13309,13376
#1289,12009,13376
#1289,11090,13376
#1289,10335,13376
#1289,9709,13376
1289,11290.4,13376,2536.91
#1353,15035,13376
#1353,13755,13376
#1353,12687,13376
#1353,12023,13376
#1353,11741,13376
1353,13048.2,13376,2422.76
#1420,14328,15528
#1420,13248,15528
#1420,11704,15528
#1420,11275,15528
#1420,10767,15528
1420,12264.4,15528,2647.43
#1491,15292,15528
#1491,14257,15528
#1491,12898,15528
#1491,12376,15528
#1491,11458,15528
1491,13256.2,15528,2725.09
#1565,17057,15528
#1565,16033,15528
#1565,15274,15528
#1565,14367,15528
#1565,13480,15528
1565,15242.2,15528,2496.59
#1643,15843,18040
#1643,15035,18040
#1643,14210,18040
#1643,13459,18040
#1643,12680,18040
1643,14245.4,18040,2235.34
#1725,17541,18040
#1725,16897,18040
#1725,15678,18040
#1725,15117,18040
#1725,14379,18040
1725,15922.4,18040,2308.28
#1811,18674,18040
#1811,17467,18040
#1811,16418,18040
#1811,16153,18040
#1811,15581,18040
1811,16858.6,18040,2189.08
#1901,21314,18040
#1901,20345,18040
#1901,18635,18040
#1901,18120,18040
#1901,17907,18040
1901,19264.2,18040,2670.86
#1996,19560,20968
#1996,18651,20968
#1996,17330,20968
#1996,16581,20968
#1996,16347,20968
1996,17693.8,20968,2463.08
#2095,22822,20968
#2095,22413,20968
#2095,21074,20968
#2095,20032,20968
#2095,19389,20968
2095,21146,20968,2645.37
#2199,25901,20968
#2199,25158,20968
#2199,24494,20968
#2199,23504,20968
#2199,22681,20968
2199,24347.6,20968,2294.42
#2308,23124,24384
#2308,22440,24384
#2308,21614,24384
#2308,20668,24384
#2308,20054,24384
2308,21580,24384,2242.34
#2423,26413,24384
#2423,25939,24384
#2423,24520,24384
#2423,23504,24384
#2423,22909,24384
2423,24657,24384,2702.7
#2544,28377,24384
#2544,27887,24384
#2544,26066,24384
#2544,25475,24384
#2544,25531,24384
2544,26667.2,24384,2447.05
#2671,26234,28376
#2671,25806,28376
#2671,24584,28376
#2671,23469,28376
#2671,23259,28376
2671,24670.4,28376,2396.22
#2804,29026,28376
#2804,28267,28376
#2804,26772,28376
#2804,25916,28376
#2804,25464,28376
2804,27089,28376,2721.28
#2944,34548,28376
#2944,31895,28376
#2944,30517,28376
#2944,29572,28376
#2944,29536,28376
2944,31213.6,28376,3749.88
#3091,31088,33024
#3091,30667,33024
#3091,29284,33024
#3091,28470,33024
#3091,28182,33024
3091,29538.2,33024,2318.8
#3245,34837,33024
#3245,35116,33024
#3245,33624,33024
#3245,32897,33024
#3245,32554,33024
3245,33805.6,33024,2040.78
#3407,38832,33024
#3407,37718,33024
#3407,36810,33024
#3407,36445,33024
#3407,35669,33024
3407,37094.8,33024,2180.37
#3577,36373,38456
#3577,35735,38456
#3577,35044,38456
#3577,34218,38456
#3577,47286,38456
3577,37731.2,38456,9661.77
#3755,38593,38456
#3755,37916,38456
#3755,36854,38456
#3755,36311,38456
#3755,35560,38456
3755,37046.8,38456,2179.06
#3942,43832,38456
#3942,43612,38456
#3942,42736,38456
#3942,42183,38456
#3942,41438,38456
3942,42760.2,38456,1779.05
#4139,47054,38456
#4139,46549,38456
#4139,46187,38456
#4139,45471,38456
#4139,44810,38456
4139,46014.2,38456,1585.49
#4345,45586,44792
#4345,44681,44792
#4345,43531,44792
#4345,42896,44792
#4345,42723,44792
4345,43883.4,44792,2187.36
#4562,51594,44792
#4562,50725,44792
#4562,49805,44792
#4562,48411,44792
#4562,49102,44792
4562,49927.4,44792,2264.41
#4790,57042,44792
#4790,56123,44792
#4790,55196,44792
#4790,54439,44792
#4790,54041,44792
4790,55368.2,44792,2195.61
#5029,54433,52184
#5029,53052,52184
#5029,52345,52184
#5029,51677,52184
#5029,50139,52184
5029,52329.2,52184,2852.51
#5280,56180,52184
#5280,55644,52184
#5280,54763,52184
#5280,54074,52184
#5280,53904,52184
5280,54913,52184,1762.76
#5544,66077,52184
#5544,65987,52184
#5544,65321,52184
#5544,65033,52184
#5544,64287,52184
5544,65341,52184,1316.11
#5821,61192,60800
#5821,60371,60800
#5821,59133,60800
#5821,58824,60800
#5821,60895,60800
5821,60083,60800,1888.86
#6112,68158,60800
#6112,67472,60800
#6112,66789,60800
#6112,65934,60800
#6112,65833,60800
6112,66837.2,60800,1783.03
#6417,73331,60800
#6417,72884,60800
#6417,72535,60800
#6417,71633,60800
#6417,73033,60800
6417,72683.2,60800,1168.66
#6737,71292,70856
#6737,71164,70856
#6737,69783,70856
#6737,69026,70856
#6737,68600,70856
6737,69973,70856,2186.56
#7073,78743,70856
#7073,78537,70856
#7073,77969,70856
#7073,77466,70856
#7073,76885,70856
7073,77920,70856,1367.56
#7426,86490,70856
#7426,85854,70856
#7426,84925,70856
#7426,84462,70856
#7426,84489,70856
7426,85244,70856,1601.98
#7797,82629,82592
#7797,81750,82592
#7797,81786,82592
#7797,81206,82592
#7797,80676,82592
7797,81609.4,82592,1303.69
#8186,90637,82592
#8186,90000,82592
#8186,89988,82592
#8186,89373,82592
#8186,89283,82592
8186,89856.2,82592,983.764
#8595,102219,82592
#8595,102345,82592
#8595,101887,82592
#8595,101051,82592
#8595,101128,82592
8595,101726,82592,1082.72
#9024,94613,96280
#9024,94077,96280
#9024,93691,96280
#9024,93270,96280
#9024,93003,96280
9024,93730.8,96280,1146.03
#9475,102564,96280
#9475,102455,96280
#9475,102028,96280
#9475,101618,96280
#9475,100892,96280
9475,101911,96280,1219.92
#9948,112658,96280
#9948,112315,96280
#9948,111695,96280
#9948,111086,96280
#9948,111165,96280
9948,111784,96280,1240.68
#10445,127865,96280
#10445,128410,96280
#10445,127411,96280
#10445,129475,96280
#10445,127864,96280
10445,128205,96280,1419.08
#10967,119904,112248
#10967,119112,112248
#10967,118624,112248
#10967,118591,112248
#10967,118329,112248
10967,118912,112248,1113.53
#11515,132694,112248
#11515,131747,112248
#11515,131611,112248
#11515,131977,112248
#11515,131283,112248
11515,131862,112248,945.268
#12090,147334,112248
#12090,147221,112248
#12090,145622,112248
#12090,146217,112248
#12090,146203,112248
12090,146519,112248,1312.31
#12694,136774,130880
#12694,136339,130880
#12694,136721,130880
#12694,135760,130880
#12694,135599,130880
12694,136239,130880,966.474
#13328,154489,130880
#13328,155396,130880
#13328,155018,130880
#13328,155095,130880
#13328,156689,130880
13328,155337,130880,1472.63
#13994,167412,130880
#13994,163257,130880
#13994,163195,130880
#13994,163264,130880
#13994,162903,130880
13994,164006,130880,3416.05
#14693,157382,152616
#14693,157791,152616
#14693,157253,152616
#14693,155814,152616
#14693,157214,152616
14693,157091,152616,1340.68
#15427,171811,152616
#15427,172038,152616
#15427,171152,152616
#15427,172270,152616
#15427,171766,152616
15427,171807,152616,747.503
#16198,200840,152616
#16198,200749,152616
#16198,203210,152616
#16198,206019,152616
#16198,203546,152616
16198,202873,152616,3909.81
#17007,184264,177976
#17007,183725,177976
#17007,183821,177976
#17007,183635,177976
#17007,183938,177976
17007,183877,177976,436.617
#17857,203926,177976
#17857,204128,177976
#17857,203226,177976
#17857,203463,177976
#17857,205370,177976
17857,204023,177976,1492.29
#18749,221294,177976
#18749,223186,177976
#18749,223230,177976
#18749,222885,177976
#18749,222447,177976
18749,222608,177976,1428.35
#19686,211982,207560
#19686,214116,207560
#19686,210905,207560
#19686,211092,207560
#19686,211888,207560
19686,211997,207560,2282.76
#20670,235443,207560
#20670,249056,207560
#20670,224167,207560
#20670,223246,207560
#20670,223494,207560
20670,231081,207560,20176.8
#21703,257367,207560
#21703,257825,207560
#21703,256894,207560
#21703,256511,207560
#21703,256910,207560
21703,257101,207560,904.372
#22788,254805,242080
#22788,253784,242080
#22788,253142,242080
#22788,253490,242080
#22788,253814,242080
22788,253807,242080,1109.7
#23927,271401,242080
#23927,270275,242080
#23927,270323,242080
#23927,269975,242080
#23927,270542,242080
23927,270503,242080,967.923
#25123,299904,242080
#25123,300553,242080
#25123,301153,242080
#25123,301026,242080
#25123,301708,242080
25123,300869,242080,1213.36
#26379,326731,242080
#26379,328076,242080
#26379,328538,242080
#26379,327340,242080
#26379,329196,242080
26379,327976,242080,1736.38
#27697,335288,282344
#27697,321844,282344
#27697,323253,282344
#27697,324851,282344
#27697,326002,282344
27697,326248,282344,9469.91
#29081,355292,282344
#29081,354054,282344
#29081,353348,282344
#29081,354777,282344
#29081,353572,282344
29081,354209,282344,1460.58
#30535,392642,282344
#30535,392743,282344
#30535,392750,282344
#30535,394093,282344
#30535,391569,282344
30535,392759,282344,1602.42
#32061,393553,329320
#32061,383871,329320
#32061,367026,329320
#32061,388960,329320
#32061,378335,329320
32061,382349,329320,18383.9
#33664,416086,329320
#33664,425764,329320
#33664,423693,329320
#33664,422571,329320
#33664,422625,329320
33664,422148,329320,6487.94
#35347,473250,329320
#35347,475159,329320
#35347,449993,329320
#35347,474982,329320
#35347,462017,329320
35347,467080,329320,19664.8
#37114,439396,384128
#37114,441546,384128
#37114,445966,384128
#37114,446179,384128
#37114,444494,384128
37114,443516,384128,5284.38
#38969,476330,384128
#38969,483601,384128
#38969,483938,384128
#38969,485001,384128
#38969,484001,384128
38969,482574,384128,6313.76
#40917,543478,384128
#40917,543418,384128
#40917,546628,384128
#40917,543963,384128
#40917,544317,384128
40917,544361,384128,2361.11
#42962,518138,448072
#42962,516294,448072
#42962,505674,448072
#42962,507310,448072
#42962,506176,448072
42962,510718,448072,10727
#45110,562664,448072
#45110,564036,448072
#45110,563945,448072
#45110,563690,448072
#45110,565467,448072
45110,563960,448072,1795.45
#47365,632632,448072
#47365,633055,448072
#47365,632609,448072
#47365,631659,448072
#47365,629225,448072
47365,631836,448072,2766.33
#49733,599681,522680
#49733,602199,522680
#49733,600752,522680
#49733,598442,522680
#49733,601833,522680
49733,600581,522680,2771.28
#52219,661109,522680
#52219,662254,522680
#52219,663321,522680
#52219,660817,522680
#52219,660467,522680
52219,661594,522680,2102.8
#54829,727026,522680
#54829,719642,522680
#54829,719727,522680
#54829,719716,522680
#54829,730448,522680
54829,723312,522680,9120.03
#57570,697625,609720
#57570,693000,609720
#57570,689941,609720
#57570,689917,609720
#57570,692895,609720
57570,692676,609720,5638.29
#60448,770975,609720
#60448,769987,609720
#60448,771040,609720
#60448,773563,609720
#60448,771146,609720
60448,771342,609720,2372.03
#63470,844137,609720
#63470,846486,609720
#63470,845558,609720
#63470,842698,609720
#63470,843676,609720
63470,844511,609720,2701.24
#66643,805834,711264
#66643,804570,711264
#66643,807510,711264
#66643,802613,711264
#66643,807329,711264
66643,805571,711264,3651.98
#69975,887703,711264
#69975,890461,711264
#69975,889474,711264
#69975,890032,711264
#69975,890600,711264
69975,889654,711264,2102.92
#73473,989144,711264
#73473,991262,711264
#73473,988719,711264
#73473,987836,711264
#73473,987400,711264
73473,988872,711264,2690.66
#77146,1078949,711264
#77146,1098823,711264
#77146,1098209,711264
#77146,1061343,711264
#77146,1058841,711264
77146,1.07923e+06,711264,34407.2
#81003,1023146,829728
#81003,1020287,829728
#81003,999331,829728
#81003,995113,829728
#81003,995390,829728
81003,1.00665e+06,829728,24844.2
#85053,1135227,829728
#85053,1143998,829728
#85053,1149995,829728
#85053,1119458,829728
#85053,1164611,829728
85053,1.14266e+06,829728,30080.2
#89305,1257491,829728
#89305,1255741,829728
#89305,1256612,829728
#89305,1273210,829728
#89305,1251829,829728
89305,1.25898e+06,829728,14749.8
#93770,1145253,967936
#93770,1143473,967936
#93770,1145958,967936
#93770,1180588,967936
#93770,1203947,967936
93770,1.16384e+06,967936,48737
#98458,1308446,967936
#98458,1273057,967936
#98458,1268864,967936
#98458,1267204,967936
#98458,1270527,967936
98458,1.27762e+06,967936,31068.1
#103380,1450204,967936
#103380,1447958,967936
#103380,1446467,967936
#103380,1444227,967936
#103380,1441711,967936
103380,1.44611e+06,967936,5878.79
#108549,1360241,1129184
#108549,1363137,1129184
#108549,1360059,1129184
#108549,1359973,1129184
#108549,1380106,1129184
108549,1.3647e+06,1129184,15583.4
#113976,1519882,1129184
#113976,1519283,1129184
#113976,1518904,1129184
#113976,1515404,1129184
#113976,1520462,1129184
113976,1.51879e+06,1129184,3545.03
#119674,1680910,1129184
#119674,1672467,1129184
#119674,1672311,1129184
#119674,1669945,1129184
#119674,1670264,1129184
119674,1.67318e+06,1129184,7999.24
#125657,1573545,1317304
#125657,1533587,1317304
#125657,1527850,1317304
#125657,1591574,1317304
#125657,1578598,1317304
125657,1.56103e+06,1317304,51007.7
#131939,1758143,1317304
#131939,1748343,1317304
#131939,1712643,1317304
#131939,1696703,1317304
#131939,1687873,1317304
131939,1.72074e+06,1317304,55745.8
#138535,1975312,1317304
#138535,1917787,1317304
#138535,1930159,1317304
#138535,1965994,1317304
#138535,1920822,1317304
138535,1.94201e+06,1317304,47836.3
#145461,1847641,1536776
#145461,1841211,1536776
#145461,1818589,1536776
#145461,1821405,1536776
#145461,1812354,1536776
145461,1.82824e+06,1536776,27376.9
#152734,1967115,1536776
#152734,1960130,1536776
#152734,1965925,1536776
#152734,2045157,1536776
#152734,2010044,1536776
152734,1.98967e+06,1536776,65964.1
#160370,2233225,1536776
#160370,2220947,1536776
#160370,2219794,1536776
#160370,2211293,1536776
#160370,2196335,1536776
160370,2.21632e+06,1536776,24395.5
#168388,2047464,1792832
#168388,2074385,1792832
#168388,2094532,1792832
#168388,2067051,1792832
#168388,2067674,1792832
168388,2.07022e+06,1792832,30236.1
#176807,2341303,1792832
#176807,2264834,1792832
#176807,2251750,1792832
#176807,2292829,1792832
#176807,2370060,1792832
176807,2.30416e+06,1792832,90085.1
#185647,2526049,1792832
#185647,2516974,1792832
#185647,2593096,1792832
#185647,2575692,1792832
#185647,2500450,1792832
185647,2.54245e+06,1792832,71285.7
#194929,2786763,1792832
#194929,2772475,1792832
#194929,2766105,1792832
#194929,2757240,1792832
#194929,2756933,1792832
194929,2.7679e+06,1792832,22160.8
#204675,2626399,2091560
#204675,2625989,2091560
#204675,2722704,2091560
#204675,2648856,2091560
#204675,2664842,2091560
204675,2.65776e+06,2091560,71218.4
#214908,2896178,2091560
#214908,2957150,2091560
#214908,2944504,2091560
#214908,2940501,2091560
#214908,2991971,2091560
214908,2.94606e+06,2091560,61659.4
#225653,3245782,2091560
#225653,3196350,2091560
#225653,3168705,2091560
#225653,3182388,2091560
#225653,3290060,2091560
225653,3.21666e+06,2091560,89988.4
#236935,3071581,2440072
#236935,3064475,2440072
#236935,3041705,2440072
#236935,2965313,2440072
#236935,2975616,2440072
236935,3.02374e+06,2440072,89444.8
#248781,3397207,2440072
#248781,3445609,2440072
#248781,3396120,2440072
#248781,3386510,2440072
#248781,3302064,2440072
248781,3.3855e+06,2440072,93061.3
#261220,3701570,2440072
#261220,3775514,2440072
#261220,3775995,2440072
#261220,3740461,2440072
#261220,3647727,2440072
261220,3.72825e+06,2440072,97399.6
#274281,3538758,2846680
#274281,3559847,2846680
#274281,3824135,2846680
#274281,2903155,2846680
#274281,2923995,2846680
274281,3.34998e+06,2846680,740605
#287995,3833755,2846680
#287995,3908226,2846680
#287995,3813657,2846680
#287995,3805056,2846680
#287995,3807248,2846680
287995,3.83359e+06,2846680,77335.5
#302394,4388403,2846680
#302394,4347340,2846680
#302394,4202765,2846680
#302394,4206609,2846680
#302394,4205502,2846680
302394,4.27012e+06,2846680,161740
#317513,4039800,3321048
#317513,3976139,3321048
#317513,3962959,3321048
#317513,3977651,3321048
#317513,3969592,3321048
317513,3.98523e+06,3321048,55559.1
#333388,4516193,3321048
#333388,4526947,3321048
#333388,4445656,3321048
#333388,4402663,3321048
#333388,4392898,3321048
333388,4.45687e+06,3321048,111666
#350057,4920021,3321048
#350057,4968959,3321048
#350057,4869165,3321048
#350057,5131037,3321048
#350057,4950859,3321048
350057,4.96801e+06,3321048,176513
#367559,4679461,3874472
#367559,4592323,3874472
#367559,4709142,3874472
#367559,4687396,3874472
#367559,4694311,3874472
367559,4.67253e+06,3874472,82544.8
#385936,5148134,3874472
#385936,5118138,3874472
#385936,5099902,3874472
#385936,5033116,3874472
#385936,5029414,3874472
385936,5.08574e+06,3874472,94170.5
#405232,5649520,3874472
#405232,5600092,3874472
#405232,5672294,3874472
#405232,5623465,3874472
#405232,5561670,3874472
405232,5.62141e+06,3874472,76977.4
#425493,5426983,4520136
#425493,5289010,4520136
#425493,5274691,4520136
#425493,5304562,4520136
#425493,5281380,4520136
425493,5.31533e+06,4520136,113417
#446767,5952861,4520136
#446767,5963506,4520136
#446767,5932781,4520136
#446767,5917128,4520136
#446767,5942754,4520136
446767,5.94181e+06,4520136,32055.7
#469105,6636718,4520136
#469105,6643033,4520136
#469105,6750494,4520136
#469105,6601658,4520136
#469105,6559430,4520136
469105,6.63827e+06,4520136,127045
#492560,7310720,4520136
#492560,7222112,4520136
#492560,7194716,4520136
#492560,7178406,4520136
#492560,7181044,4520136
492560,7.2174e+06,4520136,98336.9
#517188,7165365,5273416
#517188,6952441,5273416
#517188,6935290,5273416
#517188,6925217,5273416
#517188,6961779,5273416
517188,6.98802e+06,5273416,179177
#543047,7671985,5273416
#543047,7628980,5273416
#543047,7622228,5273416
#543047,7621047,5273416
#543047,7565027,5273416
543047,7.62185e+06,5273416,68082.3
#570199,8670166,5273416
#570199,8550020,5273416
#570199,8555986,5273416
#570199,8655620,5273416
#570199,8479075,5273416
570199,8.58217e+06,5273416,142789
#598708,8522387,6152248
#598708,8465693,6152248
#598708,8319262,6152248
#598708,8314314,6152248
#598708,8307701,6152248
598708,8.38587e+06,6152248,180390
#628643,9399633,6152248
#628643,9337888,6152248
#628643,9139214,6152248
#628643,9126855,6152248
#628643,9127009,6152248
628643,9.22612e+06,6152248,236352
#660075,10294372,6152248
#660075,10334385,6152248
#660075,10174204,6152248
#660075,10053914,6152248
#660075,10244224,6152248
660075,1.02202e+07,6152248,197754
#693078,11084463,7177544
#693078,10755579,7177544
#693078,10717551,7177544
#693078,10705608,7177544
#693078,10572296,7177544
693078,1.07671e+07,7177544,340631
#727731,11898842,7177544
#727731,11991648,7177544
#727731,11825492,7177544
#727731,11718185,7177544
#727731,11742098,7177544
727731,1.18353e+07,7177544,201952
#764117,13059151,7177544
#764117,13219109,7177544
#764117,13000940,7177544
#764117,13079978,7177544
#764117,12812402,7177544
764117,1.30343e+07,7177544,264136
#802322,14010751,8373728
#802322,14034440,8373728
#802322,13996310,8373728
#802322,13805028,8373728
#802322,13748353,8373728
802322,1.3919e+07,8373728,236358
#842438,15814693,8373728
#842438,16700379,8373728
#842438,15188237,8373728
#842438,15049572,8373728
#842438,15237067,8373728
842438,1.5598e+07,8373728,1.22021e+06
#884559,16936232,8373728
#884559,16867871,8373728
#884559,16519270,8373728
#884559,16609196,8373728
#884559,16516233,8373728
884559,1.66898e+07,8373728,355686
#928786,23647769,9769272
#928786,18367514,9769272
#928786,17954763,9769272
#928786,17995375,9769272
#928786,18223354,9769272
928786,1.92378e+07,9769272,4.42033e+06
#975225,19806344,9769272
#975225,19817819,9769272
#975225,20181512,9769272
#975225,19786340,9769272
#975225,19841709,9769272
975225,1.98867e+07,9769272,296934
#1023986,21944718,9769272
#1023986,22015513,9769272
#1023986,21522802,9769272
#1023986,21510228,9769272
#1023986,21685254,9769272
1023986,2.17357e+07,9769272,420183
#1075185,23227126,11397408
#1075185,23051778,11397408
#1075185,22955975,11397408
#1075185,22851842,11397408
#1075185,22925497,11397408
1075185,2.30024e+07,11397408,258731
#1128944,24781863,11397408
#1128944,24905383,11397408
#1128944,25267807,11397408
#1128944,24839398,11397408
#1128944,25099405,11397408
1128944,2.49788e+07,11397408,359642
#1185391,27527905,11397408
#1185391,28156125,11397408
#1185391,27456462,11397408
#1185391,27204750,11397408
#1185391,27276098,11397408
1185391,2.75243e+07,11397408,673816
#1244660,31066465,11397408
#1244660,30479993,11397408
#1244660,30889785,11397408
#1244660,30712912,11397408
#1244660,30246093,11397408
1244660,3.0679e+07,11397408,581530
#1306893,31706637,13296896
#1306893,31170381,13296896
#1306893,31280450,13296896
#1306893,31373889,13296896
#1306893,31022724,13296896
1306893,3.13108e+07,13296896,459820
#1372237,34308763,13296896
#1372237,34365904,13296896
#1372237,34747967,13296896
#1372237,34471921,13296896
#1372237,34845788,13296896
1372237,3.45481e+07,13296896,424119
#1440848,38306966,13296896
#1440848,37926526,13296896
#1440848,38235548,13296896
#1440848,38191906,13296896
#1440848,38305543,13296896
1440848,3.81933e+07,13296896,280676
#1512890,38308518,15512968
#1512890,37431836,15512968
#1512890,37946033,15512968
#1512890,38094986,15512968
#1512890,38119789,15512968
1512890,3.79802e+07,15512968,594861
#1588534,41962855,15512968
#1588534,41771141,15512968
#1588534,42033399,15512968
#1588534,41921212,15512968
#1588534,41827474,15512968
1588534,4.19032e+07,15512968,187636
#1667960,47948544,15512968
#1667960,64183989,15512968
#1667960,63848388,15512968
#1667960,64256959,15512968
#1667960,64133137,15512968
1667960,6.08742e+07,15512968,1.29286e+07
#1751358,46309179,18098392
#1751358,45798545,18098392
#1751358,45636502,18098392
#1751358,45863556,18098392
#1751358,45446669,18098392
1751358,4.58109e+07,18098392,575699
#1838925,50700184,18098392
#1838925,50250331,18098392
#1838925,49878831,18098392
#1838925,50922857,18098392
#1838925,50857120,18098392
1838925,5.05219e+07,18098392,796096
#1930871,56647003,18098392
#1930871,56203328,18098392
#1930871,55937554,18098392
#1930871,56062614,18098392
#1930871,56763754,18098392
1930871,5.63229e+07,18098392,651112
#2027414,54866987,21114712
#2027414,54645232,21114712
#2027414,53950183,21114712
#2027414,54528880,21114712
#2027414,54162377,21114712
2027414,5.44307e+07,21114712,662663
#2128784,60246950,21114712
#2128784,59665027,21114712
#2128784,59917977,21114712
#2128784,60256585,21114712
#2128784,59871949,21114712
2128784,5.99917e+07,21114712,457652
#2235223,67777305,21114712
#2235223,67404522,21114712
#2235223,66652164,21114712
#2235223,66627467,21114712
#2235223,66594046,21114712
2235223,6.70111e+07,21114712,976440
#2346984,65033026,24633752
#2346984,64434373,24633752
#2346984,77761884,24633752
#2346984,83398657,24633752
#2346984,69165093,24633752
2346984,7.19586e+07,24633752,1.48845e+07
#2464333,71571380,24633752
#2464333,71080699,24633752
#2464333,71266066,24633752
#2464333,70653103,24633752
#2464333,71119041,24633752
2464333,7.11381e+07,24633752,595306
#2587549,78896040,24633752
#2587549,79251261,24633752
#2587549,78813739,24633752
#2587549,78322138,24633752
#2587549,79254560,24633752
2587549,7.89075e+07,24633752,687135
#2716926,78153995,28739296
#2716926,76874710,28739296
#2716926,75752539,28739296
#2716926,75982622,28739296
#2716926,75749682,28739296
2716926,7.65027e+07,28739296,1.84725e+06
#2852772,84281572,28739296
#2852772,83929622,28739296
#2852772,83896691,28739296
#2852772,84822321,28739296
#2852772,83809617,28739296
2852772,8.4148e+07,28739296,747207
#2995410,94000653,28739296
#2995410,93746588,28739296
#2995410,93756217,28739296
#2995410,92922426,28739296
#2995410,93926539,28739296
2995410,9.36705e+07,28739296,773206
#3145180,89743434,33529096
#3145180,89603126,33529096
#3145180,89266150,33529096
#3145180,89501186,33529096
#3145180,89770746,33529096
3145180,8.95769e+07,33529096,366929
#3302439,99185290,33529096
#3302439,98769347,33529096
#3302439,98540703,33529096
#3302439,98744616,33529096
#3302439,98354919,33529096
3302439,9.8719e+07,33529096,554950
#3467560,109178025,33529096
#3467560,109322110,33529096
#3467560,109899632,33529096
#3467560,109511724,33529096
#3467560,109590340,33529096
3467560,1.095e+08,33529096,492598
#3640938,122909959,33529096
#3640938,123456643,33529096
#3640938,124004759,33529096
#3640938,123131202,33529096
#3640938,122902102,33529096
3640938,1.23281e+08,33529096,828663
#3822984,115673154,39117208
#3822984,115402376,39117208
#3822984,115170098,39117208
#3822984,114780733,39117208
#3822984,115519602,39117208
3822984,1.15309e+08,39117208,622280
#4014133,129628571,39117208
#4014133,129061795,39117208
#4014133,128676363,39117208
#4014133,128298064,39117208
#4014133,129086342,39117208
4014133,1.2895e+08,39117208,890592
#4214839,143215855,39117208
#4214839,143556848,39117208
#4214839,143906696,39117208
#4214839,144967047,39117208
#4214839,145725183,39117208
4214839,1.44274e+08,39117208,1.86658e+06
#4425580,134156948,45636664
#4425580,133935481,45636664
#4425580,134116161,45636664
#4425580,134076110,45636664
#4425580,135806053,45636664
4425580,1.34418e+08,45636664,1.3959e+06
#4646859,149117043,45636664
#4646859,150541101,45636664
#4646859,148827913,45636664
#4646859,149580786,45636664
#4646859,163125330,45636664
4646859,1.52238e+08,45636664,1.09487e+07
#4879201,190132777,45636664
#4879201,193413125,45636664
#4879201,168039898,45636664
#4879201,167766389,45636664
#4879201,168005290,45636664
4879201,1.77471e+08,45636664,2.34469e+07
#5123161,156414818,53242696
#5123161,156864697,53242696
#5123161,156520482,53242696
#5123161,156232383,53242696
#5123161,155846465,53242696
5123161,1.56376e+08,53242696,670665
#5379319,173175772,53242696
#5379319,173218593,53242696
#5379319,175188867,53242696
#5379319,173313327,53242696
#5379319,173198421,53242696
5379319,1.73619e+08,53242696,1.57266e+06
#5648284,194539136,53242696
#5648284,194101479,53242696
#5648284,194228051,53242696
#5648284,194505433,53242696
#5648284,195368882,53242696
5648284,1.94549e+08,53242696,884301
#5930698,182162474,62116408
#5930698,181364513,62116408
#5930698,182361452,62116408
#5930698,181921248,62116408
#5930698,186050092,62116408
5930698,1.82772e+08,62116408,3.34554e+06
#6227232,203008395,62116408
#6227232,203106875,62116408
#6227232,202630293,62116408
#6227232,201787941,62116408
#6227232,200990372,62116408
6227232,2.02305e+08,62116408,1.60977e+06
#6538593,224939458,62116408
#6538593,225144207,62116408
#6538593,225763037,62116408
#6538593,225296120,62116408
#6538593,226099700,62116408
6538593,2.25449e+08,62116408,847553
#6865522,209895577,72469064
#6865522,210518632,72469064
#6865522,210493121,72469064
#6865522,211828890,72469064
#6865522,247533751,72469064
6865522,2.18054e+08,72469064,2.95068e+07
#7208798,233158566,72469064
#7208798,234044530,72469064
#7208798,233308185,72469064
#7208798,233589561,72469064
#7208798,233036190,72469064
7208798,2.33427e+08,72469064,719263
#7569237,260709753,72469064
#7569237,260578854,72469064
#7569237,261705943,72469064
#7569237,261744353,72469064
#7569237,262308365,72469064
7569237,2.61409e+08,72469064,1.3229e+06
#7947698,241081980,84547168
#7947698,240927235,84547168
#7947698,242362062,84547168
#7947698,245281463,84547168
#7947698,241884213,84547168
7947698,2.42307e+08,84547168,3.15387e+06
#8345082,267891224,84547168
#8345082,267429718,84547168
#8345082,270320849,84547168
#8345082,269955055,84547168
#8345082,267937597,84547168
8345082,2.68707e+08,84547168,2.37505e+06
#8762336,297087065,84547168
#8762336,298062151,84547168
#8762336,299802321,84547168
#8762336,299948200,84547168
#8762336,300020007,84547168
8762336,2.98984e+08,84547168,2.38677e+06
#9200452,338662134,84547168
#9200452,335991803,84547168
#9200452,335506747,84547168
#9200452,335116904,84547168
#9200452,336292718,84547168
9200452,3.36314e+08,84547168,2.48237e+06
#9660474,311131493,98638280
#9660474,313943387,98638280
#9660474,314232144,98638280
#9660474,312243797,98638280
#9660474,311558884,98638280
9660474,3.12622e+08,98638280,2.50336e+06
