#1,239,536
#1,393,536
#1,250,536
#1,233,536
#1,233,536
1,269.6,536,124.023
#2,294,544
#2,309,544
#2,295,544
#2,266,544
#2,264,544
2,285.6,544,35.2953
#3,339,552
#3,376,552
#3,338,552
#3,305,552
#3,315,552
3,334.6,552,49.0322
#4,393,568
#4,513,568
#4,396,568
#4,403,568
#4,373,568
4,415.6,568,99.4191
#5,377,568
#5,458,568
#5,25240,568
#5,518,568
#5,617,568
5,5442,568,19798.6
#6,591,584
#6,660,584
#6,609,584
#6,563,584
#6,532,584
6,591,584,86.487
#7,485,584
#7,583,584
#7,532,584
#7,507,584
#7,468,584
7,515,584,80.4289
#8,746,608
#8,723,608
#8,666,608
#8,928,608
#8,1087,608
8,830,608,311.196
#9,685,608
#9,797,608
#9,707,608
#9,722,608
#9,676,608
9,717.4,608,85.9265
#10,619,632
#10,643,632
#10,643,632
#10,621,632
#10,589,632
10,623,632,39.7593
#11,1001,632
#11,1177,632
#11,1012,632
#11,1043,632
#11,975,632
11,1041.6,632,142.254
#12,1264,632
#12,1379,632
#12,1189,632
#12,1216,632
#12,1291,632
12,1267.8,632,132.093
#13,1066,664
#13,1304,664
#13,1198,664
#13,1171,664
#13,1134,664
13,1174.6,664,156.837
#14,1325,664
#14,1485,664
#14,1469,664
#14,1346,664
#14,1356,664
14,1396.2,664,133.838
#15,1799,664
#15,1474,664
#15,1411,664
#15,1417,664
#15,1499,664
15,1520,664,286.898
#16,1536,696
#16,1625,696
#16,1496,696
#16,1433,696
#16,1413,696
16,1500.6,696,152.298
#17,1383,696
#17,1328,696
#17,1530,696
#17,1407,696
#17,1292,696
17,1388,696,163.379
#18,1642,696
#18,1715,696
#18,1348,696
#18,1570,696
#18,1536,696
18,1562.2,696,247.135
#19,2003,696
#19,1996,696
#19,1796,696
#19,1743,696
#19,1785,696
19,1864.6,696,223.158
#20,1778,736
#20,1834,736
#20,1810,736
#20,1649,736
#20,1702,736
20,1754.6,736,138.099
#21,1610,736
#21,1862,736
#21,1805,736
#21,1750,736
#21,1776,736
21,1760.6,736,168.008
#22,2191,736
#22,2307,736
#22,2076,736
#22,2043,736
#22,2199,736
22,2163.2,736,189.282
#23,1985,736
#23,2120,736
#23,2096,736
#23,2032,736
#23,1998,736
23,2046.2,736,106.571
#24,1881,776
#24,1978,776
#24,1960,776
#24,1901,776
#24,1943,776
24,1932.6,776,72.56
#25,2148,776
#25,2241,776
#25,2266,776
#25,2129,776
#25,2343,776
25,2225.4,776,157.493
#26,2811,776
#26,2853,776
#26,2966,776
#26,2782,776
#26,2794,776
26,2841.2,776,133.742
#27,2532,776
#27,2725,776
#27,2549,776
#27,2724,776
#27,2481,776
27,2602.2,776,204.671
#28,2461,776
#28,2716,776
#28,2460,776
#28,2497,776
#28,2473,776
28,2521.4,776,196.418
#29,2061,832
#29,2366,832
#29,2273,832
#29,2294,832
#29,2261,832
29,2251,832,203.486
#30,2712,832
#30,2730,832
#30,2590,832
#30,2512,832
#30,2529,832
30,2614.6,832,181.688
#31,2609,832
#31,2713,832
#31,2406,832
#31,2560,832
#31,2538,832
31,2565.2,832,199.749
#32,3285,832
#32,3208,832
#32,3142,832
#32,3038,832
#32,3025,832
32,3139.6,832,198.557
#33,3177,832
#33,3533,832
#33,3402,832
#33,3459,832
#33,3448,832
33,3403.8,832,241.884
#34,2766,832
#34,2884,832
#34,2618,832
#34,2370,832
#34,2304,832
34,2588.4,832,445.762
#35,1970,896
#35,1837,896
#35,1748,896
#35,1755,896
#35,1656,896
35,1793.2,896,210.718
#36,1914,896
#36,1930,896
#36,1880,896
#36,1861,896
#36,1828,896
36,1882.6,896,73.1421
#37,2127,896
#37,1986,896
#37,1957,896
#37,2016,896
#37,1940,896
37,2005.2,896,132.347
#38,3045,896
#38,3110,896
#38,3028,896
#38,3002,896
#38,3040,896
38,3045,896,71.4871
#39,2236,896
#39,2193,896
#39,2102,896
#39,2042,896
#39,1996,896
39,2113.8,896,179.726
#40,3620,896
#40,3649,896
#40,3598,896
#40,3621,896
#40,3571,896
40,3611.8,896,52.083
#42,2072,968
#42,2083,968
#42,2062,968
#42,1990,968
#42,1972,968
42,2035.8,968,91.1825
#44,2451,968
#44,2535,968
#44,2440,968
#44,2389,968
#44,2304,968
44,2423.8,968,152.134
#46,3217,968
#46,3188,968
#46,3000,968
#46,2887,968
#46,2774,968
46,3013.2,968,341.065
#48,3496,968
#48,3599,968
#48,3483,968
#48,3404,968
#48,3304,968
48,3457.2,968,197.137
#50,2918,1056
#50,2836,1056
#50,2733,1056
#50,2576,1056
#50,2531,1056
50,2718.8,1056,295.674
#52,3260,1056
#52,4293,1056
#52,2975,1056
#52,2873,1056
#52,2863,1056
52,3252.8,1056,1079.05
#54,2950,1056
#54,2915,1056
#54,3864,1056
#54,3901,1056
#54,2719,1056
54,3269.8,1056,1013.12
#56,2935,1056
#56,2871,1056
#56,2753,1056
#56,2721,1056
#56,2712,1056
56,2798.4,1056,177.645
#58,5804,1056
#58,6082,1056
#58,5966,1056
#58,5701,1056
#58,5455,1056
58,5801.6,1056,434.428
#60,3976,1152
#60,3987,1152
#60,3778,1152
#60,3685,1152
#60,3639,1152
60,3813,1152,289.455
#63,3758,1152
#63,3704,1152
#63,3559,1152
#63,3617,1152
#63,3486,1152
63,3624.8,1152,195.286
#66,3931,1152
#66,4596,1152
#66,4615,1152
#66,3672,1152
#66,3550,1152
66,4072.8,1152,904.118
#69,7182,1152
#69,5607,1152
#69,5421,1152
#69,5409,1152
#69,5419,1152
69,5807.6,1152,1382.34
#72,3854,1272
#72,3789,1272
#72,3535,1272
#72,3536,1272
#72,3444,1272
72,3631.6,1272,319.876
#75,4747,1272
#75,4585,1272
#75,4362,1272
#75,4331,1272
#75,4357,1272
75,4476.4,1272,326.807
#78,5488,1272
#78,5435,1272
#78,5295,1272
#78,5232,1272
#78,5209,1272
78,5331.8,1272,221.708
#81,6198,1272
#81,6438,1272
#81,6460,1272
#81,6278,1272
#81,6412,1272
81,6357.2,1272,203.405
#85,4584,1408
#85,4603,1408
#85,4450,1408
#85,4433,1408
#85,4374,1408
85,4488.8,1408,178.668
#89,5519,1408
#89,5553,1408
#89,5254,1408
#89,5248,1408
#89,5151,1408
89,5345,1408,321.081
#93,5487,1408
#93,5495,1408
#93,5441,1408
#93,5340,1408
#93,5338,1408
93,5420.2,1408,137.634
#97,6575,1408
#97,6632,1408
#97,6601,1408
#97,6613,1408
#97,6504,1408
97,6585,1408,89.0393
#101,6554,1568
#101,6681,1568
#101,6585,1568
#101,6449,1568
#101,6414,1568
101,6536.6,1568,192.252
#106,8913,1568
#106,9038,1568
#106,8591,1568
#106,8488,1568
#106,7736,1568
106,8553.2,1568,911.255
#111,6113,1568
#111,6237,1568
#111,6146,1568
#111,6075,1568
#111,6083,1568
111,6130.8,1568,117.388
#116,6340,1752
#116,6236,1752
#116,6200,1752
#116,6227,1752
#116,6097,1752
116,6220,1752,155.522
#121,6679,1752
#121,6510,1752
#121,6356,1752
#121,6329,1752
#121,6257,1752
121,6426.2,1752,301.907
#127,10107,1752
#127,8155,1752
#127,7986,1752
#127,7897,1752
#127,7916,1752
127,8412.2,1752,1704.53
#133,8214,1752
#133,8315,1752
#133,8193,1752
#133,8047,1752
#133,7990,1752
133,8151.8,1752,235.564
#139,6767,1960
#139,6705,1960
#139,6582,1960
#139,6518,1960
#139,6458,1960
139,6606,1960,229.688
#145,6715,1960
#145,6762,1960
#145,6602,1960
#145,6535,1960
#145,6528,1960
145,6628.4,1960,189.418
#152,8511,1960
#152,8625,1960
#152,8525,1960
#152,11059,1960
#152,11634,1960
152,9670.8,1960,2761.59
#159,7186,2208
#159,7203,2208
#159,7076,2208
#159,7072,2208
#159,7069,2208
159,7121.2,2208,120.262
#166,7424,2208
#166,7303,2208
#166,7135,2208
#166,7096,2208
#166,7071,2208
166,7205.8,2208,271.733
#174,8796,2208
#174,8735,2208
#174,8723,2208
#174,8676,2208
#174,8611,2208
174,8708.2,2208,123.712
#182,13321,2208
#182,14733,2208
#182,14932,2208
#182,14708,2208
#182,11669,2208
182,13872.6,2208,2485.26
#191,8907,2496
#191,9025,2496
#191,11215,2496
#191,8952,2496
#191,11039,2496
191,9827.6,2496,2126.16
#200,11832,2496
#200,10316,2496
#200,10128,2496
#200,10147,2496
#200,13335,2496
200,11151.6,2496,2527.51
#210,11065,2496
#210,11231,2496
#210,11133,2496
#210,11130,2496
#210,11107,2496
210,11133.2,2496,109.226
#220,9996,2840
#220,10073,2840
#220,12846,2840
#220,13140,2840
#220,13098,2840
220,11830.6,2840,2940.31
#231,12665,2840
#231,12954,2840
#231,12635,2840
#231,13831,2840
#231,13917,2840
231,13200.4,2840,1123.64
#242,11686,2840
#242,11770,2840
#242,11674,2840
#242,11616,2840
#242,11697,2840
242,11688.6,2840,98.7409
#254,11119,3232
#254,11111,3232
#254,10962,3232
#254,10831,3232
#254,10990,3232
254,11002.6,3232,212.703
#266,12547,3232
#266,12553,3232
#266,12487,3232
#266,12469,3232
#266,12421,3232
266,12495.4,3232,99.129
#279,12986,3232
#279,16902,3232
#279,13195,3232
#279,12960,3232
#279,12964,3232
279,13801.4,3232,3105.54
#292,15063,3232
#292,16480,3232
#292,15098,3232
#292,15073,3232
#292,17313,3232
292,15805.4,3232,1858.16
#306,13995,3688
#306,14026,3688
#306,14018,3688
#306,13815,3688
#306,13810,3688
306,13932.8,3688,197.526
#321,17736,3688
#321,15752,3688
#321,14377,3688
#321,14369,3688
#321,14388,3688
321,15324.4,3688,2636.04
#337,14134,3688
#337,14203,3688
#337,13874,3688
#337,13927,3688
#337,13923,3688
337,14012.2,3688,261.618
#353,15980,4224
#353,12897,4224
#353,12745,4224
#353,12782,4224
#353,12726,4224
353,13426,4224,2556.76
#370,13783,4224
#370,13846,4224
#370,13649,4224
#370,13746,4224
#370,13708,4224
370,13746.4,4224,133.33
#388,16541,4224
#388,17887,4224
#388,16745,4224
#388,21546,4224
#388,22016,4224
388,18947,4224,4727.35
#407,16526,4856
#407,14771,4856
#407,14655,4856
#407,14988,4856
#407,14689,4856
407,15125.8,4856,1419.26
#427,17093,4856
#427,17248,4856
#427,17216,4856
#427,17155,4856
#427,17138,4856
427,17170,4856,110.916
#448,22583,4856
#448,22744,4856
#448,22673,4856
#448,22725,4856
#448,22632,4856
448,22671.4,4856,118.366
#470,19582,4856
#470,19699,4856
#470,19547,4856
#470,19642,4856
#470,19578,4856
470,19609.6,4856,108.522
#493,18782,5592
#493,18904,5592
#493,18910,5592
#493,18820,5592
#493,18746,5592
493,18832.4,5592,130.559
#517,21581,5592
#517,21791,5592
#517,21582,5592
#517,21603,5592
#517,21581,5592
517,21627.6,5592,164.261
#542,27686,5592
#542,27986,5592
#542,27943,5592
#542,28149,5592
#542,27922,5592
542,27937.2,5592,297.465
#569,24206,6440
#569,24535,6440
#569,24424,6440
#569,24418,6440
#569,24354,6440
569,24387.4,6440,215.561
#597,29097,6440
#597,24510,6440
#597,24524,6440
#597,24324,6440
#597,24196,6440
597,25330.2,6440,3774.69
#626,28848,6440
#626,35176,6440
#626,29197,6440
#626,29092,6440
#626,29130,6440
626,30288.6,6440,4893.08
#657,22604,7432
#657,22828,7432
#657,22891,7432
#657,22881,7432
#657,22735,7432
657,22787.8,7432,214.519
#689,38026,7432
#689,37894,7432
#689,37091,7432
#689,37371,7432
#689,35701,7432
689,37216.6,7432,1661.48
#723,29857,7432
#723,30309,7432
#723,30221,7432
#723,30103,7432
#723,30022,7432
723,30102.4,7432,314.242
#759,28589,8600
#759,29051,8600
#759,29103,8600
#759,28932,8600
#759,28949,8600
759,28924.8,8600,358.977
#796,29608,8600
#796,29982,8600
#796,29515,8600
#796,29462,8600
#796,29550,8600
796,29623.4,8600,370.965
#835,34178,8600
#835,34719,8600
#835,34570,8600
#835,34465,8600
#835,34438,8600
835,34474,8600,355.791
#876,39107,8600
#876,39532,8600
#876,39635,8600
#876,39475,8600
#876,39412,8600
876,39432.2,8600,356.744
#919,37448,9952
#919,37962,9952
#919,37908,9952
#919,38013,9952
#919,37825,9952
919,37831.2,9952,402.928
#964,45132,9952
#964,45683,9952
#964,45593,9952
#964,45604,9952
#964,45565,9952
964,45515.4,9952,391.323
#1012,51009,9952
#1012,51557,9952
#1012,51632,9952
#1012,51410,9952
#1012,51577,9952
1012,51437,9952,452.494
#1062,40052,11528
#1062,40374,11528
#1062,40370,11528
#1062,40387,11528
#1062,40211,11528
1062,40278.8,11528,260.956
#1115,48231,11528
#1115,48935,11528
#1115,48882,11528
#1115,48617,11528
#1115,49262,11528
1115,48785.4,11528,689.682
#1170,54828,11528
#1170,72260,11528
#1170,65056,11528
#1170,81071,11528
#1170,62682,11528
1170,67179.4,11528,17800.7
#1228,50002,13376
#1228,50681,13376
#1228,50659,13376
#1228,50504,13376
#1228,50617,13376
1228,50492.6,13376,505.551
#1289,55803,13376
#1289,56427,13376
#1289,56269,13376
#1289,56116,13376
#1289,56034,13376
1289,56129.8,13376,423.198
#1353,63461,13376
#1353,64128,13376
#1353,64337,13376
#1353,63895,13376
#1353,64201,13376
1353,64004.4,13376,614.364
#1420,54938,15528
#1420,55510,15528
#1420,55441,15528
#1420,56155,15528
#1420,55428,15528
1420,55494.4,15528,776.39
#1491,63910,15528
#1491,64562,15528
#1491,64745,15528
#1491,64592,15528
#1491,64529,15528
1491,64467.6,15528,576.906
#1565,68720,15528
#1565,69231,15528
#1565,69300,15528
#1565,69396,15528
#1565,69518,15528
1565,69233,15528,548.055
#1643,64739,18040
#1643,65372,18040
#1643,65419,18040
#1643,65418,18040
#1643,74064,18040
1643,67002.4,18040,7080.39
#1725,70550,18040
#1725,70920,18040
#1725,71280,18040
#1725,71553,18040
#1725,70954,18040
1725,71051.4,18040,682.358
#1811,75162,18040
#1811,75698,18040
#1811,76080,18040
#1811,76149,18040
#1811,75936,18040
1811,75805,18040,713.313
#1901,93606,18040
#1901,94852,18040
#1901,108447,18040
#1901,96607,18040
#1901,96951,18040
1901,98092.6,18040,10634.1
#1996,83040,20968
#1996,84187,20968
#1996,83790,20968
#1996,88207,20968
#1996,83621,20968
1996,84569,20968,3712.07
#2095,91345,20968
#2095,91750,20968
#2095,92175,20968
#2095,92125,20968
#2095,91536,20968
2095,91786.2,20968,647.777
#2199,112028,20968
#2199,113084,20968
#2199,127772,20968
#2199,125051,20968
#2199,117436,20968
2199,119074,20968,12636.1
#2308,95440,24384
#2308,96248,24384
#2308,97178,24384
#2308,114816,24384
#2308,100897,24384
2308,100916,24384,14393.3
#2423,103378,24384
#2423,109113,24384
#2423,110358,24384
#2423,116889,24384
#2423,108300,24384
2423,109608,24384,8687.66
#2544,115960,24384
#2544,158955,24384
#2544,122033,24384
#2544,115989,24384
#2544,116375,24384
2544,125862,24384,33410.6
#2671,109802,28376
#2671,110284,28376
#2671,110311,28376
#2671,109982,28376
#2671,110031,28376
2671,110082,28376,383.923
#2804,118783,28376
#2804,119454,28376
#2804,130783,28376
#2804,150336,28376
#2804,127057,28376
2804,129283,28376,22931.1
#2944,132290,28376
#2944,132586,28376
#2944,154716,28376
#2944,139593,28376
#2944,141926,28376
2944,140222,28376,16360.9
#3091,126768,33024
#3091,127719,33024
#3091,127873,33024
#3091,127517,33024
#3091,127224,33024
3091,127420,33024,783.601
#3245,135802,33024
#3245,136394,33024
#3245,136537,33024
#3245,135887,33024
#3245,141760,33024
3245,137276,33024,4519.5
#3407,153538,33024
#3407,154067,33024
#3407,171161,33024
#3407,158136,33024
#3407,161847,33024
3407,159750,33024,12902.7
#3577,148270,38456
#3577,148505,38456
#3577,148779,38456
#3577,148448,38456
#3577,152741,38456
3577,149349,38456,3408.1
#3755,162935,38456
#3755,163110,38456
#3755,162936,38456
#3755,163048,38456
#3755,167948,38456
3755,163995,38456,3954.88
#3942,185994,38456
#3942,186453,38456
#3942,186749,38456
#3942,188068,38456
#3942,189594,38456
3942,187372,38456,2615.84
#4139,217023,38456
#4139,217587,38456
#4139,217648,38456
#4139,222761,38456
#4139,222877,38456
4139,219579,38456,5309
#4345,181094,44792
#4345,181652,44792
#4345,181694,44792
#4345,196946,44792
#4345,199598,44792
4345,188197,44792,16543.4
#4562,211164,44792
#4562,211472,44792
#4562,211278,44792
#4562,215739,44792
#4562,235596,44792
4562,217050,44792,18862.6
#4790,239561,44792
#4790,239413,44792
#4790,244330,44792
#4790,243663,44792
#4790,242519,44792
4790,241897,44792,4103.88
#5029,211437,52184
#5029,211603,52184
#5029,211365,52184
#5029,216082,52184
#5029,211266,52184
5029,212351,52184,3737.88
#5280,242399,52184
#5280,243074,52184
#5280,242597,52184
#5280,250665,52184
#5280,256808,52184
5280,247109,52184,11507.9
#5544,280964,52184
#5544,286473,52184
#5544,293821,52184
#5544,300473,52184
#5544,287229,52184
5544,289792,52184,13441.3
#5821,253015,60800
#5821,254065,60800
#5821,253666,60800
#5821,258884,60800
#5821,272170,60800
5821,258360,60800,14423.3
#6112,284635,60800
#6112,286914,60800
#6112,286717,60800
#6112,292392,60800
#6112,371964,60800
6112,304524,60800,67635
#6417,331283,60800
#6417,331678,60800
#6417,336492,60800
#6417,336435,60800
#6417,355836,60800
6417,338345,60800,18051.9
#6737,288717,70856
#6737,289924,70856
#6737,303428,70856
#6737,290273,70856
#6737,290208,70856
6737,292510,70856,10975.6
#7073,330522,70856
#7073,328735,70856
#7073,332706,70856
#7073,355315,70856
#7073,324382,70856
7073,334332,70856,21684.6
#7426,360794,70856
#7426,362020,70856
#7426,375828,70856
#7426,362654,70856
#7426,373424,70856
7426,366944,70856,12692.9
#7797,350448,82592
#7797,376989,82592
#7797,395963,82592
#7797,360588,82592
#7797,377673,82592
7797,372332,82592,31310.9
#8186,358030,82592
#8186,358767,82592
#8186,364579,82592
#8186,359606,82592
#8186,359717,82592
8186,360140,82592,4604.87
#8595,422729,82592
#8595,471413,82592
#8595,453056,82592
#8595,432905,82592
#8595,455223,82592
8595,447065,82592,34502.4
#9024,379607,96280
#9024,379365,96280
#9024,384554,96280
#9024,401539,96280
#9024,401250,96280
9024,389263,96280,20154.8
#9475,419875,96280
#9475,421200,96280
#9475,426042,96280
#9475,442133,96280
#9475,427834,96280
9475,427417,96280,15853.3
#9948,478125,96280
#9948,479313,96280
#9948,486101,96280
#9948,502764,96280
#9948,510283,96280
9948,491317,96280,25862.3
#10445,539734,96280
#10445,542987,96280
#10445,565890,96280
#10445,547502,96280
#10445,591066,96280
10445,557436,96280,38191.8
#10967,479612,112248
#10967,519963,112248
#10967,521300,112248
#10967,498025,112248
#10967,504366,112248
10967,504653,112248,30758.2
#11515,537302,112248
#11515,580785,112248
#11515,604199,112248
#11515,597537,112248
#11515,619184,112248
11515,587801,112248,56199.3
#12090,653683,112248
#12090,708104,112248
#12090,697924,112248
#12090,672293,112248
#12090,663551,112248
12090,679111,112248,41276.7
#12694,555746,130880
#12694,563334,130880
#12694,603096,130880
#12694,578564,130880
#12694,605712,130880
12694,581290,130880,40539.2
#13328,617848,130880
#13328,626312,130880
#13328,649984,130880
#13328,656653,130880
#13328,648188,130880
13328,639797,130880,29958.8
#13994,762736,130880
#13994,772387,130880
#13994,807264,130880
#13994,884108,130880
#13994,877106,130880
13994,820720,130880,102281
#14693,644438,152616
#14693,629903,152616
#14693,682032,152616
#14693,728548,152616
#14693,702848,152616
14693,677554,152616,72814.9
#15427,708910,152616
#15427,711950,152616
#15427,741912,152616
#15427,745094,152616
#15427,747652,152616
15427,731104,152616,34009.6
#16198,812155,152616
#16198,788949,152616
#16198,870520,152616
#16198,963295,152616
#16198,907228,152616
16198,868429,152616,126469
#17007,737746,177976
#17007,753225,177976
#17007,771142,177976
#17007,809222,177976
#17007,798788,177976
17007,774025,177976,53733.8
#17857,842152,177976
#17857,846055,177976
#17857,861811,177976
#17857,879326,177976
#17857,925626,177976
17857,870994,177976,60611.7
#18749,943119,177976
#18749,959464,177976
#18749,967029,177976
#18749,1059719,177976
#18749,1110609,177976
18749,1.00799e+06,177976,130988
#19686,854737,207560
#19686,843851,207560
#19686,866485,207560
#19686,904143,207560
#19686,897369,207560
19686,873317,207560,47234.6
#20670,940291,207560
#20670,932534,207560
#20670,962774,207560
#20670,995095,207560
#20670,974892,207560
20670,961117,207560,45586.9
#21703,1074210,207560
#21703,1052450,207560
#21703,1113466,207560
#21703,1146962,207560
#21703,1167013,207560
21703,1.11082e+06,207560,85875.5
#22788,1006505,242080
#22788,1107509,242080
#22788,1228085,242080
#22788,1240473,242080
#22788,1301724,242080
22788,1.17686e+06,242080,211834
#23927,1100307,242080
#23927,1226688,242080
#23927,1344502,242080
#23927,1392108,242080
#23927,1368930,242080
23927,1.28651e+06,242080,218279
#25123,1234343,242080
#25123,1470487,242080
#25123,1480063,242080
#25123,1528902,242080
#25123,1556437,242080
25123,1.45405e+06,242080,228568
#26379,1447109,242080
#26379,1759957,242080
#26379,1697202,242080
#26379,1764864,242080
#26379,1766860,242080
26379,1.6872e+06,242080,245625
#27697,1260580,282344
#27697,1500809,282344
#27697,1519674,282344
#27697,1550619,282344
#27697,1571696,282344
27697,1.48068e+06,282344,225469
#29081,1417391,282344
#29081,1610242,282344
#29081,1741761,282344
#29081,1651399,282344
#29081,1578503,282344
29081,1.59986e+06,282344,212887
#30535,1679871,282344
#30535,1764883,282344
#30535,1711104,282344
#30535,1721808,282344
#30535,1845830,282344
30535,1.7447e+06,282344,114857
#32061,1453495,329320
#32061,1604874,329320
#32061,1580096,329320
#32061,1714982,329320
#32061,1715055,329320
32061,1.6137e+06,329320,194738
#33664,1698622,329320
#33664,1671322,329320
#33664,2261880,329320
#33664,2383238,329320
#33664,2400657,329320
33664,2.08314e+06,329320,657433
#35347,1972022,329320
#35347,2563022,329320
#35347,2279909,329320
#35347,2280447,329320
#35347,2397668,329320
35347,2.29861e+06,329320,386849
#37114,1705042,384128
#37114,2155743,384128
#37114,1838883,384128
#37114,1789428,384128
#37114,1827955,384128
37114,1.86341e+06,384128,307078
#38969,1918938,384128
#38969,2246197,384128
#38969,1983782,384128
#38969,2023016,384128
#38969,2079752,384128
38969,2.05034e+06,384128,222114
#40917,2214413,384128
#40917,2380079,384128
#40917,2475463,384128
#40917,2360057,384128
#40917,2343309,384128
40917,2.35466e+06,384128,167491
#42962,1998900,448072
#42962,1994123,448072
#42962,2048198,448072
#42962,2049422,448072
#42962,2151947,448072
42962,2.04852e+06,448072,113558
#45110,2189710,448072
#45110,2525689,448072
#45110,2208927,448072
#45110,2291298,448072
#45110,2367502,448072
45110,2.31663e+06,448072,244367
#47365,2452795,448072
#47365,2614143,448072
#47365,2714838,448072
#47365,2660484,448072
#47365,2633726,448072
47365,2.6152e+06,448072,175950
#49733,2267887,522680
#49733,2290089,522680
#49733,2368558,522680
#49733,2456841,522680
#49733,2489351,522680
49733,2.37455e+06,522680,175494
#52219,2534462,522680
#52219,2873743,522680
#52219,2484858,522680
#52219,2559145,522680
#52219,2621849,522680
52219,2.61481e+06,522680,273551
#54829,2867443,522680
#54829,2954834,522680
#54829,2986139,522680
#54829,3068203,522680
#54829,3004554,522680
54829,2.97623e+06,522680,131611
#57570,2641815,609720
#57570,2698644,609720
#57570,2737324,609720
#57570,2912873,609720
#57570,2940536,609720
57570,2.78624e+06,609720,237937
#60448,2953388,609720
#60448,3100629,609720
#60448,3189351,609720
#60448,3224003,609720
#60448,3047825,609720
60448,3.10304e+06,609720,195001
#63470,3266277,609720
#63470,3358464,609720
#63470,3455306,609720
#63470,3588129,609720
#63470,3516120,609720
63470,3.43686e+06,609720,227595
#66643,3108736,711264
#66643,3105501,711264
#66643,3131623,711264
#66643,3245238,711264
#66643,3125394,711264
66643,3.1433e+06,711264,103814
#69975,3357265,711264
#69975,3423260,711264
#69975,3548698,711264
#69975,3477633,711264
#69975,3505105,711264
69975,3.46239e+06,711264,132931
#73473,3747054,711264
#73473,3825928,711264
#73473,4046540,711264
#73473,3989347,711264
#73473,4025248,711264
73473,3.92682e+06,711264,237361
#77146,4421939,711264
#77146,4560275,711264
#77146,5559052,711264
#77146,4679656,711264
#77146,4676914,711264
77146,4.77957e+06,711264,802049
#81003,3874100,829728
#81003,4075632,829728
#81003,4150298,829728
#81003,4057712,829728
#81003,4174230,829728
81003,4.06639e+06,829728,211294
#85053,4427073,829728
#85053,4634949,829728
#85053,4682127,829728
#85053,4579558,829728
#85053,4624586,829728
85053,4.58966e+06,829728,175175
#89305,5077973,829728
#89305,5208996,829728
#89305,5312534,829728
#89305,5309480,829728
#89305,5163303,829728
89305,5.21446e+06,829728,178713
#93770,4427429,967936
#93770,4562205,967936
#93770,5441488,967936
#93770,5537354,967936
#93770,4935589,967936
93770,4.98081e+06,967936,896871
#98458,4957565,967936
#98458,5305562,967936
#98458,5331205,967936
#98458,5346328,967936
#98458,5185441,967936
98458,5.22522e+06,967936,290622
#103380,5774341,967936
#103380,5900549,967936
#103380,6064947,967936
#103380,5961724,967936
#103380,5849834,967936
103380,5.91028e+06,967936,197578
#108549,5129514,1129184
#108549,5214716,1129184
#108549,5421166,1129184
#108549,5363451,1129184
#108549,5365473,1129184
108549,5.29886e+06,1129184,217856
#113976,5833900,1129184
#113976,6162993,1129184
#113976,6233311,1129184
#113976,6065631,1129184
#113976,6183543,1129184
113976,6.09588e+06,1129184,283725
#119674,6553989,1129184
#119674,6959203,1129184
#119674,6869626,1129184
#119674,6861475,1129184
#119674,6879181,1129184
119674,6.82469e+06,1129184,279592
#125657,6061259,1317304
#125657,7311157,1317304
#125657,7206011,1317304
#125657,6717856,1317304
#125657,6320236,1317304
125657,6.7233e+06,1317304,971339
#131939,10960647,1317304
#131939,11270322,1317304
#131939,12798182,1317304
#131939,8750502,1317304
#131939,8954041,1317304
131939,1.05467e+07,1317304,3.03671e+06
#138535,7622907,1317304
#138535,7713700,1317304
#138535,7736193,1317304
#138535,7718993,1317304
#138535,7790955,1317304
138535,7.71655e+06,1317304,108462
#145461,6931849,1536776
#145461,7047643,1536776
#145461,7144980,1536776
#145461,7158175,1536776
#145461,7156196,1536776
145461,7.08777e+06,1536776,176258
#152734,7668624,1536776
#152734,7668187,1536776
#152734,7820037,1536776
#152734,7647139,1536776
#152734,7693773,1536776
152734,7.69955e+06,1536776,124056
#160370,8641391,1536776
#160370,8686247,1536776
#160370,8682975,1536776
#160370,8697237,1536776
#160370,8728939,1536776
160370,8.68736e+06,1536776,56284.9
#168388,8585429,1792832
#168388,9332347,1792832
#168388,8999996,1792832
#168388,9395634,1792832
#168388,11402706,1792832
168388,9.54322e+06,1792832,1.94656e+06
#176807,8783556,1792832
#176807,8976081,1792832
#176807,9097705,1792832
#176807,9085383,1792832
#176807,9097383,1792832
176807,9.00802e+06,1792832,242352
#185647,10001216,1792832
#185647,10249523,1792832
#185647,10245385,1792832
#185647,10352126,1792832
#185647,10244948,1792832
185647,1.02186e+07,1792832,232298
#194929,11642141,1792832
#194929,14807276,1792832
#194929,12422226,1792832
#194929,12110167,1792832
#194929,12101046,1792832
194929,1.26166e+07,1792832,2.24654e+06
#204675,10111545,2091560
#204675,10624191,2091560
#204675,10675392,2091560
#204675,10580808,2091560
#204675,10574373,2091560
204675,1.05133e+07,2091560,408181
#214908,11297206,2091560
#214908,11895611,2091560
#214908,11868287,2091560
#214908,11961737,2091560
#214908,11882509,2091560
214908,1.17811e+07,2091560,488083
#225653,13311049,2091560
#225653,16725702,2091560
#225653,13760900,2091560
#225653,14027937,2091560
#225653,14067641,2091560
225653,1.43786e+07,2091560,2.40828e+06
#236935,11522405,2440072
#236935,12285890,2440072
#236935,12222468,2440072
#236935,12189058,2440072
#236935,12298484,2440072
236935,1.21037e+07,2440072,586808
#248781,12897241,2440072
#248781,13335895,2440072
#248781,13159517,2440072
#248781,13468652,2440072
#248781,13243240,2440072
248781,1.32209e+07,2440072,383277
#261220,15083358,2440072
#261220,18006048,2440072
#261220,15485545,2440072
#261220,15417172,2440072
#261220,15473155,2440072
261220,1.58931e+07,2440072,2.13339e+06
#274281,13314317,2846680
#274281,14095499,2846680
#274281,14037128,2846680
#274281,14109833,2846680
#274281,13752912,2846680
274281,1.38619e+07,2846680,605620
#287995,14691301,2846680
#287995,15305120,2846680
#287995,15448816,2846680
#287995,15352618,2846680
#287995,15528805,2846680
287995,1.52653e+07,2846680,594507
#302394,17186593,2846680
#302394,22345570,2846680
#302394,17652785,2846680
#302394,17658930,2846680
#302394,17694113,2846680
302394,1.85076e+07,2846680,3.85619e+06
#317513,15409651,3321048
#317513,15928316,3321048
#317513,16301104,3321048
#317513,16204215,3321048
#317513,16368159,3321048
317513,1.60423e+07,3321048,700067
#333388,17206306,3321048
#333388,21731814,3321048
#333388,18049547,3321048
#333388,18276305,3321048
#333388,17916383,3321048
333388,1.86361e+07,3321048,3.17733e+06
#350057,19671644,3321048
#350057,20299915,3321048
#350057,20169488,3321048
#350057,20060311,3321048
#350057,20259889,3321048
350057,2.00922e+07,3321048,451772
#367559,17536530,3874472
#367559,23052712,3874472
#367559,18807410,3874472
#367559,19237122,3874472
#367559,18928994,3874472
367559,1.95126e+07,3874472,3.7257e+06
#385936,19817586,3874472
#385936,20823284,3874472
#385936,20474756,3874472
#385936,20587089,3874472
#385936,20579715,3874472
385936,2.04565e+07,3874472,678416
#405232,22527618,3874472
#405232,27555445,3874472
#405232,23158370,3874472
#405232,23107313,3874472
#405232,23249408,3874472
405232,2.39196e+07,3874472,3.67101e+06
#425493,22078079,4520136
#425493,22472827,4520136
#425493,22263551,4520136
#425493,22555227,4520136
#425493,22372383,4520136
425493,2.23484e+07,4520136,333596
#446767,22100647,4520136
#446767,27699016,4520136
#446767,23702063,4520136
#446767,23461656,4520136
#446767,23256119,4520136
446767,2.40439e+07,4520136,3.81707e+06
#469105,25163073,4520136
#469105,26574067,4520136
#469105,26408271,4520136
#469105,26492886,4520136
#469105,26553198,4520136
469105,2.62383e+07,4520136,1.08138e+06
#492560,31635585,4520136
#492560,38653863,4520136
#492560,33826389,4520136
#492560,32980532,4520136
#492560,32634186,4520136
492560,3.39461e+07,4520136,4.91278e+06
#517188,26761544,5273416
#517188,28482963,5273416
#517188,28628169,5273416
#517188,28374538,5273416
#517188,28879739,5273416
517188,2.82254e+07,5273416,1.50249e+06
#543047,32324384,5273416
#543047,39182869,5273416
#543047,36104606,5273416
#543047,32522673,5273416
#543047,33281207,5273416
543047,3.46831e+07,5273416,5.2509e+06
#570199,36144648,5273416
#570199,36894304,5273416
#570199,37079568,5273416
#570199,42801179,5273416
#570199,42677474,5273416
570199,3.91194e+07,5273416,5.94485e+06
#598708,33185782,6152248
#598708,34756114,6152248
#598708,34222644,6152248
#598708,39963705,6152248
#598708,32808988,6152248
598708,3.49874e+07,6152248,5.16862e+06
#628643,35923150,6152248
#628643,42613105,6152248
#628643,38078549,6152248
#628643,37482759,6152248
#628643,37344208,6152248
628643,3.82884e+07,6152248,4.55035e+06
#660075,40515439,6152248
#660075,49310520,6152248
#660075,45670748,6152248
#660075,43731274,6152248
#660075,42742065,6152248
660075,4.4394e+07,6152248,5.93387e+06
#693078,43575077,7177544
#693078,51528450,7177544
#693078,49694430,7177544
#693078,51663453,7177544
#693078,51359299,7177544
693078,4.95641e+07,7177544,6.15624e+06
#727731,40463541,7177544
#727731,47741047,7177544
#727731,47409510,7177544
#727731,43810896,7177544
#727731,48167032,7177544
727731,4.55184e+07,7177544,5.93288e+06
#764117,46368833,7177544
#764117,53872090,7177544
#764117,49211947,7177544
#764117,49356706,7177544
#764117,48664674,7177544
764117,4.94948e+07,7177544,4.87611e+06
#802322,55845096,8373728
#802322,67546887,8373728
#802322,58025512,8373728
#802322,58742368,8373728
#802322,64040026,8373728
802322,6.084e+07,8373728,8.602e+06
#842438,53531833,8373728
#842438,72334553,8373728
#842438,69756054,8373728
#842438,70265177,8373728
#842438,68166279,8373728
842438,6.68108e+07,8373728,1.35436e+07
#884559,62738699,8373728
#884559,77604037,8373728
#884559,76310931,8373728
#884559,81548040,8373728
#884559,74793571,8373728
884559,7.45991e+07,8373728,1.26793e+07
#928786,77032504,9769272
#928786,88091956,9769272
#928786,84327029,9769272
#928786,80062503,9769272
#928786,78819167,9769272
928786,8.16666e+07,9769272,8.0259e+06
#975225,77546931,9769272
#975225,90825414,9769272
#975225,86291823,9769272
#975225,85521530,9769272
#975225,85365515,9769272
975225,8.51102e+07,9769272,8.55557e+06
#1023986,100939839,9769272
#1023986,106185244,9769272
#1023986,98534689,9769272
#1023986,96118267,9769272
#1023986,92534626,9769272
1023986,9.88625e+07,9769272,9.19209e+06
#1075185,113659503,11397408
#1075185,123705509,11397408
#1075185,126919781,11397408
#1075185,114036087,11397408
#1075185,113621539,11397408
1075185,1.18388e+08,11397408,1.14921e+07
#1128944,163058549,11397408
#1128944,139498208,11397408
#1128944,127621958,11397408
#1128944,125427113,11397408
#1128944,137982555,11397408
1128944,1.38718e+08,11397408,2.6734e+07
#1185391,125792201,11397408
#1185391,137916793,11397408
#1185391,130479267,11397408
#1185391,134539078,11397408
#1185391,135149575,11397408
1185391,1.32775e+08,11397408,8.44836e+06
#1244660,163025578,11397408
#1244660,154985243,11397408
#1244660,148954637,11397408
#1244660,148011569,11397408
#1244660,155018361,11397408
1244660,1.53999e+08,11397408,1.07624e+07
#1306893,162858105,13296896
#1306893,169774837,13296896
#1306893,160674699,13296896
#1306893,165104709,13296896
#1306893,165798082,13296896
1306893,1.64842e+08,13296896,6.10693e+06
#1372237,173245271,13296896
#1372237,179177014,13296896
#1372237,175269639,13296896
#1372237,181068464,13296896
#1372237,186624556,13296896
1372237,1.79077e+08,13296896,9.3572e+06
#1440848,196414145,13296896
#1440848,202454209,13296896
#1440848,195382161,13296896
#1440848,196553497,13296896
#1440848,192105539,13296896
1440848,1.96582e+08,13296896,6.69269e+06
#1512890,196484709,15512968
#1512890,208947048,15512968
#1512890,201203970,15512968
#1512890,196720769,15512968
#1512890,196797042,15512968
1512890,2.00031e+08,15512968,9.58599e+06
#1588534,218728464,15512968
#1588534,218596901,15512968
#1588534,212743401,15512968
#1588534,213030023,15512968
#1588534,205704198,15512968
1588534,2.13761e+08,15512968,9.57261e+06
#1667960,246206107,15512968
#1667960,252087397,15512968
#1667960,248234115,15512968
#1667960,257410819,15512968
#1667960,250638494,15512968
1667960,2.50915e+08,15512968,7.64238e+06
#1751358,251338853,18098392
#1751358,264691198,18098392
#1751358,263817947,18098392
#1751358,256309745,18098392
#1751358,254457962,18098392
1751358,2.58123e+08,18098392,1.05193e+07
#1838925,277840950,18098392
#1838925,279591999,18098392
#1838925,276622145,18098392
#1838925,279436699,18098392
#1838925,280850631,18098392
1838925,2.78868e+08,18098392,2.94986e+06
#1930871,280640868,18098392
#1930871,287112120,18098392
#1930871,282479527,18098392
#1930871,282919856,18098392
#1930871,283849943,18098392
1930871,2.834e+08,18098392,4.25891e+06
#2027414,302837538,21114712
#2027414,307148400,21114712
#2027414,307458698,21114712
#2027414,306071572,21114712
#2027414,308222468,21114712
2027414,3.06348e+08,21114712,3.77229e+06
#2128784,330022662,21114712
#2128784,333096309,21114712
#2128784,337411083,21114712
#2128784,334672538,21114712
#2128784,332513549,21114712
2128784,3.33543e+08,21114712,4.88999e+06
#2235223,354969812,21114712
#2235223,345391789,21114712
#2235223,357007189,21114712
#2235223,355459474,21114712
#2235223,358232457,21114712
2235223,3.54212e+08,21114712,9.11718e+06
#2346984,331937253,24633752
#2346984,339107681,24633752
#2346984,341016658,24633752
#2346984,341743076,24633752
#2346984,339857211,24633752
2346984,3.38732e+08,24633752,7.03489e+06
#2464333,373970019,24633752
#2464333,372181535,24633752
#2464333,374585478,24633752
#2464333,369203063,24633752
#2464333,373882646,24633752
2464333,3.72765e+08,24633752,3.90314e+06
#2587549,413801485,24633752
#2587549,410366690,24633752
#2587549,407679027,24633752
#2587549,404337166,24633752
#2587549,411633815,24633752
2587549,4.09564e+08,24633752,6.5579e+06
#2716926,443667929,28739296
#2716926,438268680,28739296
#2716926,442971833,28739296
#2716926,445141656,28739296
#2716926,442351533,28739296
2716926,4.4248e+08,28739296,4.60341e+06
#2852772,489444330,28739296
#2852772,484961426,28739296
#2852772,484894447,28739296
#2852772,484972556,28739296
#2852772,482503006,28739296
2852772,4.85355e+08,28739296,4.50509e+06
#2995410,527979793,28739296
#2995410,514694775,28739296
#2995410,526368709,28739296
#2995410,530126691,28739296
#2995410,528006542,28739296
2995410,5.25435e+08,28739296,1.10027e+07
#3145180,501644587,33529096
#3145180,496524553,33529096
#3145180,500778403,33529096
#3145180,499998873,33529096
#3145180,502146747,33529096
3145180,5.00219e+08,33529096,3.97581e+06
#3302439,548391616,33529096
#3302439,545655025,33529096
#3302439,550753625,33529096
#3302439,549983436,33529096
#3302439,543390842,33529096
3302439,5.47635e+08,33529096,5.49521e+06
#3467560,591507761,33529096
#3467560,588189225,33529096
#3467560,599698162,33529096
#3467560,567288905,33529096
#3467560,588851590,33529096
3467560,5.87107e+08,33529096,2.14453e+07
#3640938,659980231,33529096
#3640938,662184781,33529096
#3640938,664493959,33529096
#3640938,658776045,33529096
#3640938,662501403,33529096
3640938,6.61587e+08,33529096,4.01269e+06
#3822984,668119046,39117208
#3822984,669279759,39117208
#3822984,668045538,39117208
#3822984,669696845,39117208
#3822984,669792467,39117208
3822984,6.68987e+08,39117208,1.51738e+06
#4014133,747304077,39117208
#4014133,744780148,39117208
#4014133,730685063,39117208
#4014133,730665530,39117208
#4014133,737524616,39117208
4014133,7.38192e+08,39117208,1.3853e+07
#4214839,808267132,39117208
#4214839,804840581,39117208
#4214839,803937557,39117208
#4214839,804557317,39117208
#4214839,804894861,39117208
4214839,8.05299e+08,39117208,3.04459e+06
#4425580,804749535,45636664
#4425580,799480101,45636664
#4425580,803797097,45636664
#4425580,805707046,45636664
#4425580,802881342,45636664
4425580,8.03323e+08,45636664,4.28078e+06
#4646859,860576640,45636664
#4646859,857539388,45636664
#4646859,861479935,45636664
#4646859,858813298,45636664
#4646859,855278852,45636664
4646859,8.58738e+08,45636664,4.4097e+06
#4879201,948622257,45636664
#4879201,950946467,45636664
#4879201,905094085,45636664
#4879201,945127485,45636664
#4879201,949768306,45636664
4879201,9.39912e+08,45636664,3.50344e+07
#5123161,893510407,53242696
#5123161,902198149,53242696
#5123161,898209695,53242696
#5123161,905956355,53242696
#5123161,908023193,53242696
5123161,9.0158e+08,53242696,1.04891e+07
#5379319,951976920,53242696
#5379319,940376388,53242696
#5379319,921875842,53242696
#5379319,953544994,53242696
#5379319,950939064,53242696
5379319,9.43743e+08,53242696,2.37515e+07
#5648284,1048073451,53242696
#5648284,1043047394,53242696
#5648284,1046651908,53242696
#5648284,1047582468,53242696
#5648284,1005351470,53242696
5648284,1.03814e+09,53242696,3.29783e+07
#5930698,1107760568,62116408
#5930698,1097910097,62116408
#5930698,1099758837,62116408
#5930698,1090882862,62116408
#5930698,1091287559,62116408
5930698,1.09752e+09,62116408,1.24235e+07
#6227232,1198594595,62116408
#6227232,1168206303,62116408
#6227232,1177532117,62116408
#6227232,1214996008,62116408
#6227232,1223919103,62116408
6227232,1.19665e+09,62116408,4.25065e+07
#6538593,1307977359,62116408
#6538593,1305465316,62116408
#6538593,1303763143,62116408
#6538593,1307509387,62116408
#6538593,1307191510,62116408
6538593,1.30638e+09,62116408,3.12028e+06
#6865522,1228217786,72469064
#6865522,1175807825,72469064
#6865522,1227510409,72469064
#6865522,1231084398,72469064
#6865522,1226232123,72469064
6865522,1.21777e+09,72469064,4.20831e+07
#7208798,1375593724,72469064
#7208798,1367071511,72469064
#7208798,1378373484,72469064
#7208798,1358453762,72469064
#7208798,1367314364,72469064
7208798,1.36936e+09,72469064,1.40988e+07
#7569237,1474470949,72469064
#7569237,1466979370,72469064
#7569237,1471183456,72469064
#7569237,1471940630,72469064
#7569237,1471718597,72469064
7569237,1.47126e+09,72469064,4.84259e+06
#7947698,1486306946,84547168
#7947698,1499840853,84547168
#7947698,1503616517,84547168
#7947698,1503412013,84547168
#7947698,1500925030,84547168
7947698,1.49882e+09,84547168,1.28419e+07
#8345082,1650658809,84547168
#8345082,1629702599,84547168
#8345082,1627076117,84547168
#8345082,1646572470,84547168
#8345082,1651531462,84547168
8345082,1.64111e+09,84547168,2.11036e+07
#8762336,1792307938,84547168
#8762336,1770656276,84547168
#8762336,1785455663,84547168
#8762336,1781743525,84547168
#8762336,1741923689,84547168
8762336,1.77442e+09,84547168,3.53901e+07
#9200452,1942652976,84547168
#9200452,1931405325,84547168
#9200452,1941012603,84547168
#9200452,1945494101,84547168
#9200452,1930339583,84547168
9200452,1.93818e+09,84547168,-nan
#9660474,1923303370,98638280
#9660474,1856172111,98638280
#9660474,1882457556,98638280
#9660474,1877792507,98638280
#9660474,1925341057,98638280
9660474,1.89301e+09,98638280,5.41327e+07
