#1,297,32
#1,80,32
#1,25,32
#1,25,32
#1,26,32
1,90.6,32,210.7
#2,38,32
#2,35,32
#2,30,32
#2,32,32
#2,31,32
2,33.2,32,5.8515
#3,44,64
#3,33,64
#3,34,64
#3,34,64
#3,34,64
3,35.8,64,8.2365
#4,44,64
#4,46,64
#4,36,64
#4,35,64
#4,35,64
4,39.2,64,9.58332
#5,44,64
#5,48,64
#5,40,64
#5,40,64
#5,40,64
5,42.4,64,6.4
#6,48,64
#6,48,64
#6,46,64
#6,43,64
#6,41,64
6,45.2,64,5.57136
#7,66,128
#7,65,128
#7,44,128
#7,45,128
#7,45,128
7,53,128,20.4353
#8,100,128
#8,59,128
#8,47,128
#8,48,128
#8,49,128
8,60.6,128,40.3306
#9,69,128
#9,87,128
#9,65,128
#9,65,128
#9,67,128
9,70.6,128,16.6661
#10,77,128
#10,76,128
#10,55,128
#10,56,128
#10,56,128
10,64,128,20.4353
#11,139,128
#11,125,128
#11,101,128
#11,83,128
#11,83,128
11,106.2,128,45.0138
#12,87,128
#12,95,128
#12,61,128
#12,61,128
#12,60,128
12,72.8,128,30.1569
#13,111,128
#13,78,128
#13,61,128
#13,61,128
#13,63,128
13,74.8,128,38.375
#14,126,128
#14,93,128
#14,78,128
#14,80,128
#14,77,128
14,90.8,128,37.0384
#15,137,256
#15,128,256
#15,78,256
#15,79,256
#15,78,256
15,100,256,53.3816
#16,111,256
#16,100,256
#16,85,256
#16,84,256
#16,82,256
16,92.4,256,22.5779
#17,84,256
#17,106,256
#17,88,256
#17,90,256
#17,85,256
17,90.6,256,15.98
#18,136,256
#18,126,256
#18,105,256
#18,90,256
#18,90,256
18,109.4,256,37.4721
#19,86,256
#19,94,256
#19,87,256
#19,84,256
#19,85,256
19,87.2,256,7.08802
#20,89,256
#20,96,256
#20,90,256
#20,84,256
#20,83,256
20,88.4,256,9.34666
#21,113,256
#21,117,256
#21,112,256
#21,88,256
#21,91,256
21,104.2,256,24.3113
#22,116,256
#22,134,256
#22,129,256
#22,90,256
#22,92,256
22,112.2,256,36.582
#23,121,256
#23,136,256
#23,126,256
#23,97,256
#23,95,256
23,115,256,32.5208
#24,126,256
#24,136,256
#24,121,256
#24,112,256
#24,99,256
24,118.8,256,25.1523
#25,152,512
#25,152,512
#25,128,512
#25,103,512
#25,103,512
25,127.6,512,43.8288
#26,105,512
#26,129,512
#26,125,512
#26,123,512
#26,102,512
26,116.8,512,22.1414
#27,143,512
#27,147,512
#27,145,512
#27,111,512
#27,108,512
27,130.8,512,34.9262
#28,114,512
#28,134,512
#28,125,512
#28,123,512
#28,106,512
28,120.4,512,19.2083
#29,141,512
#29,140,512
#29,134,512
#29,112,512
#29,111,512
29,127.6,512,26.7313
#30,122,512
#30,135,512
#30,128,512
#30,112,512
#30,112,512
30,121.8,512,17.9956
#31,147,512
#31,154,512
#31,141,512
#31,118,512
#31,118,512
31,135.6,512,29.8958
#32,171,512
#32,166,512
#32,156,512
#32,133,512
#32,134,512
32,152,512,31.7238
#33,134,512
#33,158,512
#33,147,512
#33,137,512
#33,124,512
33,140,512,23.2207
#34,128,512
#34,130,512
#34,131,512
#34,125,512
#34,130,512
34,128.8,512,4.27083
#35,174,512
#35,169,512
#35,145,512
#35,133,512
#35,127,512
35,149.6,512,37.7274
#36,149,512
#36,139,512
#36,131,512
#36,132,512
#36,131,512
36,136.4,512,13.9485
#37,195,512
#37,184,512
#37,162,512
#37,147,512
#37,133,512
37,164.2,512,45.7366
#38,180,512
#38,182,512
#38,176,512
#38,156,512
#38,146,512
38,168,512,28.7333
#39,177,512
#39,181,512
#39,181,512
#39,151,512
#39,151,512
39,168.2,512,28.239
#40,166,512
#40,168,512
#40,164,512
#40,142,512
#40,142,512
40,156.4,512,23.6508
#42,179,512
#42,188,512
#42,182,512
#42,149,512
#42,153,512
42,170.2,512,31.985
#44,379,512
#44,357,512
#44,296,512
#44,203,512
#44,189,512
44,284.8,512,155.128
#46,255,512
#46,232,512
#46,217,512
#46,172,512
#46,174,512
46,210,512,65.103
#48,360,512
#48,354,512
#48,259,512
#48,202,512
#48,196,512
48,274.2,512,142.236
#50,184,1024
#50,191,1024
#50,201,1024
#50,178,1024
#50,179,1024
50,186.6,1024,17.0927
#52,212,1024
#52,210,1024
#52,200,1024
#52,182,1024
#52,178,1024
52,196.4,1024,28.1027
#54,183,1024
#54,198,1024
#54,197,1024
#54,195,1024
#54,186,1024
54,191.8,1024,12.2246
#56,223,1024
#56,222,1024
#56,199,1024
#56,195,1024
#56,191,1024
56,206,1024,27.4226
#58,232,1024
#58,235,1024
#58,224,1024
#58,203,1024
#58,204,1024
58,219.6,1024,27.2646
#60,230,1024
#60,246,1024
#60,233,1024
#60,235,1024
#60,211,1024
60,231,1024,22.7332
#63,283,1024
#63,293,1024
#63,244,1024
#63,211,1024
#63,212,1024
63,248.6,1024,68.8721
#66,326,1024
#66,331,1024
#66,291,1024
#66,238,1024
#66,228,1024
66,282.8,1024,86.1013
#69,295,1024
#69,314,1024
#69,293,1024
#69,260,1024
#69,238,1024
69,280,1024,54.5087
#72,360,1024
#72,357,1024
#72,290,1024
#72,268,1024
#72,259,1024
72,306.8,1024,86.823
#75,504,1024
#75,466,1024
#75,325,1024
#75,283,1024
#75,269,1024
75,369.4,1024,193.835
#78,415,1024
#78,416,1024
#78,347,1024
#78,303,1024
#78,295,1024
78,355.2,1024,104.647
#81,356,1024
#81,375,1024
#81,344,1024
#81,308,1024
#81,286,1024
81,333.8,1024,64.7753
#85,383,1024
#85,364,1024
#85,347,1024
#85,332,1024
#85,316,1024
85,348.4,1024,46.9996
#89,450,1024
#89,451,1024
#89,356,1024
#89,318,1024
#89,306,1024
89,376.2,1024,125.745
#93,1006,1024
#93,798,1024
#93,488,1024
#93,408,1024
#93,409,1024
93,621.8,1024,479.627
#97,388,2048
#97,380,2048
#97,367,2048
#97,338,2048
#97,333,2048
97,361.2,2048,44.1706
#101,383,2048
#101,395,2048
#101,371,2048
#101,364,2048
#101,344,2048
101,371.4,2048,34.6087
#106,437,2048
#106,421,2048
#106,368,2048
#106,341,2048
#106,348,2048
106,383,2048,77.8409
#111,445,2048
#111,460,2048
#111,420,2048
#111,401,2048
#111,373,2048
111,419.8,2048,61.9342
#116,438,2048
#116,442,2048
#116,400,2048
#116,382,2048
#116,378,2048
116,408,2048,54.3765
#121,486,2048
#121,477,2048
#121,462,2048
#121,428,2048
#121,407,2048
121,452,2048,59.8799
#127,517,2048
#127,516,2048
#127,468,2048
#127,426,2048
#127,421,2048
127,469.6,2048,83.2596
#133,575,2048
#133,558,2048
#133,494,2048
#133,456,2048
#133,458,2048
133,508.2,2048,99.5542
#139,542,2048
#139,549,2048
#139,518,2048
#139,486,2048
#139,471,2048
139,513.2,2048,61.0233
#145,843,2048
#145,788,2048
#145,504,2048
#145,486,2048
#145,489,2048
145,622,2048,318.127
#152,829,2048
#152,738,2048
#152,535,2048
#152,529,2048
#152,526,2048
152,631.4,2048,255.025
#159,667,2048
#159,641,2048
#159,545,2048
#159,508,2048
#159,506,2048
159,573.4,2048,135.52
#166,840,2048
#166,804,2048
#166,565,2048
#166,542,2048
#166,535,2048
166,657.2,2048,270.807
#174,1312,2048
#174,1095,2048
#174,685,2048
#174,619,2048
#174,604,2048
174,863,2048,575.309
#182,1973,2048
#182,1486,2048
#182,947,2048
#182,801,2048
#182,769,2048
182,1195.2,2048,933.03
#191,2036,2048
#191,1464,2048
#191,1030,2048
#191,896,2048
#191,795,2048
191,1244.2,2048,913.965
#200,826,4096
#200,796,4096
#200,729,4096
#200,670,4096
#200,669,4096
200,738,4096,128.293
#210,781,4096
#210,787,4096
#210,762,4096
#210,732,4096
#210,709,4096
210,754.2,4096,59.2675
#220,837,4096
#220,858,4096
#220,789,4096
#220,761,4096
#220,751,4096
220,799.2,4096,83.7749
#231,833,4096
#231,807,4096
#231,784,4096
#231,784,4096
#231,765,4096
231,794.6,4096,46.7264
#242,913,4096
#242,932,4096
#242,870,4096
#242,809,4096
#242,804,4096
242,865.6,4096,104.588
#254,1239,4096
#254,1150,4096
#254,874,4096
#254,886,4096
#254,874,4096
254,1004.6,4096,315.294
#266,1179,4096
#266,1155,4096
#266,908,4096
#266,918,4096
#266,914,4096
266,1014.8,4096,249.086
#279,1170,4096
#279,1145,4096
#279,1020,4096
#279,939,4096
#279,935,4096
279,1041.8,4096,199.067
#292,1559,4096
#292,1395,4096
#292,1082,4096
#292,1044,4096
#292,999,4096
292,1215.8,4096,442.103
#306,1236,4096
#306,1209,4096
#306,1103,4096
#306,1038,4096
#306,1028,4096
306,1122.8,4096,171.615
#321,1880,4096
#321,1566,4096
#321,1189,4096
#321,1143,4096
#321,1091,4096
321,1373.8,4096,607.009
#337,1932,4096
#337,1664,4096
#337,1295,4096
#337,1191,4096
#337,1160,4096
337,1448.4,4096,602.205
#353,2651,4096
#353,2093,4096
#353,1546,4096
#353,1378,4096
#353,1275,4096
353,1788.6,4096,1030.58
#370,3125,4096
#370,2328,4096
#370,1672,4096
#370,1529,4096
#370,1454,4096
370,2021.6,4096,1264.41
#388,1499,8192
#388,1483,8192
#388,1405,8192
#388,1337,8192
#388,1310,8192
388,1406.8,8192,151.136
#407,1480,8192
#407,1459,8192
#407,1371,8192
#407,1360,8192
#407,1359,8192
407,1405.8,8192,105.204
#427,1519,8192
#427,1532,8192
#427,1411,8192
#427,1379,8192
#427,1377,8192
427,1443.6,8192,136.151
#448,1747,8192
#448,1717,8192
#448,1585,8192
#448,1504,8192
#448,1493,8192
448,1609.2,8192,211.215
#470,2092,8192
#470,2010,8192
#470,1732,8192
#470,1692,8192
#470,1621,8192
470,1829.4,8192,372.42
#493,1942,8192
#493,1962,8192
#493,1747,8192
#493,1729,8192
#493,1659,8192
493,1807.8,8192,243.039
#517,2112,8192
#517,2038,8192
#517,1866,8192
#517,1757,8192
#517,1754,8192
517,1905.4,8192,292.251
#542,2116,8192
#542,2135,8192
#542,1952,8192
#542,1845,8192
#542,1808,8192
542,1971.2,8192,269.409
#569,2685,8192
#569,2472,8192
#569,2090,8192
#569,1994,8192
#569,1977,8192
569,2243.6,8192,568.485
#597,2858,8192
#597,2506,8192
#597,2045,8192
#597,2046,8192
#597,2024,8192
597,2295.8,8192,668.987
#626,3567,8192
#626,3018,8192
#626,2463,8192
#626,2351,8192
#626,2270,8192
626,2733.8,8192,983.858
#657,4195,8192
#657,3497,8192
#657,2666,8192
#657,2349,8192
#657,2247,8192
657,2990.8,8192,1490.5
#689,4304,8192
#689,3619,8192
#689,2820,8192
#689,2620,8192
#689,2477,8192
689,3168,8192,1383.56
#723,4379,8192
#723,3450,8192
#723,2781,8192
#723,2652,8192
#723,2533,8192
723,3159,8192,1375.47
#759,7245,8192
#759,5710,8192
#759,4439,8192
#759,3787,8192
#759,3474,8192
759,4931,8192,2776.34
#796,3087,16384
#796,3001,16384
#796,2804,16384
#796,2737,16384
#796,2730,16384
796,2871.8,16384,291.038
#835,3165,16384
#835,3153,16384
#835,2948,16384
#835,2841,16384
#835,2783,16384
835,2978,16384,314.055
#876,3146,16384
#876,3179,16384
#876,3007,16384
#876,2968,16384
#876,2974,16384
876,3054.8,16384,179.088
#919,3283,16384
#919,3233,16384
#919,3168,16384
#919,3137,16384
#919,3124,16384
919,3189,16384,120.472
#964,3640,16384
#964,3657,16384
#964,3362,16384
#964,3222,16384
#964,3220,16384
964,3420.2,16384,386.923
#1012,4184,16384
#1012,4132,16384
#1012,3685,16384
#1012,3594,16384
#1012,3529,16384
1012,3824.8,16384,554.045
#1062,4590,16384
#1062,4280,16384
#1062,3775,16384
#1062,3689,16384
#1062,3612,16384
1062,3989.2,16384,760.95
#1115,4431,16384
#1115,4374,16384
#1115,4027,16384
#1115,3876,16384
#1115,3842,16384
1115,4110,16384,494.939
#1170,5514,16384
#1170,4907,16384
#1170,4367,16384
#1170,4255,16384
#1170,3993,16384
1170,4607.2,16384,1084.86
#1228,6109,16384
#1228,5391,16384
#1228,4707,16384
#1228,4524,16384
#1228,4246,16384
1228,4995.4,16384,1345.69
#1289,6680,16384
#1289,5948,16384
#1289,5005,16384
#1289,4729,16384
#1289,4497,16384
1289,5371.8,16384,1638.63
#1353,8250,16384
#1353,6945,16384
#1353,5783,16384
#1353,5274,16384
#1353,5060,16384
1353,6262.4,16384,2378.07
#1420,9533,16384
#1420,8201,16384
#1420,6677,16384
#1420,5906,16384
#1420,5547,16384
1420,7172.8,16384,2982.83
#1491,11900,16384
#1491,10956,16384
#1491,9074,16384
#1491,7884,16384
#1491,7105,16384
1491,9383.8,16384,3615.67
#1565,5633,32768
#1565,5588,32768
#1565,5408,32768
#1565,5292,32768
#1565,5306,32768
1565,5445.4,32768,282.689
#1643,5916,32768
#1643,5795,32768
#1643,5658,32768
#1643,5587,32768
#1643,5567,32768
1643,5704.6,32768,265.024
#1725,6508,32768
#1725,6511,32768
#1725,6262,32768
#1725,6111,32768
#1725,6092,32768
1725,6296.8,32768,366.784
#1811,6489,32768
#1811,6515,32768
#1811,6366,32768
#1811,6252,32768
#1811,6217,32768
1811,6367.8,32768,240.85
#1901,7211,32768
#1901,7281,32768
#1901,6985,32768
#1901,6831,32768
#1901,6795,32768
1901,7020.6,32768,392.093
#1996,7859,32768
#1996,7934,32768
#1996,7396,32768
#1996,7193,32768
#1996,7110,32768
1996,7498.4,32768,677.873
#2095,8833,32768
#2095,8648,32768
#2095,7951,32768
#2095,7679,32768
#2095,7416,32768
2095,8105.4,32768,1097.18
#2199,8798,32768
#2199,8837,32768
#2199,8293,32768
#2199,7975,32768
#2199,8008,32768
2199,8382.2,32768,744.863
#2308,9712,32768
#2308,9437,32768
#2308,8653,32768
#2308,8354,32768
#2308,8123,32768
2308,8855.8,32768,1233.14
#2423,11223,32768
#2423,10555,32768
#2423,9627,32768
#2423,8984,32768
#2423,8686,32768
2423,9815,32768,1903.81
#2544,12371,32768
#2544,11613,32768
#2544,10575,32768
#2544,9817,32768
#2544,9401,32768
2544,10755.4,32768,2207.84
#2671,16058,32768
#2671,15312,32768
#2671,13295,32768
#2671,12263,32768
#2671,11205,32768
2671,13626.6,32768,3642.61
#2804,18531,32768
#2804,17445,32768
#2804,15171,32768
#2804,14229,32768
#2804,13070,32768
2804,15689.2,32768,4041.74
#2944,23519,32768
#2944,22688,32768
#2944,20212,32768
#2944,18862,32768
#2944,17372,32768
2944,20530.6,32768,4599.77
#3091,11510,65536
#3091,11537,65536
#3091,11208,65536
#3091,11085,65536
#3091,11035,65536
3091,11275,65536,421.481
#3245,11996,65536
#3245,12079,65536
#3245,11893,65536
#3245,11854,65536
#3245,11948,65536
3245,11954,65536,157.851
#3407,13039,65536
#3407,13116,65536
#3407,12612,65536
#3407,12502,65536
#3407,12435,65536
3407,12740.8,65536,563.437
#3577,14046,65536
#3577,14159,65536
#3577,13566,65536
#3577,13385,65536
#3577,13375,65536
3577,13706.2,65536,665.138
#3755,14789,65536
#3755,14772,65536
#3755,14374,65536
#3755,13953,65536
#3755,13959,65536
3755,14369.4,65536,737.558
#3942,16853,65536
#3942,16873,65536
#3942,15970,65536
#3942,15699,65536
#3942,15643,65536
3942,16207.6,65536,1092.96
#4139,18227,65536
#4139,18210,65536
#4139,16933,65536
#4139,16344,65536
#4139,16152,65536
4139,17173.2,65536,1782.93
#4345,20710,65536
#4345,20229,65536
#4345,18987,65536
#4345,32094,65536
#4345,18586,65536
4345,22121.2,65536,10093.5
#4562,21106,65536
#4562,21089,65536
#4562,19599,65536
#4562,19066,65536
#4562,18841,65536
4562,19940.2,65536,1952.99
#4790,23351,65536
#4790,23035,65536
#4790,21567,65536
#4790,20338,65536
#4790,19825,65536
4790,21623.2,65536,2809.54
#5029,26714,65536
#5029,26458,65536
#5029,24231,65536
#5029,22752,65536
#5029,22235,65536
5029,24478,65536,3686.87
#5280,30750,65536
#5280,30445,65536
#5280,27927,65536
#5280,25921,65536
#5280,25302,65536
5280,28069,65536,4483.17
#5544,39585,65536
#5544,39120,65536
#5544,36171,65536
#5544,33914,65536
#5544,32894,65536
5544,36336.8,65536,5370.09
#5821,49120,65536
#5821,48442,65536
#5821,44816,65536
#5821,42936,65536
#5821,41054,65536
5821,45273.6,65536,6216.9
#6112,67175,65536
#6112,65894,65536
#6112,63385,65536
#6112,61002,65536
#6112,60002,65536
6112,63491.6,65536,5493.69
#6417,26547,131072
#6417,26606,131072
#6417,26135,131072
#6417,25663,131072
#6417,25606,131072
6417,26111.4,131072,844.476
#6737,28736,131072
#6737,28799,131072
#6737,28472,131072
#6737,28424,131072
#6737,28366,131072
6737,28559.4,131072,348.679
#7073,29886,131072
#7073,29915,131072
#7073,29390,131072
#7073,29111,131072
#7073,28940,131072
7073,29448.4,131072,792.429
#7426,33951,131072
#7426,31614,131072
#7426,31167,131072
#7426,30983,131072
#7426,30932,131072
7426,31729.4,131072,2272.99
#7797,35317,131072
#7797,35391,131072
#7797,34164,131072
#7797,33664,131072
#7797,33578,131072
7797,34422.8,131072,1573.14
#8186,37749,131072
#8186,37887,131072
#8186,36696,131072
#8186,36395,131072
#8186,36273,131072
8186,37000,131072,1366.67
#8595,39959,131072
#8595,39868,131072
#8595,38539,131072
#8595,37856,131072
#8595,37731,131072
8595,38790.6,131072,1915.3
#9024,45745,131072
#9024,45779,131072
#9024,43645,131072
#9024,42651,131072
#9024,55163,131072
9024,46596.6,131072,8901.98
#9475,49876,131072
#9475,49524,131072
#9475,47548,131072
#9475,46507,131072
#9475,46043,131072
9475,47899.6,131072,3105.45
#9948,56663,131072
#9948,56529,131072
#9948,54146,131072
#9948,52617,131072
#9948,51828,131072
9948,54356.6,131072,3950.01
#10445,66877,131072
#10445,66878,131072
#10445,64573,131072
#10445,62628,131072
#10445,61824,131072
10445,64556,131072,4191.42
#10967,77821,131072
#10967,77420,131072
#10967,75022,131072
#10967,73501,131072
#10967,72879,131072
10967,75328.6,131072,4002.07
#11515,96163,131072
#11515,109476,131072
#11515,96192,131072
#11515,94797,131072
#11515,93699,131072
11515,98065.4,131072,11561.3
#12090,122866,131072
#12090,122539,131072
#12090,120735,131072
#12090,119679,131072
#12090,118676,131072
12090,120899,131072,3226.85
#12694,57561,262144
#12694,57666,262144
#12694,57256,262144
#12694,57115,262144
#12694,57143,262144
12694,57348.2,262144,448.349
#13328,76377,262144
#13328,61673,262144
#13328,61121,262144
#13328,60618,262144
#13328,60714,262144
13328,64100.6,262144,12298.9
#13994,67316,262144
#13994,67217,262144
#13994,66546,262144
#13994,66250,262144
#13994,66080,262144
13994,66681.8,262144,1002.28
#14693,69627,262144
#14693,69660,262144
#14693,69085,262144
#14693,69115,262144
#14693,68801,262144
14693,69257.6,262144,667.527
#15427,74451,262144
#15427,74392,262144
#15427,73637,262144
#15427,73337,262144
#15427,73314,262144
15427,73826.2,262144,999.186
#16198,79715,262144
#16198,79975,262144
#16198,78985,262144
#16198,78201,262144
#16198,78137,262144
16198,79002.6,262144,1508.7
#17007,87163,262144
#17007,87260,262144
#17007,86102,262144
#17007,85209,262144
#17007,85083,262144
17007,86163.4,262144,1851.19
#17857,94618,262144
#17857,94878,262144
#17857,93139,262144
#17857,92377,262144
#17857,92118,262144
17857,93426,262144,2266.77
#18749,104116,262144
#18749,104031,262144
#18749,102618,262144
#18749,102059,262144
#18749,101721,262144
18749,102909,262144,1986.81
#19686,121277,262144
#19686,120783,262144
#19686,119584,262144
#19686,119023,262144
#19686,118385,262144
19686,119810,262144,2154.04
#20670,136268,262144
#20670,136328,262144
#20670,135209,262144
#20670,134472,262144
#20670,134319,262144
20670,135319,262144,1708.38
#21703,157904,262144
#21703,157108,262144
#21703,156266,262144
#21703,156004,262144
#21703,155229,262144
21703,156502,262144,1845.44
#22788,210784,262144
#22788,210641,262144
#22788,210699,262144
#22788,209569,262144
#22788,209698,262144
22788,210278,262144,1059.86
#23927,260572,262144
#23927,260522,262144
#23927,258971,262144
#23927,259049,262144
#23927,258844,262144
23927,259592,262144,1565.96
#25123,128421,524288
#25123,128591,524288
#25123,127824,524288
#25123,127870,524288
#25123,127857,524288
25123,128113,524288,652.045
#26379,135447,524288
#26379,135172,524288
#26379,134804,524288
#26379,134407,524288
#26379,134291,524288
26379,134824,524288,879.823
#27697,151832,524288
#27697,149219,524288
#27697,148518,524288
#27697,147973,524288
#27697,148206,524288
27697,149150,524288,2810.52
#29081,155414,524288
#29081,155393,524288
#29081,154256,524288
#29081,154237,524288
#29081,153949,524288
29081,154650,524288,1249.94
#30535,165193,524288
#30535,165197,524288
#30535,164345,524288
#30535,164416,524288
#30535,164512,524288
30535,164733,524288,762.506
#32061,177774,524288
#32061,177381,524288
#32061,176446,524288
#32061,175741,524288
#32061,175813,524288
32061,176631,524288,1640.58
#33664,189764,524288
#33664,203783,524288
#33664,193778,524288
#33664,193369,524288
#33664,193616,524288
33664,194862,524288,9403.42
#35347,212176,524288
#35347,212103,524288
#35347,211037,524288
#35347,211035,524288
#35347,211042,524288
35347,211479,524288,1080.24
#37114,229647,524288
#37114,239752,524288
#37114,228587,524288
#37114,228412,524288
#37114,228190,524288
37114,230918,524288,8890.92
#38969,261757,524288
#38969,281046,524288
#38969,268203,524288
#38969,267633,524288
#38969,270109,524288
38969,269750,524288,12601.3
#40917,288665,524288
#40917,288077,524288
#40917,307331,524288
#40917,295141,524288
#40917,294900,524288
40917,294823,524288,13856
#42962,346539,524288
#42962,345521,524288
#42962,345307,524288
#42962,344438,524288
#42962,344508,524288
42962,345263,524288,1535.53
#45110,422573,524288
#45110,422903,524288
#45110,422976,524288
#45110,421878,524288
#45110,424826,524288
45110,423031,524288,1955.63
#47365,570766,524288
#47365,561436,524288
#47365,562309,524288
#47365,561448,524288
#47365,592773,524288
47365,569746,524288,24075
#49733,279034,1048576
#49733,269208,1048576
#49733,267183,1048576
#49733,266936,1048576
#49733,266733,1048576
49733,269819,1048576,9383.95
#52219,283532,1048576
#52219,286069,1048576
#52219,282704,1048576
#52219,282372,1048576
#52219,282412,1048576
52219,283418,1048576,2779.46
#54829,302922,1048576
#54829,303211,1048576
#54829,301918,1048576
#54829,301760,1048576
#54829,301761,1048576
54829,302314,1048576,1247.02
#57570,320466,1048576
#57570,320053,1048576
#57570,319549,1048576
#57570,319172,1048576
#57570,318801,1048576
57570,319608,1048576,1192.98
#60448,352061,1048576
#60448,343602,1048576
#60448,340429,1048576
#60448,340212,1048576
#60448,340033,1048576
60448,343267,1048576,9177.92
#63470,370983,1048576
#63470,527824,1048576
#63470,525104,1048576
#63470,363785,1048576
#63470,362895,1048576
63470,430118,1048576,157441
#66643,402785,1048576
#66643,396855,1048576
#66643,396368,1048576
#66643,396468,1048576
#66643,396294,1048576
66643,397754,1048576,5045.83
#69975,433856,1048576
#69975,432085,1048576
#69975,430927,1048576
#69975,430715,1048576
#69975,430894,1048576
69975,431695,1048576,2368.77
#73473,476797,1048576
#73473,475241,1048576
#73473,474927,1048576
#73473,478456,1048576
#73473,474235,1048576
73473,475931,1048576,3031.32
#77146,531156,1048576
#77146,529239,1048576
#77146,529073,1048576
#77146,528325,1048576
#77146,528643,1048576
77146,529287,1048576,1976.15
#81003,614049,1048576
#81003,619671,1048576
#81003,615097,1048576
#81003,611487,1048576
#81003,611359,1048576
81003,614333,1048576,6073.09
#85053,717355,1048576
#85053,717787,1048576
#85053,711923,1048576
#85053,712596,1048576
#85053,711971,1048576
85053,714326,1048576,5326.66
#89305,966795,1048576
#89305,854827,1048576
#89305,853699,1048576
#89305,852103,1048576
#89305,894148,1048576
89305,884314,1048576,88291
#93770,1086893,1048576
#93770,1081007,1048576
#93770,1079625,1048576
#93770,1078386,1048576
#93770,1093020,1048576
93770,1.08379e+06,1048576,10922.2
#98458,774478,2097152
#98458,668627,2097152
#98458,534300,2097152
#98458,533949,2097152
#98458,533336,2097152
98458,608938,2097152,195706
#103380,582283,2097152
#103380,583932,2097152
#103380,576193,2097152
#103380,575900,2097152
#103380,575324,2097152
103380,578726,2097152,7251.52
#108549,616614,2097152
#108549,623201,2097152
#108549,613499,2097152
#108549,612651,2097152
#108549,613014,2097152
108549,615796,2097152,7920.1
#113976,646479,2097152
#113976,676071,2097152
#113976,670357,2097152
#113976,642723,2097152
#113976,646350,2097152
113976,656396,2097152,27831.4
#119674,714039,2097152
#119674,700837,2097152
#119674,688400,2097152
#119674,687496,2097152
#119674,687931,2097152
119674,695741,2097152,20854.8
#125657,740668,2097152
#125657,732105,2097152
#125657,726702,2097152
#125657,725118,2097152
#125657,743121,2097152
125657,733543,2097152,14487.3
#131939,820515,2097152
#131939,807109,2097152
#131939,790378,2097152
#131939,825898,2097152
#131939,825661,2097152
131939,813912,2097152,27209.3
#138535,926830,2097152
#138535,895673,2097152
#138535,947482,2097152
#138535,1134462,2097152
#138535,867697,2097152
138535,954429,2097152,188035
#145461,1024589,2097152
#145461,992612,2097152
#145461,954649,2097152
#145461,950659,2097152
#145461,950720,2097152
145461,974646,2097152,59091.7
#152734,1100611,2097152
#152734,1085230,2097152
#152734,1051167,2097152
#152734,1048924,2097152
#152734,1054608,2097152
152734,1.06811e+06,2097152,41827.1
#160370,1235863,2097152
#160370,1234167,2097152
#160370,1199861,2097152
#160370,1195012,2097152
#160370,1195786,2097152
160370,1.21214e+06,2097152,37518.7
#168388,1413548,2097152
#168388,1407723,2097152
#168388,1440802,2097152
#168388,1374205,2097152
#168388,1411813,2097152
168388,1.40962e+06,2097152,42430
#176807,1705303,2097152
#176807,1754685,2097152
#176807,1670290,2097152
#176807,1659143,2097152
#176807,1661647,2097152
176807,1.69021e+06,2097152,72457.6
#185647,2150683,2097152
#185647,2140374,2097152
#185647,2084933,2097152
#185647,2087943,2097152
#185647,2108537,2097152
185647,2.11449e+06,2097152,53618.7
#194929,2831581,2097152
#194929,2772944,2097152
#194929,2709577,2097152
#194929,2694155,2097152
#194929,2698465,2097152
194929,2.74134e+06,2097152,106643
#204675,1323432,4194304
#204675,1171161,4194304
#204675,1125992,4194304
#204675,1114568,4194304
#204675,1111291,4194304
204675,1.16929e+06,4194304,159991
#214908,1425908,4194304
#214908,1216008,4194304
#214908,1228855,4194304
#214908,1262907,4194304
#214908,1250978,4194304
214908,1.27693e+06,4194304,152545
#225653,1421584,4194304
#225653,1310446,4194304
#225653,1278232,4194304
#225653,1262148,4194304
#225653,1262623,4194304
225653,1.30701e+06,4194304,119833
#236935,1501268,4194304
#236935,1417063,4194304
#236935,1382798,4194304
#236935,1370865,4194304
#236935,1370163,4194304
236935,1.40843e+06,4194304,98897.6
#248781,1528209,4194304
#248781,1526284,4194304
#248781,1458166,4194304
#248781,1446942,4194304
#248781,1446853,4194304
248781,1.48129e+06,4194304,75505
#261220,1626839,4194304
#261220,1582508,4194304
#261220,1535333,4194304
#261220,1582810,4194304
#261220,1597143,4194304
261220,1.58493e+06,4194304,59165.8
#274281,1794857,4194304
#274281,1755933,4194304
#274281,1700255,4194304
#274281,1693988,4194304
#274281,1685155,4194304
274281,1.72604e+06,4194304,84820.5
#287995,1905861,4194304
#287995,1875784,4194304
#287995,1926198,4194304
#287995,1864320,4194304
#287995,1862507,4194304
287995,1.88693e+06,4194304,50058.3
#302394,2095135,4194304
#302394,2071899,4194304
#302394,2075048,4194304
#302394,2057501,4194304
#302394,2107772,4194304
302394,2.08147e+06,4194304,35618.9
#317513,2376754,4194304
#317513,2401206,4194304
#317513,2341137,4194304
#317513,2345690,4194304
#317513,2349202,4194304
317513,2.3628e+06,4194304,45753.1
#333388,2682311,4194304
#333388,2750343,4194304
#333388,2726282,4194304
#333388,2703792,4194304
#333388,2694536,4194304
333388,2.71145e+06,4194304,48385.6
#350057,3251431,4194304
#350057,3319965,4194304
#350057,3225683,4194304
#350057,3252867,4194304
#350057,3231563,4194304
350057,3.2563e+06,4194304,67159.8
#367559,3993451,4194304
#367559,3987205,4194304
#367559,3998261,4194304
#367559,3935021,4194304
#367559,4016038,4194304
367559,3.986e+06,4194304,54467.9
#385936,5357463,4194304
#385936,5256516,4194304
#385936,5334759,4194304
#385936,5258839,4194304
#385936,5247342,4194304
385936,5.29098e+06,4194304,91484.1
#405232,4929101,8388608
#405232,4636145,8388608
#405232,4778285,8388608
#405232,4694780,8388608
#405232,4685281,8388608
405232,4.74472e+06,8388608,205793
#425493,5409674,8388608
#425493,5201519,8388608
#425493,5331812,8388608
#425493,5530861,8388608
#425493,5659280,8388608
425493,5.42663e+06,8388608,316156
#446767,5602797,8388608
#446767,5542035,8388608
#446767,5467474,8388608
#446767,5436969,8388608
#446767,5452773,8388608
446767,5.50041e+06,8388608,125202
#469105,6028660,8388608
#469105,5838606,8388608
#469105,5893263,8388608
#469105,5804840,8388608
#469105,5849486,8388608
469105,5.88297e+06,8388608,156269
#492560,5746643,8388608
#492560,5761808,8388608
#492560,5680025,8388608
#492560,6181409,8388608
#492560,5886565,8388608
492560,5.85129e+06,8388608,356104
#517188,6338353,8388608
#517188,6554162,8388608
#517188,6272285,8388608
#517188,6252948,8388608
#517188,6633334,8388608
517188,6.41022e+06,8388608,309095
#543047,6735434,8388608
#543047,6850131,8388608
#543047,6834400,8388608
#543047,6691486,8388608
#543047,6766396,8388608
543047,6.77557e+06,8388608,119283
#570199,7042250,8388608
#570199,7052513,8388608
#570199,7064680,8388608
#570199,7098650,8388608
#570199,7094207,8388608
570199,7.07046e+06,8388608,44809.9
#598708,7960092,8388608
#598708,8859010,8388608
#598708,8052902,8388608
#598708,7821647,8388608
#598708,7853859,8388608
598708,8.1095e+06,8388608,767074
#628643,8554875,8388608
#628643,8285419,8388608
#628643,8330823,8388608
#628643,8642827,8388608
#628643,8392165,8388608
628643,8.44122e+06,8388608,271927
#660075,9176438,8388608
#660075,9270688,8388608
#660075,9325371,8388608
#660075,9141177,8388608
#660075,9236621,8388608
660075,9.23006e+06,8388608,131311
#693078,10205856,8388608
#693078,10450615,8388608
#693078,10842528,8388608
#693078,10708358,8388608
#693078,10350186,8388608
693078,1.05115e+07,8388608,466030
#727731,12057610,8388608
#727731,12291265,8388608
#727731,12279362,8388608
#727731,12225034,8388608
#727731,12114699,8388608
727731,1.21936e+07,8388608,184608
#764117,14500839,8388608
#764117,14489579,8388608
#764117,14605819,8388608
#764117,14750339,8388608
#764117,14553389,8388608
764117,1.458e+07,8388608,189383
#802322,16013632,16777216
#802322,15977080,16777216
#802322,15956400,16777216
#802322,15848654,16777216
#802322,16042465,16777216
802322,1.59676e+07,16777216,132928
#842438,16882817,16777216
#842438,16716068,16777216
#842438,16707599,16777216
#842438,16699139,16777216
#842438,16713791,16777216
842438,1.67439e+07,16777216,139429
#884559,17709001,16777216
#884559,17644278,16777216
#884559,17679825,16777216
#884559,17731217,16777216
#884559,17573448,16777216
884559,1.76676e+07,16777216,110704
#928786,18746174,16777216
#928786,18617270,16777216
#928786,19611317,16777216
#928786,18615745,16777216
#928786,18960296,16777216
928786,1.89102e+07,16777216,744844
#975225,19863677,16777216
#975225,19725054,16777216
#975225,19678786,16777216
#975225,19921251,16777216
#975225,19657537,16777216
975225,1.97693e+07,16777216,209070
#1023986,20903995,16777216
#1023986,20885991,16777216
#1023986,21419239,16777216
#1023986,20980571,16777216
#1023986,20915678,16777216
1023986,2.10211e+07,16777216,403226
#1075185,22717514,16777216
#1075185,22674150,16777216
#1075185,22486565,16777216
#1075185,22469907,16777216
#1075185,22414289,16777216
1075185,2.25525e+07,16777216,240499
#1128944,23706665,16777216
#1128944,23959425,16777216
#1128944,23882338,16777216
#1128944,23530399,16777216
#1128944,23691315,16777216
1128944,2.3754e+07,16777216,303101
#1185391,25689159,16777216
#1185391,25503366,16777216
#1185391,25177911,16777216
#1185391,25262651,16777216
#1185391,25241743,16777216
1185391,2.5375e+07,16777216,384081
#1244660,28048663,16777216
#1244660,28061387,16777216
#1244660,27966610,16777216
#1244660,27955469,16777216
#1244660,27948069,16777216
1244660,2.7996e+07,16777216,97376.6
#1306893,30941320,16777216
#1306893,30338047,16777216
#1306893,30031973,16777216
#1306893,30030803,16777216
#1306893,30139720,16777216
1306893,3.02964e+07,16777216,682741
#1372237,33709171,16777216
#1372237,33522544,16777216
#1372237,33822989,16777216
#1372237,34073326,16777216
#1372237,33583835,16777216
1372237,3.37424e+07,16777216,390477
#1440848,39869062,16777216
#1440848,40355887,16777216
#1440848,40298093,16777216
#1440848,39862640,16777216
#1440848,40078242,16777216
1440848,4.00928e+07,16777216,414347
#1512890,47775027,16777216
#1512890,48821335,16777216
#1512890,47616215,16777216
#1512890,47630806,16777216
#1512890,47176683,16777216
1512890,4.7804e+07,16777216,1.09347e+06
#1588534,38734326,33554432
#1588534,38336380,33554432
#1588534,44095609,33554432
#1588534,45784737,33554432
#1588534,45302959,33554432
1588534,4.24508e+07,33554432,6.49283e+06
#1667960,46839550,33554432
#1667960,45478172,33554432
#1667960,46579048,33554432
#1667960,48046829,33554432
#1667960,46227750,33554432
1667960,4.66343e+07,33554432,1.68341e+06
#1751358,52646981,33554432
#1751358,79880874,33554432
#1751358,63351837,33554432
#1751358,57485964,33554432
#1751358,51409784,33554432
1751358,6.09551e+07,33554432,2.07095e+07
#1838925,48913250,33554432
#1838925,48787641,33554432
#1838925,48861344,33554432
#1838925,48303774,33554432
#1838925,50301018,33554432
1838925,4.90334e+07,33554432,1.33975e+06
#1930871,45355577,33554432
#1930871,45069734,33554432
#1930871,44953137,33554432
#1930871,44766016,33554432
#1930871,44606299,33554432
1930871,4.49502e+07,33554432,514447
#2027414,48207361,33554432
#2027414,47606251,33554432
#2027414,47431127,33554432
#2027414,47084842,33554432
#2027414,46617505,33554432
2027414,4.73894e+07,33554432,1.06072e+06
#2128784,50025071,33554432
#2128784,49628367,33554432
#2128784,49647750,33554432
#2128784,49526541,33554432
#2128784,50596414,33554432
2128784,4.98848e+07,33554432,788097
#2235223,53365158,33554432
#2235223,53383029,33554432
#2235223,53454326,33554432
#2235223,52972471,33554432
#2235223,52925072,33554432
2235223,5.322e+07,33554432,447938
#2346984,57436605,33554432
#2346984,56904833,33554432
#2346984,56976261,33554432
#2346984,56949785,33554432
#2346984,57377608,33554432
2346984,5.7129e+07,33554432,457930
#2464333,62485401,33554432
#2464333,62281576,33554432
#2464333,62154893,33554432
#2464333,62098547,33554432
#2464333,62306532,33554432
2464333,6.22654e+07,33554432,268932
#2587549,70497457,33554432
#2587549,69567546,33554432
#2587549,69260891,33554432
#2587549,83670290,33554432
#2587549,155898512,33554432
2587549,8.97789e+07,33554432,6.69948e+07
#2716926,78633438,33554432
#2716926,78378302,33554432
#2716926,77833988,33554432
#2716926,77521952,33554432
#2716926,78130636,33554432
2716926,7.80997e+07,33554432,783759
#2852772,89158774,33554432
#2852772,89699353,33554432
#2852772,89672311,33554432
#2852772,88538361,33554432
#2852772,88796742,33554432
2852772,8.91731e+07,33554432,925591
#2995410,105403881,33554432
#2995410,105951315,33554432
#2995410,105624887,33554432
#2995410,105198692,33554432
#2995410,105837931,33554432
2995410,1.05603e+08,33554432,551440
#3145180,131852796,33554432
#3145180,132275333,33554432
#3145180,133155817,33554432
#3145180,132091574,33554432
#3145180,133108590,33554432
3145180,1.32497e+08,33554432,1.07204e+06
#3302439,79556219,67108864
#3302439,79135406,67108864
#3302439,79067153,67108864
#3302439,79116005,67108864
#3302439,78518141,67108864
3302439,7.90786e+07,67108864,661508
#3467560,86984493,67108864
#3467560,83134602,67108864
#3467560,82859152,67108864
#3467560,82944051,67108864
#3467560,84866060,67108864
3467560,8.41577e+07,67108864,3.18728e+06
#3640938,88222908,67108864
#3640938,87483572,67108864
#3640938,87438075,67108864
#3640938,87702649,67108864
#3640938,87677202,67108864
3640938,8.77049e+07,67108864,558058
#3822984,92724540,67108864
#3822984,92486961,67108864
#3822984,92465835,67108864
#3822984,92493647,67108864
#3822984,92837583,67108864
3822984,9.26017e+07,67108864,302033
#4014133,98257289,67108864
#4014133,97800161,67108864
#4014133,97950458,67108864
#4014133,98374129,67108864
#4014133,98131084,67108864
4014133,9.81026e+07,67108864,412877
#4214839,104392544,67108864
#4214839,104618178,67108864
#4214839,104669435,67108864
#4214839,104713933,67108864
#4214839,105951146,67108864
4214839,1.04869e+08,67108864,1.10448e+06
#4425580,111904254,67108864
#4425580,112123567,67108864
#4425580,113047910,67108864
#4425580,111840836,67108864
#4425580,111581832,67108864
4425580,1.121e+08,67108864,1.00919e+06
#4646859,120440910,67108864
#4646859,120829192,67108864
#4646859,120907964,67108864
#4646859,120679819,67108864
#4646859,120855706,67108864
4646859,1.20743e+08,67108864,337751
#4879201,132024151,67108864
#4879201,131316792,67108864
#4879201,131762552,67108864
#4879201,131273816,67108864
#4879201,131628232,67108864
4879201,1.31601e+08,67108864,561228
#5123161,144969446,67108864
#5123161,150866494,67108864
#5123161,146469898,67108864
#5123161,145663630,67108864
#5123161,145301874,67108864
5123161,1.46654e+08,67108864,4.32905e+06
#5379319,163371954,67108864
#5379319,162527873,67108864
#5379319,162239658,67108864
#5379319,162203120,67108864
#5379319,163029674,67108864
5379319,1.62674e+08,67108864,914495
#5648284,185108453,67108864
#5648284,185832730,67108864
#5648284,187897308,67108864
#5648284,186718948,67108864
#5648284,186206936,67108864
5648284,1.86353e+08,67108864,1.86756e+06
#5930698,221896918,67108864
#5930698,220110179,67108864
#5930698,219895354,67108864
#5930698,220361413,67108864
#5930698,220099260,67108864
5930698,2.20473e+08,67108864,1.45464e+06
#6227232,271896250,67108864
#6227232,277387456,67108864
#6227232,282084760,67108864
#6227232,275602094,67108864
#6227232,281601074,67108864
6227232,2.77714e+08,67108864,7.62238e+06
#6538593,161173567,134217728
#6538593,161109862,134217728
#6538593,161994140,134217728
#6538593,160794524,134217728
#6538593,161959259,134217728
6538593,1.61406e+08,134217728,966490
#6865522,173048238,134217728
#6865522,172357651,134217728
#6865522,172202706,134217728
#6865522,173378177,134217728
#6865522,172657525,134217728
6865522,1.72729e+08,134217728,868718
#7208798,179299847,134217728
#7208798,179144039,134217728
#7208798,178463262,134217728
#7208798,179644108,134217728
#7208798,179884029,134217728
7208798,1.79287e+08,134217728,972879
#7569237,194981820,134217728
#7569237,192074943,134217728
#7569237,192858357,134217728
#7569237,193552561,134217728
#7569237,192151098,134217728
7569237,1.93124e+08,134217728,2.14528e+06
#7947698,221784238,134217728
#7947698,212182906,134217728
#7947698,207394216,134217728
#7947698,203659977,134217728
#7947698,201412405,134217728
7947698,2.09287e+08,134217728,1.44727e+07
#8345082,218757576,134217728
#8345082,213696060,134217728
#8345082,212985694,134217728
#8345082,213121528,134217728
#8345082,217018567,134217728
8345082,2.15116e+08,134217728,4.68301e+06
#8762336,228854147,134217728
#8762336,229464624,134217728
#8762336,230654929,134217728
#8762336,229897579,134217728
#8762336,229195042,134217728
8762336,2.29613e+08,134217728,1.24552e+06
#9200452,247896202,134217728
#9200452,246747738,134217728
#9200452,245903365,134217728
#9200452,246131828,134217728
#9200452,245552610,134217728
9200452,2.46446e+08,134217728,1.64571e+06
#9660474,266152386,134217728
#9660474,268689291,134217728
#9660474,268646287,134217728
#9660474,267094307,134217728
#9660474,267842234,134217728
9660474,2.67685e+08,134217728,1.92981e+06
