#1,213,256
#1,56,256
#1,26,256
#1,26,256
#1,27,256
1,69.6,256,145.231
#2,37,256
#2,36,256
#2,30,256
#2,29,256
#2,30,256
2,32.4,256,6.76461
#3,78,256
#3,37,256
#3,29,256
#3,29,256
#3,28,256
3,40.2,256,38.3541
#4,82,256
#4,62,256
#4,34,256
#4,35,256
#4,36,256
4,49.8,256,38.4167
#5,75,256
#5,59,256
#5,43,256
#5,42,256
#5,42,256
5,52.2,256,26.2114
#6,45,256
#6,45,256
#6,42,256
#6,41,256
#6,43,256
6,43.2,256,3.2
#7,57,256
#7,51,256
#7,49,256
#7,49,256
#7,46,256
7,50.4,256,7.33212
#8,73,256
#8,67,256
#8,51,256
#8,50,256
#8,52,256
8,58.6,256,19.041
#9,63,256
#9,69,256
#9,65,256
#9,66,256
#9,66,256
9,65.8,256,3.87814
#10,64,256
#10,62,256
#10,57,256
#10,59,256
#10,59,256
10,60.2,256,4.96387
#11,90,256
#11,85,256
#11,64,256
#11,63,256
#11,61,256
11,72.6,256,24.6122
#12,82,256
#12,89,256
#12,80,256
#12,79,256
#12,79,256
12,81.8,256,7.52596
#13,112,384
#13,95,384
#13,86,384
#13,82,384
#13,73,384
13,89.6,384,26.4908
#14,104,384
#14,100,384
#14,87,384
#14,86,384
#14,88,384
14,93,384,14.9666
#15,87,384
#15,106,384
#15,92,384
#15,89,384
#15,79,384
15,90.6,384,17.6454
#16,98,384
#16,95,384
#16,96,384
#16,85,384
#16,85,384
16,91.8,384,11.2712
#17,161,384
#17,138,384
#17,93,384
#17,91,384
#17,92,384
17,115,384,58.1997
#18,139,384
#18,133,384
#18,117,384
#18,93,384
#18,93,384
18,115,384,38.6988
#19,129,384
#19,140,384
#19,120,384
#19,97,384
#19,95,384
19,116.2,384,35.3587
#20,167,384
#20,157,384
#20,143,384
#20,103,384
#20,103,384
20,134.6,384,53.8085
#21,117,384
#21,145,384
#21,148,384
#21,132,384
#21,110,384
21,130.4,384,29.9493
#22,161,384
#22,182,384
#22,166,384
#22,146,384
#22,124,384
22,155.8,384,39.2408
#23,175,384
#23,180,384
#23,154,384
#23,115,384
#23,114,384
23,147.6,384,56.8028
#24,307,384
#24,249,384
#24,176,384
#24,142,384
#24,129,384
24,200.6,384,135.142
#25,168,640
#25,178,640
#25,146,640
#25,123,640
#25,124,640
25,147.8,640,44.7643
#26,186,640
#26,163,640
#26,168,640
#26,145,640
#26,150,640
26,162.4,640,28.9164
#27,173,640
#27,177,640
#27,179,640
#27,168,640
#27,154,640
27,170.2,640,17.8617
#28,173,640
#28,170,640
#28,148,640
#28,137,640
#28,138,640
28,153.2,640,30.9167
#29,189,640
#29,186,640
#29,176,640
#29,151,640
#29,141,640
29,168.6,640,38.4208
#30,216,640
#30,231,640
#30,189,640
#30,168,640
#30,145,640
30,189.8,640,62.3974
#31,199,640
#31,197,640
#31,185,640
#31,163,640
#31,168,640
31,182.4,640,29.383
#32,308,640
#32,292,640
#32,230,640
#32,191,640
#32,181,640
32,240.4,640,103.186
#33,341,640
#33,318,640
#33,272,640
#33,187,640
#33,187,640
33,261,640,128.754
#34,372,640
#34,358,640
#34,286,640
#34,229,640
#34,203,640
34,289.6,640,134.62
#35,238,640
#35,218,640
#35,214,640
#35,172,640
#35,172,640
35,202.8,640,52.8606
#36,366,640
#36,347,640
#36,226,640
#36,198,640
#36,188,640
36,265,640,151.958
#37,275,1152
#37,253,1152
#37,225,1152
#37,191,1152
#37,180,1152
37,224.8,1152,71.9155
#38,270,1152
#38,226,1152
#38,208,1152
#38,191,1152
#38,192,1152
38,217.4,1152,58.4548
#39,280,1152
#39,269,1152
#39,219,1152
#39,184,1152
#39,187,1152
39,227.8,1152,80.4129
#40,232,1152
#40,265,1152
#40,247,1152
#40,229,1152
#40,209,1152
40,236.4,1152,37.4721
#42,398,1152
#42,306,1152
#42,207,1152
#42,207,1152
#42,205,1152
42,264.6,1152,154.136
#44,314,1152
#44,315,1152
#44,283,1152
#44,231,1152
#44,230,1152
44,274.6,1152,75.6053
#46,313,1152
#46,327,1152
#46,288,1152
#46,255,1152
#46,242,1152
46,285,1152,65.1521
#48,311,1152
#48,337,1152
#48,287,1152
#48,243,1152
#48,243,1152
48,284.2,1152,74.3441
#50,289,1152
#50,284,1152
#50,265,1152
#50,236,1152
#50,240,1152
50,262.8,1152,43.6238
#52,461,1152
#52,429,1152
#52,334,1152
#52,300,1152
#52,273,1152
52,359.4,1152,146.438
#54,392,1152
#54,395,1152
#54,310,1152
#54,266,1152
#54,267,1152
54,326,1152,114.731
#56,376,1152
#56,371,1152
#56,320,1152
#56,281,1152
#56,269,1152
56,323.4,1152,88.5492
#58,466,1152
#58,469,1152
#58,349,1152
#58,301,1152
#58,290,1152
58,375,1152,156.19
#60,539,1152
#60,480,1152
#60,354,1152
#60,312,1152
#60,312,1152
60,399.4,1152,186.168
#63,495,1536
#63,473,1536
#63,400,1536
#63,331,1536
#63,325,1536
63,404.8,1536,140.356
#66,385,1536
#66,364,1536
#66,355,1536
#66,325,1536
#66,338,1536
66,353.4,1536,41.5423
#69,427,1536
#69,422,1536
#69,392,1536
#69,358,1536
#69,348,1536
69,389.4,1536,64.3938
#72,473,1536
#72,453,1536
#72,399,1536
#72,351,1536
#72,342,1536
72,403.6,1536,105.221
#75,496,1536
#75,467,1536
#75,405,1536
#75,367,1536
#75,367,1536
75,420.4,1536,105.175
#78,601,1536
#78,586,1536
#78,468,1536
#78,422,1536
#78,393,1536
78,494,1536,169.644
#81,607,1536
#81,566,1536
#81,429,1536
#81,404,1536
#81,402,1536
81,481.6,1536,174.294
#85,688,1536
#85,636,1536
#85,460,1536
#85,453,1536
#85,423,1536
85,532,1536,216.255
#89,1080,1536
#89,862,1536
#89,619,1536
#89,544,1536
#89,517,1536
89,724.4,1536,430.863
#93,760,1536
#93,712,1536
#93,551,1536
#93,458,1536
#93,455,1536
93,587.2,1536,254.425
#97,1349,1536
#97,1019,1536
#97,764,1536
#97,591,1536
#97,543,1536
97,853.2,1536,597.486
#101,654,2048
#101,622,2048
#101,573,2048
#101,504,2048
#101,496,2048
101,569.8,2048,125.222
#106,860,2048
#106,790,2048
#106,558,2048
#106,539,2048
#106,521,2048
106,653.6,2048,284.34
#111,733,2048
#111,735,2048
#111,665,2048
#111,585,2048
#111,574,2048
111,658.4,2048,138.527
#116,752,2048
#116,750,2048
#116,675,2048
#116,578,2048
#116,569,2048
116,664.8,2048,159.195
#121,924,2048
#121,862,2048
#121,651,2048
#121,576,2048
#121,590,2048
121,720.6,2048,288.687
#127,864,2048
#127,858,2048
#127,658,2048
#127,637,2048
#127,594,2048
127,722.2,2048,230.417
#133,1051,2048
#133,1074,2048
#133,749,2048
#133,716,2048
#133,678,2048
133,853.6,2048,344.387
#139,1120,2048
#139,1024,2048
#139,730,2048
#139,677,2048
#139,662,2048
139,842.6,2048,382.178
#145,2096,2048
#145,1575,2048
#145,1128,2048
#145,896,2048
#145,834,2048
145,1305.8,2048,946.162
#152,920,2816
#152,898,2816
#152,799,2816
#152,755,2816
#152,756,2816
152,825.6,2816,140.54
#159,936,2816
#159,958,2816
#159,871,2816
#159,839,2816
#159,814,2816
159,883.6,2816,110.538
#166,1167,2816
#166,1095,2816
#166,908,2816
#166,886,2816
#166,858,2816
166,982.8,2816,248.288
#174,1000,2816
#174,952,2816
#174,910,2816
#174,885,2816
#174,875,2816
174,924.4,2816,92.4216
#182,1192,2816
#182,1120,2816
#182,956,2816
#182,940,2816
#182,905,2816
182,1022.6,2816,224.982
#191,1450,2816
#191,1364,2816
#191,1004,2816
#191,976,2816
#191,962,2816
191,1151.2,2816,422.114
#200,1847,2816
#200,1557,2816
#200,1147,2816
#200,1035,2816
#200,1000,2816
200,1317.2,2816,661.763
#210,1993,2816
#210,1703,2816
#210,1257,2816
#210,1179,2816
#210,1119,2816
210,1450.2,2816,680.652
#220,2763,2816
#220,2174,2816
#220,1621,2816
#220,1538,2816
#220,1391,2816
220,1897.4,2816,1015
#231,1604,3968
#231,1561,3968
#231,1457,3968
#231,1317,3968
#231,1261,3968
231,1440,3968,266.827
#242,1551,3968
#242,1508,3968
#242,1362,3968
#242,1312,3968
#242,1263,3968
242,1399.2,3968,223.461
#254,1742,3968
#254,1713,3968
#254,1521,3968
#254,1377,3968
#254,1335,3968
254,1537.6,3968,334.256
#266,1993,3968
#266,1795,3968
#266,1554,3968
#266,1466,3968
#266,1427,3968
266,1647,3968,430.284
#279,2640,3968
#279,2338,3968
#279,1815,3968
#279,1671,3968
#279,1572,3968
279,2007.2,3968,824.25
#292,2279,3968
#292,1978,3968
#292,1580,3968
#292,1521,3968
#292,1462,3968
292,1764,3968,629.368
#306,3009,3968
#306,2462,3968
#306,1895,3968
#306,1702,3968
#306,1593,3968
306,2132.2,3968,1061.93
#321,3521,3968
#321,2760,3968
#321,2163,3968
#321,1937,3968
#321,1812,3968
321,2438.6,3968,1263.35
#337,2399,5632
#337,2221,5632
#337,1875,5632
#337,1844,5632
#337,1747,5632
337,2017.2,5632,498.424
#353,2437,5632
#353,2292,5632
#353,2097,5632
#353,1900,5632
#353,1881,5632
353,2121.4,5632,434.615
#370,2394,5632
#370,2258,5632
#370,2129,5632
#370,2012,5632
#370,1970,5632
370,2152.6,5632,313.753
#388,2632,5632
#388,2424,5632
#388,2161,5632
#388,2119,5632
#388,2005,5632
388,2268.2,5632,455.764
#407,3050,5632
#407,2651,5632
#407,2380,5632
#407,2269,5632
#407,2178,5632
407,2505.6,5632,630.295
#427,3133,5632
#427,2950,5632
#427,2504,5632
#427,2476,5632
#427,2373,5632
427,2687.2,5632,596.45
#448,4980,5632
#448,4056,5632
#448,3171,5632
#448,2840,5632
#448,2695,5632
448,3548.4,5632,1715.74
#470,5841,5632
#470,4922,5632
#470,4092,5632
#470,3777,5632
#470,3420,5632
470,4410.4,5632,1741.68
#493,3780,8064
#493,3401,8064
#493,2904,8064
#493,2814,8064
#493,2649,8064
493,3109.6,8064,837.211
#517,3327,8064
#517,3290,8064
#517,3063,8064
#517,2863,8064
#517,2815,8064
517,3071.6,8064,421.767
#542,3884,8064
#542,3617,8064
#542,3232,8064
#542,3158,8064
#542,3014,8064
542,3381,8064,642.074
#569,4050,8064
#569,3817,8064
#569,3397,8064
#569,3222,8064
#569,3133,8064
569,3523.8,8064,705.826
#597,4648,8064
#597,4137,8064
#597,3715,8064
#597,3549,8064
#597,3399,8064
597,3889.6,8064,904.902
#626,5272,8064
#626,4535,8064
#626,3914,8064
#626,3684,8064
#626,3572,8064
626,4195.4,8064,1266.09
#657,5313,8064
#657,4581,8064
#657,4012,8064
#657,3746,8064
#657,3623,8064
657,4255,8064,1246.82
#689,5968,8064
#689,5188,8064
#689,4385,8064
#689,4118,8064
#689,3979,8064
689,4727.6,8064,1496.65
#723,4976,11648
#723,4777,11648
#723,4408,11648
#723,4138,11648
#723,4035,11648
723,4466.8,11648,723.064
#759,5492,11648
#759,5083,11648
#759,4708,11648
#759,4477,11648
#759,4305,11648
759,4813,11648,856.003
#796,5428,11648
#796,5144,11648
#796,4803,11648
#796,4569,11648
#796,4414,11648
796,4871.6,11648,742.673
#835,6460,11648
#835,5851,11648
#835,5137,11648
#835,4832,11648
#835,4681,11648
835,5392.2,11648,1337.3
#876,7077,11648
#876,6468,11648
#876,5851,11648
#876,5529,11648
#876,5265,11648
876,6038,11648,1313.32
#919,7737,11648
#919,6676,11648
#919,5836,11648
#919,5416,11648
#919,5174,11648
919,6167.8,11648,1872.66
#964,8668,11648
#964,7995,11648
#964,6950,11648
#964,6557,11648
#964,6304,11648
964,7294.8,11648,1793.52
#1012,10130,11648
#1012,8889,11648
#1012,7525,11648
#1012,6787,11648
#1012,6564,11648
1012,7979,11648,2695.79
#1062,14536,11648
#1062,13456,11648
#1062,11928,11648
#1062,10933,11648
#1062,10734,11648
1062,12317.4,11648,2938.56
#1115,7267,16768
#1115,7060,16768
#1115,6460,16768
#1115,6222,16768
#1115,6164,16768
1115,6634.6,16768,895.805
#1170,8821,16768
#1170,8346,16768
#1170,7567,16768
#1170,7182,16768
#1170,6868,16768
1170,7756.8,16768,1452.19
#1228,8640,16768
#1228,8218,16768
#1228,7665,16768
#1228,7131,16768
#1228,7043,16768
1228,7739.4,16768,1233.14
#1289,10290,16768
#1289,9804,16768
#1289,8762,16768
#1289,8255,16768
#1289,7968,16768
1289,9015.8,16768,1785.71
#1353,11560,16768
#1353,10846,16768
#1353,9709,16768
#1353,9021,16768
#1353,8521,16768
1353,9931.4,16768,2255.01
#1420,15816,16768
#1420,27114,16768
#1420,12777,16768
#1420,11608,16768
#1420,11175,16768
1420,15698,16768,11867.8
#1491,15792,16768
#1491,14244,16768
#1491,12520,16768
#1491,11547,16768
#1491,10919,16768
1491,13004.4,16768,3579.37
#1565,11169,24320
#1565,10726,24320
#1565,10044,24320
#1565,9386,24320
#1565,9206,24320
1565,10106.2,24320,1509.07
#1643,11191,24320
#1643,11150,24320
#1643,10215,24320
#1643,9820,24320
#1643,9664,24320
1643,10408,24320,1296.2
#1725,12045,24320
#1725,11714,24320
#1725,10772,24320
#1725,10067,24320
#1725,9873,24320
1725,10894.2,24320,1729.38
#1811,13503,24320
#1811,13069,24320
#1811,11941,24320
#1811,11097,24320
#1811,10687,24320
1811,12059.4,24320,2177.52
#1901,15207,24320
#1901,14412,24320
#1901,13244,24320
#1901,12631,24320
#1901,11774,24320
1901,13453.6,24320,2455.13
#1996,17449,24320
#1996,16143,24320
#1996,14850,24320
#1996,14333,24320
#1996,13435,24320
1996,15242,24320,2818.2
#2095,22106,24320
#2095,20972,24320
#2095,19192,24320
#2095,18429,24320
#2095,17491,24320
2095,19638,24320,3363.43
#2199,26179,24320
#2199,25210,24320
#2199,23500,24320
#2199,22098,24320
#2199,20942,24320
2199,23585.8,24320,3854.69
#2308,15277,35328
#2308,15037,35328
#2308,14269,35328
#2308,13781,35328
#2308,13532,35328
2308,14379.2,35328,1364.25
#2423,17208,35328
#2423,17021,35328
#2423,15853,35328
#2423,15178,35328
#2423,14875,35328
2423,16027,35328,1889.12
#2544,18241,35328
#2544,18075,35328
#2544,16715,35328
#2544,17630,35328
#2544,15544,35328
2544,17241,35328,2000.67
#2671,21083,35328
#2671,20642,35328
#2671,19095,35328
#2671,18012,35328
#2671,17388,35328
2671,19244,35328,2873.48
#2804,22982,35328
#2804,22536,35328
#2804,20739,35328
#2804,19451,35328
#2804,18843,35328
2804,20910.2,35328,3270.16
#2944,30181,35328
#2944,29391,35328
#2944,27970,35328
#2944,26252,35328
#2944,24993,35328
2944,27757.4,35328,3846.64
#3091,31153,35328
#3091,30506,35328
#3091,28097,35328
#3091,26221,35328
#3091,25743,35328
3091,28344,35328,4372.47
#3245,36655,35328
#3245,35562,35328
#3245,33104,35328
#3245,31897,35328
#3245,30653,35328
3245,33574.2,35328,4473.05
#3407,22836,51328
#3407,22589,51328
#3407,21418,51328
#3407,20968,51328
#3407,20762,51328
3407,21714.6,51328,1691.14
#3577,27456,51328
#3577,25293,51328
#3577,23695,51328
#3577,22976,51328
#3577,22759,51328
3577,24435.8,51328,3504.04
#3755,28422,51328
#3755,28483,51328
#3755,26345,51328
#3755,25092,51328
#3755,24691,51328
3755,26606.6,51328,3206.06
#3942,30827,51328
#3942,30465,51328
#3942,28599,51328
#3942,27419,51328
#3942,26790,51328
3942,28820,51328,3208.32
#4139,36150,51328
#4139,35769,51328
#4139,33586,51328
#4139,32161,51328
#4139,31338,51328
4139,33800.8,51328,3815.02
#4345,41777,51328
#4345,41331,51328
#4345,38747,51328
#4345,37331,51328
#4345,36498,51328
4345,39136.8,51328,4210.59
#4562,57619,51328
#4562,54835,51328
#4562,52348,51328
#4562,51052,51328
#4562,50637,51328
4562,53298.2,51328,5220.06
#4790,66141,51328
#4790,65803,51328
#4790,63669,51328
#4790,62208,51328
#4790,61083,51328
4790,63780.8,51328,3942
#5029,35738,74752
#5029,35166,74752
#5029,33817,74752
#5029,32991,74752
#5029,32803,74752
5029,34103,74752,2334.36
#5280,38311,74752
#5280,38043,74752
#5280,36260,74752
#5280,35109,74752
#5280,34759,74752
5280,36496.4,74752,2923.57
#5544,42777,74752
#5544,44384,74752
#5544,40645,74752
#5544,39635,74752
#5544,39261,74752
5544,41340.4,74752,3903.15
#5821,45959,74752
#5821,45712,74752
#5821,43625,74752
#5821,42738,74752
#5821,42154,74752
5821,44037.6,74752,3085.78
#6112,54917,74752
#6112,54458,74752
#6112,52280,74752
#6112,50871,74752
#6112,50478,74752
6112,52600.8,74752,3623.85
#6417,65546,74752
#6417,64623,74752
#6417,62588,74752
#6417,61650,74752
#6417,60642,74752
6417,63009.8,74752,3651.65
#6737,79799,74752
#6737,78429,74752
#6737,76214,74752
#6737,75499,74752
#6737,75033,74752
6737,76994.8,74752,3645.95
#7073,97377,74752
#7073,96245,74752
#7073,94575,74752
#7073,105405,74752
#7073,90641,74752
7073,96848.6,74752,9697.8
#7426,53091,108800
#7426,52710,108800
#7426,51204,108800
#7426,51894,108800
#7426,49705,108800
7426,51720.8,108800,2402.75
#7797,58509,108800
#7797,58095,108800
#7797,56365,108800
#7797,55090,108800
#7797,54645,108800
7797,56540.8,108800,3100.86
#8186,63976,108800
#8186,63579,108800
#8186,61608,108800
#8186,60632,108800
#8186,60157,108800
8186,61990.4,108800,3074.94
#8595,71921,108800
#8595,84312,108800
#8595,71565,108800
#8595,70637,108800
#8595,70031,108800
8595,73693.2,108800,10702.6
#9024,80609,108800
#9024,79664,108800
#9024,77827,108800
#9024,76858,108800
#9024,76313,108800
9024,78254.2,108800,3278.14
#9475,106649,108800
#9475,103391,108800
#9475,102269,108800
#9475,101528,108800
#9475,100640,108800
9475,102895,108800,4165.01
#9948,124659,108800
#9948,124035,108800
#9948,123130,108800
#9948,122447,108800
#9948,122087,108800
9948,123272,108800,1920.61
#10445,75590,158464
#10445,75279,158464
#10445,73863,158464
#10445,73064,158464
#10445,72775,158464
10445,74114.2,158464,2279.34
#10967,81718,158464
#10967,81466,158464
#10967,79499,158464
#10967,78817,158464
#10967,78600,158464
10967,80020,158464,2639.57
#11515,89976,158464
#11515,89788,158464
#11515,88344,158464
#11515,87512,158464
#11515,87440,158464
11515,88612,158464,2172.35
#12090,98575,158464
#12090,98423,158464
#12090,96924,158464
#12090,96192,158464
#12090,95731,158464
12090,97169,158464,2303.35
#12694,113192,158464
#12694,112462,158464
#12694,111412,158464
#12694,110672,158464
#12694,110495,158464
12694,111647,158464,2075.42
#13328,139403,158464
#13328,138145,158464
#13328,136870,158464
#13328,136739,158464
#13328,138877,158464
13328,138007,158464,2121.39
#13994,157568,158464
#13994,160252,158464
#13994,161885,158464
#13994,147323,158464
#13994,147092,158464
13994,154824,158464,12740.5
#14693,193239,158464
#14693,191035,158464
#14693,190508,158464
#14693,189986,158464
#14693,190182,158464
14693,190990,158464,2358.51
#15427,114235,230912
#15427,113848,230912
#15427,112783,230912
#15427,112254,230912
#15427,112011,230912
15427,113026,230912,1748.74
#16198,120245,230912
#16198,119967,230912
#16198,120649,230912
#16198,117987,230912
#16198,117631,230912
16198,119296,230912,2476.64
#17007,136371,230912
#17007,135814,230912
#17007,134823,230912
#17007,134187,230912
#17007,134378,230912
17007,135115,230912,1686.59
#17857,151690,230912
#17857,150752,230912
#17857,150262,230912
#17857,149658,230912
#17857,149413,230912
17857,150355,230912,1630.13
#18749,167571,230912
#18749,166279,230912
#18749,166034,230912
#18749,165514,230912
#18749,165362,230912
18749,166152,230912,1568.38
#19686,203602,230912
#19686,202561,230912
#19686,201856,230912
#19686,201329,230912
#19686,201748,230912
19686,202219,230912,1593.83
#20670,239237,230912
#20670,238238,230912
#20670,237703,230912
#20670,240793,230912
#20670,254096,230912
20670,242013,230912,12264.4
#21703,303707,230912
#21703,302522,230912
#21703,302490,230912
#21703,302881,230912
#21703,302832,230912
21703,302886,230912,879.224
#22788,176967,336640
#22788,176309,336640
#22788,175647,336640
#22788,175508,336640
#22788,175014,336640
22788,175889,336640,1358.77
#23927,191143,336640
#23927,190369,336640
#23927,189680,336640
#23927,191299,336640
#23927,189282,336640
23927,190355,336640,1579.68
#25123,217373,336640
#25123,213664,336640
#25123,212937,336640
#25123,212465,336640
#25123,212075,336640
25123,213703,336640,3819.97
#26379,234940,336640
#26379,234421,336640
#26379,234086,336640
#26379,233581,336640
#26379,233330,336640
26379,234072,336640,1154.84
#27697,265691,336640
#27697,265256,336640
#27697,264296,336640
#27697,264251,336640
#27697,264296,336640
27697,264758,336640,1200.81
#29081,322986,336640
#29081,322745,336640
#29081,322070,336640
#29081,321909,336640
#29081,322037,336640
29081,322349,336640,863.189
#30535,387365,336640
#30535,384253,336640
#30535,385191,336640
#30535,384016,336640
#30535,386051,336640
30535,385375,336640,2458.73
#32061,499361,336640
#32061,496583,336640
#32061,497298,336640
#32061,499459,336640
#32061,512371,336640
32061,501014,336640,11578.4
#33664,271139,490752
#33664,270807,490752
#33664,269950,490752
#33664,270075,490752
#33664,270256,490752
33664,270445,490752,907.888
#35347,301275,490752
#35347,302730,490752
#35347,300388,490752
#35347,300251,490752
#35347,300136,490752
35347,300956,490752,1947.49
#37114,332248,490752
#37114,332268,490752
#37114,331728,490752
#37114,331179,490752
#37114,333035,490752
37114,332092,490752,1236.33
#38969,369923,490752
#38969,369151,490752
#38969,368681,490752
#38969,368329,490752
#38969,368282,490752
38969,368873,490752,1220.45
#40917,422999,490752
#40917,423086,490752
#40917,421915,490752
#40917,421751,490752
#40917,424097,490752
40917,422770,490752,1716.42
#42962,510097,490752
#42962,509713,490752
#42962,509431,490752
#42962,510993,490752
#42962,509045,490752
42962,509856,490752,1329.55
#45110,626022,490752
#45110,621610,490752
#45110,621685,490752
#45110,621806,490752
#45110,622950,490752
45110,622815,490752,3352.62
#47365,386596,715520
#47365,386543,715520
#47365,385762,715520
#47365,385061,715520
#47365,385631,715520
47365,385919,715520,1163.26
#49733,413254,715520
#49733,421210,715520
#49733,416511,715520
#49733,433424,715520
#49733,422188,715520
49733,421317,715520,13724.7
#52219,457006,715520
#52219,456691,715520
#52219,469017,715520
#52219,444584,715520
#52219,448960,715520
52219,455252,715520,16685.8
#54829,504626,715520
#54829,504137,715520
#54829,503505,715520
#54829,503492,715520
#54829,503168,715520
54829,503786,715520,1049.24
#57570,557453,715520
#57570,557727,715520
#57570,554014,715520
#57570,557588,715520
#57570,553704,715520
57570,556097,715520,3664.32
#60448,667815,715520
#60448,661273,715520
#60448,646690,715520
#60448,649291,715520
#60448,645703,715520
60448,654154,715520,17620
#63470,822688,715520
#63470,821737,715520
#63470,820240,715520
#63470,821413,715520
#63470,820217,715520
63470,821259,715520,1880.08
#66643,983281,715520
#66643,986696,715520
#66643,983791,715520
#66643,984077,715520
#66643,983058,715520
66643,984181,715520,2616.76
#69975,566398,1043328
#69975,633405,1043328
#69975,578056,1043328
#69975,578033,1043328
#69975,577959,1043328
69975,586770,1043328,47495.2
#73473,641730,1043328
#73473,603301,1043328
#73473,603214,1043328
#73473,657509,1043328
#73473,619627,1043328
73473,625076,1043328,42998.1
#77146,718370,1043328
#77146,669340,1043328
#77146,668427,1043328
#77146,725149,1043328
#77146,684271,1043328
77146,693111,1043328,48307
#81003,797868,1043328
#81003,780800,1043328
#81003,818308,1043328
#81003,772442,1043328
#81003,772829,1043328
81003,788449,1043328,35088.4
#85053,883070,1043328
#85053,849465,1043328
#85053,910859,1043328
#85053,869538,1043328
#85053,887001,1043328
85053,879987,1043328,40522.1
#89305,1048622,1043328
#89305,1072101,1043328
#89305,1026828,1043328
#89305,1026028,1043328
#89305,1025991,1043328
89305,1.03991e+06,1043328,36548.6
#93770,1207014,1043328
#93770,1281718,1043328
#93770,1232479,1043328
#93770,1231360,1043328
#93770,1230291,1043328
93770,1.23657e+06,1043328,48950.6
#98458,1638685,1043328
#98458,1574768,1043328
#98458,1619573,1043328
#98458,1572156,1043328
#98458,1570865,1043328
98458,1.59521e+06,1043328,56749.8
#103380,851666,1521408
#103380,908885,1521408
#103380,869698,1521408
#103380,867211,1521408
#103380,866793,1521408
103380,872851,1521408,38217.3
#108549,953599,1521408
#108549,943527,1521408
#108549,941402,1521408
#108549,941186,1521408
#108549,949982,1521408
108549,945939,1521408,9960.5
#113976,1047716,1521408
#113976,1048837,1521408
#113976,1043039,1521408
#113976,1042537,1521408
#113976,1043685,1521408
113976,1.04516e+06,1521408,5185.2
#119674,1187154,1521408
#119674,1176324,1521408
#119674,1170134,1521408
#119674,1169920,1521408
#119674,1171489,1521408
119674,1.175e+06,1521408,13001
#125657,1346578,1521408
#125657,1339069,1521408
#125657,1325627,1521408
#125657,1322840,1521408
#125657,1322277,1521408
125657,1.33128e+06,1521408,19574.3
#131939,1609866,1521408
#131939,1648885,1521408
#131939,1586882,1521408
#131939,1585053,1521408
#131939,1586956,1521408
131939,1.60353e+06,1521408,48912
#138535,2034775,1521408
#138535,1962927,1521408
#138535,1920615,1521408
#138535,1917562,1521408
#138535,1920837,1521408
138535,1.95134e+06,1521408,89938.1
#145461,2486032,1521408
#145461,2510198,1521408
#145461,2456891,1521408
#145461,2454550,1521408
#145461,2449289,1521408
145461,2.47139e+06,1521408,46499.1
#152734,1383888,2218496
#152734,1346506,2218496
#152734,1310253,2218496
#152734,1311535,2218496
#152734,1355246,2218496
152734,1.34149e+06,2218496,55749.7
#160370,1452223,2218496
#160370,1475242,2218496
#160370,1418639,2218496
#160370,1420182,2218496
#160370,1464180,2218496
160370,1.44609e+06,2218496,45952
#168388,1626087,2218496
#168388,1578863,2218496
#168388,1569385,2218496
#168388,1608509,2218496
#168388,1598302,2218496
168388,1.59623e+06,2218496,40681.9
#176807,1839536,2218496
#176807,1778661,2218496
#176807,1766713,2218496
#176807,1762523,2218496
#176807,1807356,2218496
176807,1.79096e+06,2218496,57801.7
#185647,2129622,2218496
#185647,2065233,2218496
#185647,2051225,2218496
#185647,2071379,2218496
#185647,2080028,2218496
185647,2.0795e+06,2218496,53527.3
#194929,2475459,2218496
#194929,2486460,2218496
#194929,2435236,2218496
#194929,2432104,2218496
#194929,2435975,2218496
194929,2.45305e+06,2218496,46182.4
#204675,3059253,2218496
#204675,2995228,2218496
#204675,2992767,2218496
#204675,2986751,2218496
#204675,2986760,2218496
204675,3.00415e+06,2218496,55502.5
#214908,1945291,3235200
#214908,1823540,3235200
#214908,1812998,3235200
#214908,1804598,3235200
#214908,1855520,3235200
214908,1.84839e+06,3235200,102873
#225653,2088395,3235200
#225653,1997854,3235200
#225653,1969792,3235200
#225653,1964139,3235200
#225653,1985731,3235200
225653,2.00118e+06,3235200,90392.2
#236935,2207218,3235200
#236935,2217719,3235200
#236935,2148056,3235200
#236935,2192838,3235200
#236935,2215642,3235200
236935,2.19629e+06,3235200,51315.2
#248781,2415544,3235200
#248781,2413314,3235200
#248781,2440605,3235200
#248781,2435301,3235200
#248781,2440463,3235200
248781,2.42905e+06,3235200,24213.8
#261220,2775288,3235200
#261220,2769164,3235200
#261220,2718815,3235200
#261220,2744522,3235200
#261220,2731148,3235200
261220,2.74779e+06,3235200,43268.2
#274281,3190774,3235200
#274281,3144411,3235200
#274281,3161044,3235200
#274281,3151887,3235200
#274281,3153925,3235200
274281,3.16041e+06,3235200,32162.6
#287995,3769429,3235200
#287995,3817404,3235200
#287995,3834034,3235200
#287995,3817834,3235200
#287995,3820190,3235200
287995,3.81178e+06,3235200,44071.4
#302394,4637780,3235200
#302394,4765879,3235200
#302394,4688811,3235200
#302394,4730131,3235200
#302394,4697705,3235200
302394,4.70406e+06,3235200,85637.6
#317513,2988368,4717824
#317513,2782883,4717824
#317513,2758213,4717824
#317513,2794757,4717824
#317513,2792728,4717824
317513,2.82339e+06,4717824,167013
#333388,3158328,4717824
#333388,3113400,4717824
#333388,3048700,4717824
#333388,3030610,4717824
#333388,3024883,4717824
333388,3.07518e+06,4717824,104276
#350057,3347972,4717824
#350057,3303066,4717824
#350057,3283110,4717824
#350057,3359127,4717824
#350057,3375186,4717824
350057,3.33369e+06,4717824,69679.8
#367559,3658486,4717824
#367559,3666164,4717824
#367559,3723696,4717824
#367559,3691697,4717824
#367559,3741098,4717824
367559,3.69623e+06,4717824,63979
#385936,4223200,4717824
#385936,4216576,4717824
#385936,4203657,4717824
#385936,4296670,4717824
#385936,4192863,4717824
385936,4.22659e+06,4717824,73137.7
#405232,4807003,4717824
#405232,4893067,4717824
#405232,4925486,4717824
#405232,4869828,4717824
#405232,4899796,4717824
405232,4.87904e+06,4717824,80294.4
#425493,5884635,4717824
#425493,5875809,4717824
#425493,5956010,4717824
#425493,5925021,4717824
#425493,5933474,4717824
425493,5.91499e+06,4717824,60540.9
#446767,7401047,4717824
#446767,7465052,4717824
#446767,7472414,4717824
#446767,7462318,4717824
#446767,7462183,4717824
446767,7.4526e+06,4717824,52089.4
#469105,6256208,6880000
#469105,5637245,6880000
#469105,5571609,6880000
#469105,5616926,6880000
#469105,5574649,6880000
469105,5.73133e+06,6880000,527255
#492560,6191113,6880000
#492560,6301245,6880000
#492560,6239276,6880000
#492560,5922401,6880000
#492560,6052087,6880000
492560,6.14122e+06,6880000,273553
#517188,6927948,6880000
#517188,6748167,6880000
#517188,6544946,6880000
#517188,6527535,6880000
#517188,6537582,6880000
517188,6.65724e+06,6880000,316609
#543047,7426243,6880000
#543047,7243983,6880000
#543047,7187292,6880000
#543047,7241531,6880000
#543047,7288793,6880000
543047,7.27757e+06,6880000,162004
#570199,8071933,6880000
#570199,7998704,6880000
#570199,7980515,6880000
#570199,8140643,6880000
#570199,8036041,6880000
570199,8.04557e+06,6880000,114029
#598708,9323857,6880000
#598708,9110431,6880000
#598708,9085327,6880000
#598708,9105478,6880000
#598708,9228764,6880000
598708,9.17077e+06,6880000,183310
#628643,10899265,6880000
#628643,11014018,6880000
#628643,10854957,6880000
#628643,10852724,6880000
#628643,10969098,6880000
628643,1.0918e+07,6880000,127802
#660075,13492192,10033152
#660075,12987425,10033152
#660075,12995594,10033152
#660075,12892041,10033152
#660075,12719979,10033152
660075,1.30174e+07,10033152,514568
#693078,14008142,10033152
#693078,13836825,10033152
#693078,15739204,10033152
#693078,14458522,10033152
#693078,13701455,10033152
693078,1.43488e+07,10033152,1.48121e+06
#727731,14644583,10033152
#727731,15006112,10033152
#727731,15545523,10033152
#727731,15036347,10033152
#727731,15031999,10033152
727731,1.50529e+07,10033152,574317
#764117,15528205,10033152
#764117,15585555,10033152
#764117,15622589,10033152
#764117,15550755,10033152
#764117,15429977,10033152
764117,1.55434e+07,10033152,130224
#802322,16831663,10033152
#802322,16585121,10033152
#802322,16631809,10033152
#802322,16609008,10033152
#802322,16895879,10033152
802322,1.67107e+07,10033152,254964
#842438,18456861,10033152
#842438,18178544,10033152
#842438,18282789,10033152
#842438,18402278,10033152
#842438,18333987,10033152
842438,1.83309e+07,10033152,192868
#884559,20477525,10033152
#884559,20456348,10033152
#884559,20410067,10033152
#884559,20390782,10033152
#884559,20673118,10033152
884559,2.04816e+07,10033152,201392
#928786,23613871,10033152
#928786,23704744,10033152
#928786,24020223,10033152
#928786,23728362,10033152
#928786,23847021,10033152
928786,2.37828e+07,10033152,280125
#975225,24423249,14631552
#975225,24073973,14631552
#975225,24030026,14631552
#975225,24102465,14631552
#975225,24509851,14631552
975225,2.42279e+07,14631552,396221
#1023986,26017462,14631552
#1023986,25457764,14631552
#1023986,25460663,14631552
#1023986,25474799,14631552
#1023986,25696765,14631552
1023986,2.56215e+07,14631552,435109
#1075185,27081885,14631552
#1075185,27155036,14631552
#1075185,27322830,14631552
#1075185,27599098,14631552
#1075185,27646295,14631552
1075185,2.7361e+07,14631552,455954
#1128944,29220877,14631552
#1128944,29260568,14631552
#1128944,29480568,14631552
#1128944,29589633,14631552
#1128944,28827781,14631552
1128944,2.92759e+07,14631552,524893
#1185391,31394540,14631552
#1185391,31128926,14631552
#1185391,31139000,14631552
#1185391,31209064,14631552
#1185391,31415089,14631552
1185391,3.12573e+07,14631552,247441
#1244660,34347356,14631552
#1244660,34329203,14631552
#1244660,34530227,14631552
#1244660,34297114,14631552
#1244660,34332235,14631552
1244660,3.43672e+07,14631552,166253
#1306893,38591148,14631552
#1306893,38490967,14631552
#1306893,38829460,14631552
#1306893,38701656,14631552
#1306893,38684207,14631552
1306893,3.86595e+07,14631552,226891
#1372237,45673988,14631552
#1372237,45789552,14631552
#1372237,45914424,14631552
#1372237,45944045,14631552
#1372237,45801389,14631552
1372237,4.58247e+07,14631552,193466
#1440848,40086686,21337472
#1440848,42690376,21337472
#1440848,40700151,21337472
#1440848,40236616,21337472
#1440848,39992103,21337472
1440848,4.07412e+07,21337472,2.009e+06
#1512890,42490939,21337472
#1512890,42330071,21337472
#1512890,42530796,21337472
#1512890,42324675,21337472
#1512890,42425026,21337472
1512890,4.24203e+07,21337472,166149
#1588534,45097217,21337472
#1588534,45212214,21337472
#1588534,45293882,21337472
#1588534,45170566,21337472
#1588534,45379910,21337472
1588534,4.52308e+07,21337472,196023
#1667960,48486477,21337472
#1667960,48499990,21337472
#1667960,49120275,21337472
#1667960,48454806,21337472
#1667960,48536213,21337472
1667960,4.86196e+07,21337472,503440
#1751358,52765252,21337472
#1751358,53254766,21337472
#1751358,52197857,21337472
#1751358,52055323,21337472
#1751358,52352459,21337472
1751358,5.25251e+07,21337472,870709
#1838925,57714301,21337472
#1838925,57779329,21337472
#1838925,57817750,21337472
#1838925,57642572,21337472
#1838925,57618287,21337472
1838925,5.77144e+07,21337472,153086
#1930871,65625447,21337472
#1930871,66216878,21337472
#1930871,65729111,21337472
#1930871,65849710,21337472
#1930871,65797049,21337472
1930871,6.58436e+07,21337472,402233
#2027414,79912356,21337472
#2027414,80233493,21337472
#2027414,80125143,21337472
#2027414,80156619,21337472
#2027414,80128752,21337472
2027414,8.01113e+07,21337472,213654
#2128784,63309817,31116928
#2128784,62910262,31116928
#2128784,62978421,31116928
#2128784,63079494,31116928
#2128784,63493013,31116928
2128784,6.31542e+07,31116928,433586
#2235223,66845003,31116928
#2235223,66945474,31116928
#2235223,66993860,31116928
#2235223,66922888,31116928
#2235223,67090372,31116928
2235223,6.69595e+07,31116928,162370
#2346984,70998869,31116928
#2346984,71234483,31116928
#2346984,71699718,31116928
#2346984,71960122,31116928
#2346984,71793633,31116928
2346984,7.15374e+07,31116928,722479
#2464333,77118305,31116928
#2464333,76587301,31116928
#2464333,76304118,31116928
#2464333,76477967,31116928
#2464333,76877488,31116928
2464333,7.6673e+07,31116928,580736
#2587549,83249056,31116928
#2587549,83458939,31116928
#2587549,83683239,31116928
#2587549,83236488,31116928
#2587549,86271610,31116928
2587549,8.39799e+07,31116928,2.31485e+06
#2716926,93260122,31116928
#2716926,92418281,31116928
#2716926,92337359,31116928
#2716926,92101303,31116928
#2716926,92193582,31116928
2716926,9.24621e+07,31116928,827814
#2852772,106845262,31116928
#2852772,107037467,31116928
#2852772,107407412,31116928
#2852772,107167352,31116928
#2852772,107456696,31116928
2852772,1.07183e+08,31116928,456738
#2995410,91951707,45378688
#2995410,91749808,45378688
#2995410,91700546,45378688
#2995410,91735306,45378688
#2995410,91923792,45378688
2995410,9.18122e+07,45378688,208206
#3145180,97136324,45378688
#3145180,99639100,45378688
#3145180,97354414,45378688
#3145180,97182658,45378688
#3145180,97732168,45378688
3145180,9.78089e+07,45378688,1.87758e+06
#3302439,102847266,45378688
#3302439,103268819,45378688
#3302439,103665064,45378688
#3302439,103931163,45378688
#3302439,103627361,45378688
3302439,1.03468e+08,45378688,750325
#3467560,110767248,45378688
#3467560,111437560,45378688
#3467560,110728489,45378688
#3467560,110378733,45378688
#3467560,109855739,45378688
3467560,1.10634e+08,45378688,1.03663e+06
#3640938,119160325,45378688
#3640938,118219900,45378688
#3640938,118293389,45378688
#3640938,123106889,45378688
#3640938,118553478,45378688
3640938,1.19467e+08,45378688,3.69973e+06
#3822984,129353668,45378688
#3822984,129577121,45378688
#3822984,129877531,45378688
#3822984,130290731,45378688
#3822984,129671729,45378688
3822984,1.29754e+08,45378688,633505
#4014133,152050977,45378688
#4014133,146002119,45378688
#4014133,153941542,45378688
#4014133,145961099,45378688
#4014133,150369647,45378688
4014133,1.49665e+08,45378688,6.42581e+06
#4214839,174950696,45378688
#4214839,175149744,45378688
#4214839,175713603,45378688
#4214839,175159892,45378688
#4214839,174227765,45378688
4214839,1.7504e+08,45378688,958273
#4425580,141309646,66177152
#4425580,141685124,66177152
#4425580,142345269,66177152
#4425580,142710250,66177152
#4425580,142741025,66177152
4425580,1.42158e+08,66177152,1.13957e+06
#4646859,148564221,66177152
#4646859,148006635,66177152
#4646859,147138438,66177152
#4646859,147239129,66177152
#4646859,147285907,66177152
4646859,1.47647e+08,66177152,1.1049e+06
#4879201,157616369,66177152
#4879201,156709512,66177152
#4879201,156778871,66177152
#4879201,157007449,66177152
#4879201,157041787,66177152
4879201,1.57031e+08,66177152,638906
#5123161,167920199,66177152
#5123161,167882571,66177152
#5123161,168285998,66177152
#5123161,168757848,66177152
#5123161,168403030,66177152
5123161,1.6825e+08,66177152,648935
#5379319,181267262,66177152
#5379319,186241046,66177152
#5379319,182132302,66177152
#5379319,182047741,66177152
#5379319,184768250,66177152
5379319,1.83291e+08,66177152,3.78088e+06
#5648284,199756237,66177152
#5648284,199973873,66177152
#5648284,200064659,66177152
#5648284,200369516,66177152
#5648284,199663842,66177152
5648284,1.99966e+08,66177152,496322
#5930698,239804945,66177152
#5930698,236928684,66177152
#5930698,231165026,66177152
#5930698,233947353,66177152
#5930698,227344294,66177152
5930698,2.33838e+08,66177152,8.69399e+06
#6227232,275978978,66177152
#6227232,278332589,66177152
#6227232,276773303,66177152
#6227232,278294836,66177152
#6227232,276438382,66177152
6227232,2.77164e+08,66177152,1.9448e+06
#6538593,211355219,96508160
#6538593,211329330,96508160
#6538593,210360423,96508160
#6538593,210046693,96508160
#6538593,211306661,96508160
6538593,2.1088e+08,96508160,1.12219e+06
#6865522,223029776,96508160
#6865522,222457524,96508160
#6865522,223027995,96508160
#6865522,223179780,96508160
#6865522,222730751,96508160
6865522,2.22885e+08,96508160,517557
#7208798,237681536,96508160
#7208798,237093302,96508160
#7208798,237255076,96508160
#7208798,237553038,96508160
#7208798,237955463,96508160
7208798,2.37508e+08,96508160,612085
#7569237,255623833,96508160
#7569237,255403928,96508160
#7569237,255726184,96508160
#7569237,255347135,96508160
#7569237,255932487,96508160
7569237,2.55607e+08,96508160,428203
#7947698,276948824,96508160
#7947698,278103069,96508160
#7947698,277431437,96508160
#7947698,277517575,96508160
#7947698,277902870,96508160
7947698,2.77581e+08,96508160,801096
#8345082,306349477,96508160
#8345082,306197451,96508160
#8345082,306439952,96508160
#8345082,306980536,96508160
#8345082,306912249,96508160
8345082,3.06576e+08,96508160,625993
#8762336,352234528,96508160
#8762336,354226908,96508160
#8762336,354112107,96508160
#8762336,353763867,96508160
#8762336,354283338,96508160
8762336,3.53724e+08,96508160,1.53271e+06
#9200452,439365423,96508160
#9200452,439337923,96508160
#9200452,439430543,96508160
#9200452,440710598,96508160
#9200452,440074241,96508160
9200452,4.39784e+08,96508160,1.07404e+06
#9660474,315688622,140740864
#9660474,319856950,140740864
#9660474,314717492,140740864
#9660474,315574152,140740864
#9660474,315519985,140740864
9660474,3.16271e+08,140740864,3.65089e+06
