#1,288,256
#1,94,256
#1,41,256
#1,26,256
#1,28,256
#1,29,256
#1,27,256
#1,28,256
#1,28,256
#1,27,256
1,61.6,256,156.003
#2,87,256
#2,47,256
#2,32,256
#2,34,256
#2,32,256
#2,32,256
#2,35,256
#2,34,256
#2,33,256
#2,33,256
2,39.9,256,32.5263
#3,91,256
#3,46,256
#3,40,256
#3,42,256
#3,42,256
#3,40,256
#3,40,256
#3,40,256
#3,41,256
#3,41,256
3,46.3,256,30.0007
#4,87,256
#4,56,256
#4,46,256
#4,46,256
#4,46,256
#4,44,256
#4,46,256
#4,46,256
#4,46,256
#4,45,256
4,50.8,256,24.9447
#5,65,256
#5,53,256
#5,52,256
#5,52,256
#5,53,256
#5,53,256
#5,54,256
#5,52,256
#5,52,256
#5,52,256
5,53.8,256,7.57892
#6,81,256
#6,80,256
#6,59,256
#6,59,256
#6,59,256
#6,58,256
#6,58,256
#6,59,256
#6,58,256
#6,60,256
6,63.1,256,17.4459
#7,112,256
#7,81,256
#7,66,256
#7,68,256
#7,67,256
#7,67,256
#7,67,256
#7,66,256
#7,67,256
#7,67,256
7,72.8,256,27.478
#8,95,256
#8,95,256
#8,88,256
#8,87,256
#8,89,256
#8,74,256
#8,74,256
#8,72,256
#8,73,256
#8,75,256
8,82.2,256,17.951
#10,124,256
#10,124,256
#10,95,256
#10,96,256
#10,98,256
#10,89,256
#10,91,256
#10,92,256
#10,92,256
#10,89,256
10,99,256,25.5969
#12,111,256
#12,118,256
#12,111,256
#12,112,256
#12,111,256
#12,102,256
#12,103,256
#12,102,256
#12,101,256
#12,101,256
12,107.2,256,11.5169
#15,220,384
#15,146,384
#15,126,384
#15,117,384
#15,118,384
#15,118,384
#15,116,384
#15,118,384
#15,128,384
#15,127,384
15,133.4,384,60.2209
#18,183,384
#18,177,384
#18,134,384
#18,146,384
#18,144,384
#18,136,384
#18,130,384
#18,143,384
#18,148,384
#18,147,384
18,148.8,384,33.2842
#22,203,384
#22,184,384
#22,167,384
#22,169,384
#22,155,384
#22,171,384
#22,158,384
#22,156,384
#22,150,384
#22,175,384
22,168.8,384,30.1437
#27,276,640
#27,231,640
#27,194,640
#27,214,640
#27,193,640
#27,190,640
#27,187,640
#27,199,640
#27,193,640
#27,193,640
27,207,640,52.5205
#33,322,640
#33,304,640
#33,259,640
#33,237,640
#33,259,640
#33,238,640
#33,216,640
#33,242,640
#33,227,640
#33,228,640
33,253.2,640,65.4388
#41,300,896
#41,285,896
#41,302,896
#41,259,896
#41,266,896
#41,264,896
#41,264,896
#41,281,896
#41,298,896
#41,279,896
41,279.8,896,30.8778
#51,706,896
#51,677,896
#51,543,896
#51,399,896
#51,338,896
#51,334,896
#51,329,896
#51,328,896
#51,334,896
#51,331,896
51,431.9,896,288.57
#63,855,1152
#63,663,1152
#63,505,1152
#63,457,1152
#63,447,1152
#63,451,1152
#63,448,1152
#63,448,1152
#63,432,1152
#63,427,1152
63,513.3,1152,263.264
#78,770,1536
#78,690,1536
#78,612,1536
#78,517,1536
#78,494,1536
#78,489,1536
#78,487,1536
#78,483,1536
#78,486,1536
#78,474,1536
78,550.2,1536,198.111
#97,984,1664
#97,929,1664
#97,673,1664
#97,637,1664
#97,605,1664
#97,615,1664
#97,598,1664
#97,612,1664
#97,605,1664
#97,603,1664
97,686.1,1664,274.733
#121,1371,1920
#121,1145,1920
#121,874,1920
#121,799,1920
#121,750,1920
#121,742,1920
#121,749,1920
#121,744,1920
#121,755,1920
#121,744,1920
121,867.3,1920,410.859
#151,2060,2176
#151,1718,2176
#151,1193,2176
#151,1058,2176
#151,991,2176
#151,997,2176
#151,1000,2176
#151,995,2176
#151,992,2176
#151,989,2176
151,1199.3,2176,716.333
#188,2485,2560
#188,2118,2560
#188,1522,2560
#188,1417,2560
#188,1273,2560
#188,1227,2560
#188,1200,2560
#188,1203,2560
#188,1181,2560
#188,1163,2560
188,1478.9,2560,865.948
#235,2378,3072
#235,2104,3072
#235,1699,3072
#235,1666,3072
#235,1633,3072
#235,1582,3072
#235,1551,3072
#235,1547,3072
#235,1568,3072
#235,1536,3072
235,1726.4,3072,538.676
#293,3789,3584
#293,3118,3584
#293,2621,3584
#293,2380,3584
#293,2296,3584
#293,2209,3584
#293,2189,3584
#293,2132,3584
#293,2103,3584
#293,2067,3584
293,2490.4,3584,1053.59
#366,5544,4352
#366,4945,4352
#366,3946,4352
#366,3629,4352
#366,3362,4352
#366,3205,4352
#366,3196,4352
#366,3174,4352
#366,3211,4352
#366,3134,4352
366,3734.6,4352,1606.66
#457,6763,5376
#457,5904,5376
#457,5027,5376
#457,4569,5376
#457,4327,5376
#457,4138,5376
#457,4043,5376
#457,4047,5376
#457,3820,5376
#457,3762,5376
457,4640,5376,1872
#571,7598,6400
#571,6576,6400
#571,5506,6400
#571,4949,6400
#571,4724,6400
#571,4631,6400
#571,4569,6400
#571,4504,6400
#571,4409,6400
#571,4424,6400
571,5189,6400,2045.48
#713,9812,7936
#713,8936,7936
#713,8138,7936
#713,7512,7936
#713,7243,7936
#713,7021,7936
#713,6845,7936
#713,6666,7936
#713,6572,7936
#713,6571,7936
713,7531.6,7936,2092.74
#891,14453,9472
#891,13888,9472
#891,12897,9472
#891,12360,9472
#891,12035,9472
#891,11675,9472
#891,11378,9472
#891,11090,9472
#891,10939,9472
#891,10835,9472
891,12155,9472,2373.22
#1113,19823,11648
#1113,19045,11648
#1113,18290,11648
#1113,17724,11648
#1113,17058,11648
#1113,16700,11648
#1113,16774,11648
#1113,16404,11648
#1113,16195,11648
#1113,16021,11648
1113,17403.4,11648,2434.62
#1391,22563,14720
#1391,22207,14720
#1391,21344,14720
#1391,20763,14720
#1391,20247,14720
#1391,19906,14720
#1391,19553,14720
#1391,19483,14720
#1391,19543,14720
#1391,19630,14720
1391,20523.9,14720,2187.81
#1738,26391,18304
#1738,26064,18304
#1738,25096,18304
#1738,24169,18304
#1738,23778,18304
#1738,23560,18304
#1738,23359,18304
#1738,23149,18304
#1738,23084,18304
#1738,23196,18304
1738,24184.6,18304,2343.45
#2172,29495,22528
#2172,28725,22528
#2172,27986,22528
#2172,27698,22528
#2172,27083,22528
#2172,26961,22528
#2172,26759,22528
#2172,26542,22528
#2172,26578,22528
#2172,26519,22528
2172,27434.6,22528,1944.94
#2715,49870,27648
#2715,49203,27648
#2715,48364,27648
#2715,48135,27648
#2715,47812,27648
#2715,58950,27648
#2715,46070,27648
#2715,46267,27648
#2715,46135,27648
#2715,46004,27648
2715,48681,27648,7337.18
#3393,56583,34944
#3393,55698,34944
#3393,55564,34944
#3393,54666,34944
#3393,54761,34944
#3393,54450,34944
#3393,54444,34944
#3393,54447,34944
#3393,54045,34944
#3393,54176,34944
3393,54883.4,34944,1530.01
#4241,74337,42624
#4241,73878,42624
#4241,73387,42624
#4241,73186,42624
#4241,72993,42624
#4241,72558,42624
#4241,72138,42624
#4241,72469,42624
#4241,72160,42624
#4241,72473,42624
4241,72957.9,42624,1404.11
#5301,90196,53632
#5301,90042,53632
#5301,89134,53632
#5301,89124,53632
#5301,88621,53632
#5301,88700,53632
#5301,88469,53632
#5301,88474,53632
#5301,88262,53632
#5301,88284,53632
5301,88930.6,53632,1319.23
#6626,121793,67200
#6626,121562,67200
#6626,120787,67200
#6626,120807,67200
#6626,120871,67200
#6626,120551,67200
#6626,120245,67200
#6626,120318,67200
#6626,120503,67200
#6626,120594,67200
6626,120803,67200,960.177
#8282,156419,84096
#8282,156601,84096
#8282,155930,84096
#8282,154993,84096
#8282,155962,84096
#8282,155495,84096
#8282,157358,84096
#8282,155883,84096
#8282,155909,84096
#8282,170580,84096
8282,157513,84096,8794.61
#10352,176184,105216
#10352,176006,105216
#10352,175144,105216
#10352,175628,105216
#10352,174600,105216
#10352,174533,105216
#10352,174884,105216
#10352,174768,105216
#10352,175357,105216
#10352,191694,105216
10352,176880,105216,9934.89
#12940,224509,131456
#12940,224360,131456
#12940,223150,131456
#12940,223044,131456
#12940,223770,131456
#12940,224751,131456
#12940,222964,131456
#12940,226170,131456
#12940,222437,131456
#12940,222458,131456
12940,223761,131456,2251.68
#16175,289371,164096
#16175,288984,164096
#16175,288736,164096
#16175,287747,164096
#16175,284763,164096
#16175,284673,164096
#16175,284967,164096
#16175,285136,164096
#16175,284945,164096
#16175,288800,164096
16175,286812,164096,3912.37
#20218,349958,204672
#20218,350731,204672
#20218,349513,204672
#20218,351487,204672
#20218,349827,204672
#20218,349932,204672
#20218,349814,204672
#20218,349169,204672
#20218,349196,204672
#20218,349609,204672
20218,349924,204672,1339.42
#25272,447048,255232
#25272,447591,255232
#25272,444965,255232
#25272,445383,255232
#25272,444146,255232
#25272,444612,255232
#25272,443939,255232
#25272,444337,255232
#25272,444610,255232
#25272,444116,255232
25272,445075,255232,2398.2
#31590,622580,318336
#31590,617182,318336
#31590,619386,318336
#31590,616617,318336
#31590,616754,318336
#31590,619010,318336
#31590,616521,318336
#31590,615522,318336
#31590,616198,318336
#31590,615640,318336
31590,617541,318336,4151.61
#39487,840876,396544
#39487,846022,396544
#39487,811350,396544
#39487,831019,396544
#39487,812236,396544
#39487,811915,396544
#39487,812272,396544
#39487,811975,396544
#39487,816072,396544
#39487,812830,396544
39487,820657,396544,25467.5
#49358,1112784,494080
#49358,1066895,494080
#49358,1067964,494080
#49358,1070914,494080
#49358,1068272,494080
#49358,1065097,494080
#49358,1065047,494080
#49358,1067173,494080
#49358,1065239,494080
#49358,1065313,494080
49358,1.07147e+06,494080,27768.1
#61697,1360097,615680
#61697,1349833,615680
#61697,1372344,615680
#61697,1353166,615680
#61697,1352178,615680
#61697,1346599,615680
#61697,1315068,615680
#61697,1316289,615680
#61697,1338601,615680
#61697,1317240,615680
61697,1.34214e+06,615680,37788
#77121,1759109,767232
#77121,1751579,767232
#77121,1748492,767232
#77121,1751090,767232
#77121,1750377,767232
#77121,1751382,767232
#77121,1748605,767232
#77121,1747374,767232
#77121,1719885,767232
#77121,1724205,767232
77121,1.74521e+06,767232,24022.1
#96401,2284221,955648
#96401,2255354,955648
#96401,2259695,955648
#96401,2254483,955648
#96401,2255024,955648
#96401,2253114,955648
#96401,2251171,955648
#96401,2278537,955648
#96401,2450346,955648
#96401,2324900,955648
96401,2.28668e+06,955648,117398
#120501,2484419,1223552
#120501,2461412,1223552
#120501,2453775,1223552
#120501,2453845,1223552
#120501,2461943,1223552
#120501,2456034,1223552
#120501,2463378,1223552
#120501,2456870,1223552
#120501,2457614,1223552
#120501,2455050,1223552
120501,2.46043e+06,1223552,17250.4
#150626,3202670,1523840
#150626,3204375,1523840
#150626,3194613,1523840
#150626,3180252,1523840
#150626,3163108,1523840
#150626,3146881,1523840
#150626,3158867,1523840
#150626,3149827,1523840
#150626,3147409,1523840
#150626,3148248,1523840
150626,3.16962e+06,1523840,44966
#188282,4120383,1897600
#188282,4074773,1897600
#188282,4053628,1897600
#188282,4059282,1897600
#188282,4063931,1897600
#188282,4052796,1897600
#188282,4051591,1897600
#188282,4051020,1897600
#188282,4057893,1897600
#188282,4050565,1897600
188282,4.06359e+06,1897600,40442.6
#235352,5169949,2363136
#235352,5153134,2363136
#235352,5119844,2363136
#235352,5120662,2363136
#235352,5123883,2363136
#235352,5126855,2363136
#235352,5116704,2363136
#235352,5141568,2363136
#235352,5123836,2363136
#235352,5124674,2363136
235352,5.13211e+06,2363136,32870.4
#294190,6604938,2942720
#294190,6751913,2942720
#294190,6769184,2942720
#294190,6690758,2942720
#294190,6688810,2942720
#294190,6680522,2942720
#294190,6680751,2942720
#294190,6688956,2942720
#294190,6684947,2942720
#294190,6681095,2942720
294190,6.69219e+06,2942720,83843.5
#367737,8637122,3664384
#367737,8381473,3664384
#367737,8428850,3664384
#367737,8487399,3664384
#367737,8507725,3664384
#367737,8492339,3664384
#367737,8472337,3664384
#367737,8483880,3664384
#367737,8492490,3664384
#367737,8496131,3664384
367737,8.48797e+06,3664384,123030
#459671,11037447,4562944
#459671,11124089,4562944
#459671,11262371,4562944
#459671,11315099,4562944
#459671,11260861,4562944
#459671,11232461,4562944
#459671,11270780,4562944
#459671,11041073,4562944
#459671,11241618,4562944
#459671,11224084,4562944
459671,1.1201e+07,4562944,186174
#574588,14894517,5681664
#574588,14835081,5681664
#574588,14835274,5681664
#574588,15195075,5681664
#574588,14859737,5681664
#574588,15452558,5681664
#574588,15062943,5681664
#574588,15110928,5681664
#574588,15007474,5681664
#574588,14865963,5681664
574588,1.5012e+07,5681664,379924
#718235,20034290,7271040
#718235,20709326,7271040
#718235,19875738,7271040
#718235,19279456,7271040
#718235,19611506,7271040
#718235,19500722,7271040
#718235,19466109,7271040
#718235,19370763,7271040
#718235,19597491,7271040
#718235,19394754,7271040
718235,1.9684e+07,7271040,812405
#897793,31326141,9053184
#897793,30378164,9053184
#897793,30257933,9053184
#897793,30708255,9053184
#897793,30530949,9053184
#897793,30443377,9053184
#897793,30283804,9053184
#897793,30121374,9053184
#897793,30955754,9053184
#897793,31200852,9053184
897793,3.06207e+07,9053184,786612
#1122241,47232126,11272448
#1122241,47913448,11272448
#1122241,46733796,11272448
#1122241,46319722,11272448
#1122241,46702765,11272448
#1122241,46798148,11272448
#1122241,46909608,11272448
#1122241,46474251,11272448
#1122241,46323163,11272448
#1122241,46350545,11272448
1122241,4.67758e+07,11272448,940774
#1402801,68451044,14035456
#1402801,67730782,14035456
#1402801,67012003,14035456
#1402801,68217590,14035456
#1402801,68253708,14035456
#1402801,69169159,14035456
#1402801,68132998,14035456
#1402801,68049393,14035456
#1402801,67691697,14035456
#1402801,67769030,14035456
1402801,6.80477e+07,14035456,1.07265e+06
#1753501,96045069,17475584
#1753501,99541823,17475584
#1753501,96191400,17475584
#1753501,94993345,17475584
#1753501,96341827,17475584
#1753501,96411827,17475584
#1753501,96782116,17475584
#1753501,96257129,17475584
#1753501,95348445,17475584
#1753501,95956383,17475584
1753501,9.63869e+07,17475584,2.32293e+06
#2191876,131490283,21758848
#2191876,132422564,21758848
#2191876,132674234,21758848
#2191876,130642809,21758848
#2191876,130499248,21758848
#2191876,130181742,21758848
#2191876,131200831,21758848
#2191876,130028824,21758848
#2191876,130132664,21758848
#2191876,130146766,21758848
2191876,1.30942e+08,21758848,1.8488e+06
#2739845,176536627,27091712
#2739845,177267115,27091712
#2739845,178780681,27091712
#2739845,177672140,27091712
#2739845,180003703,27091712
#2739845,177035193,27091712
#2739845,177601171,27091712
#2739845,177405856,27091712
#2739845,177477716,27091712
#2739845,176805023,27091712
2739845,1.77659e+08,27091712,1.93783e+06
#3424806,200796531,34668672
#3424806,201391124,34668672
#3424806,202254382,34668672
#3424806,202845943,34668672
#3424806,201489790,34668672
#3424806,203283660,34668672
#3424806,203860366,34668672
#3424806,200057616,34668672
#3424806,201322933,34668672
#3424806,202060223,34668672
3424806,2.01936e+08,34668672,2.2057e+06
#4281007,265883777,43165568
#4281007,271824868,43165568
#4281007,268358646,43165568
#4281007,269807294,43165568
#4281007,265547044,43165568
#4281007,267460595,43165568
#4281007,266206557,43165568
#4281007,269870001,43165568
#4281007,264443711,43165568
#4281007,266538039,43165568
4281007,2.67594e+08,43165568,4.41184e+06
#5351258,346484485,53744640
#5351258,350607478,53744640
#5351258,349631886,53744640
#5351258,348082524,53744640
#5351258,347224571,53744640
#5351258,348396157,53744640
#5351258,345885292,53744640
#5351258,346186932,53744640
#5351258,351468028,53744640
#5351258,347665902,53744640
5351258,3.48163e+08,53744640,3.58637e+06
#6689072,451846482,66916480
#6689072,454063469,66916480
#6689072,450769152,66916480
#6689072,453647051,66916480
#6689072,449255297,66916480
#6689072,452324347,66916480
#6689072,448360883,66916480
#6689072,447845300,66916480
#6689072,452643135,66916480
#6689072,460645272,66916480
6689072,4.5214e+08,66916480,6.97455e+06
#8361340,586003046,83315968
#8361340,579121005,83315968
#8361340,585434648,83315968
#8361340,665888439,83315968
#8361340,589915083,83315968
#8361340,591365085,83315968
#8361340,590650006,83315968
#8361340,588034411,83315968
#8361340,591878528,83315968
#8361340,584460566,83315968
8361340,5.95275e+08,83315968,4.76501e+07
