#1,304,256
#1,51,256
#1,26,256
#1,26,256
#1,25,256
1,86.4,256,218.484
#2,49,256
#2,39,256
#2,33,256
#2,33,256
#2,33,256
2,37.4,256,12.4964
#3,50,256
#3,41,256
#3,33,256
#3,33,256
#3,33,256
3,38,256,13.5056
#4,44,256
#4,46,256
#4,43,256
#4,41,256
#4,44,256
4,43.6,256,3.24962
#5,50,256
#5,48,256
#5,42,256
#5,44,256
#5,42,256
5,45.2,256,6.49923
#6,134,256
#6,94,256
#6,48,256
#6,49,256
#6,48,256
6,74.6,256,69.1387
#7,73,256
#7,84,256
#7,55,256
#7,54,256
#7,52,256
7,63.6,256,25.3803
#8,76,256
#8,73,256
#8,57,256
#8,53,256
#8,55,256
8,62.8,256,19.3659
#9,96,256
#9,84,256
#9,64,256
#9,64,256
#9,66,256
9,74.8,256,25.9969
#10,67,256
#10,66,256
#10,64,256
#10,64,256
#10,64,256
10,65,256,2.52982
#11,96,256
#11,79,256
#11,92,256
#11,68,256
#11,66,256
11,80.2,256,24.3442
#12,86,256
#12,83,256
#12,78,256
#12,69,256
#12,70,256
12,77.2,256,13.5882
#13,100,384
#13,81,384
#13,73,384
#13,75,384
#13,75,384
13,80.8,384,19.9359
#14,169,384
#14,132,384
#14,96,384
#14,96,384
#14,95,384
14,117.6,384,58.6051
#15,133,384
#15,120,384
#15,85,384
#15,84,384
#15,85,384
15,101.4,384,41.811
#16,119,384
#16,118,384
#16,104,384
#16,101,384
#16,102,384
16,108.8,384,15.97
#17,144,384
#17,137,384
#17,103,384
#17,93,384
#17,95,384
17,114.4,384,43.37
#18,114,384
#18,131,384
#18,117,384
#18,118,384
#18,101,384
18,116.2,384,19.1583
#19,134,384
#19,133,384
#19,114,384
#19,104,384
#19,104,384
19,117.8,384,26.6653
#20,158,384
#20,161,384
#20,143,384
#20,117,384
#20,108,384
20,137.4,384,42.8318
#21,264,384
#21,208,384
#21,137,384
#21,117,384
#21,116,384
21,168.4,384,116.897
#22,286,384
#22,226,384
#22,177,384
#22,134,384
#22,126,384
22,189.8,384,119.709
#23,288,384
#23,257,384
#23,190,384
#23,132,384
#23,134,384
23,200.2,384,126.721
#24,204,384
#24,180,384
#24,169,384
#24,134,384
#24,136,384
24,164.6,384,53.3906
#25,213,896
#25,194,896
#25,155,896
#25,133,896
#25,133,896
25,165.6,896,65.0612
#26,181,896
#26,177,896
#26,156,896
#26,134,896
#26,133,896
26,156.2,896,40.7804
#27,180,896
#27,190,896
#27,179,896
#27,159,896
#27,145,896
27,170.6,896,32.5601
#28,240,896
#28,200,896
#28,142,896
#28,142,896
#28,145,896
28,173.8,896,79.603
#29,201,896
#29,212,896
#29,197,896
#29,161,896
#29,145,896
29,183.2,896,51.2937
#30,236,896
#30,229,896
#30,216,896
#30,196,896
#30,172,896
30,209.8,896,46.5858
#31,254,896
#31,224,896
#31,199,896
#31,188,896
#31,167,896
31,206.4,896,60.1412
#32,230,896
#32,226,896
#32,203,896
#32,174,896
#32,165,896
32,199.6,896,52.803
#33,293,896
#33,285,896
#33,218,896
#33,189,896
#33,190,896
33,235,896,90.748
#34,246,896
#34,241,896
#34,194,896
#34,174,896
#34,172,896
34,205.4,896,64.1698
#35,239,896
#35,261,896
#35,220,896
#35,203,896
#35,175,896
35,219.6,896,59.0268
#36,316,896
#36,292,896
#36,230,896
#36,184,896
#36,185,896
36,241.4,896,108.559
#37,292,896
#37,265,896
#37,250,896
#37,218,896
#37,203,896
37,245.6,896,64.0325
#38,241,896
#38,219,896
#38,205,896
#38,199,896
#38,200,896
38,212.8,896,31.6076
#39,273,896
#39,235,896
#39,222,896
#39,212,896
#39,198,896
39,228,896,51.1156
#40,251,896
#40,263,896
#40,216,896
#40,210,896
#40,209,896
40,229.8,896,45.3149
#42,298,896
#42,296,896
#42,235,896
#42,210,896
#42,209,896
42,249.6,896,79.6251
#44,299,896
#44,286,896
#44,275,896
#44,248,896
#44,251,896
44,271.8,896,39.5049
#46,340,896
#46,303,896
#46,260,896
#46,236,896
#46,226,896
46,273,896,85.4915
#48,505,896
#48,481,896
#48,309,896
#48,264,896
#48,250,896
48,361.8,896,218.297
#50,423,1536
#50,391,1536
#50,343,1536
#50,274,1536
#50,257,1536
50,337.6,1536,128.733
#52,316,1536
#52,346,1536
#52,343,1536
#52,312,1536
#52,289,1536
52,321.2,1536,42.3207
#54,386,1536
#54,366,1536
#54,323,1536
#54,284,1536
#54,286,1536
54,329,1536,82.5978
#56,373,1536
#56,365,1536
#56,351,1536
#56,303,1536
#56,300,1536
56,338.4,1536,61.9109
#58,387,1536
#58,365,1536
#58,353,1536
#58,307,1536
#58,306,1536
58,343.6,1536,64.3938
#60,396,1536
#60,410,1536
#60,404,1536
#60,358,1536
#60,330,1536
60,379.6,1536,61.4179
#63,400,1536
#63,391,1536
#63,356,1536
#63,334,1536
#63,335,1536
63,363.2,1536,55.3303
#66,466,1536
#66,443,1536
#66,387,1536
#66,355,1536
#66,351,1536
66,400.4,1536,92.9482
#69,484,1536
#69,482,1536
#69,394,1536
#69,361,1536
#69,339,1536
69,412,1536,121.121
#72,579,1536
#72,581,1536
#72,358,1536
#72,355,1536
#72,358,1536
72,446.2,1536,218.509
#75,543,1536
#75,545,1536
#75,468,1536
#75,402,1536
#75,389,1536
75,469.4,1536,133.09
#78,680,1536
#78,580,1536
#78,414,1536
#78,398,1536
#78,398,1536
78,494,1536,231.212
#81,716,1536
#81,671,1536
#81,505,1536
#81,446,1536
#81,395,1536
81,546.6,1536,251.404
#85,675,1536
#85,616,1536
#85,549,1536
#85,487,1536
#85,455,1536
85,556.4,1536,161.917
#89,829,1536
#89,782,1536
#89,526,1536
#89,504,1536
#89,475,1536
89,623.2,1536,300.92
#93,1296,1536
#93,1047,1536
#93,692,1536
#93,565,1536
#93,553,1536
93,830.6,1536,586.68
#97,740,1536
#97,662,1536
#97,554,1536
#97,542,1536
#97,526,1536
97,604.8,1536,165.614
#101,669,2432
#101,637,2432
#101,606,2432
#101,573,2432
#101,557,2432
101,608.4,2432,81.9327
#106,631,2432
#106,584,2432
#106,548,2432
#106,548,2432
#106,541,2432
106,570.4,2432,67.6769
#111,652,2432
#111,660,2432
#111,618,2432
#111,593,2432
#111,582,2432
111,621,2432,61.9419
#116,660,2432
#116,658,2432
#116,627,2432
#116,635,2432
#116,628,2432
116,641.6,2432,28.9717
#121,761,2432
#121,762,2432
#121,678,2432
#121,616,2432
#121,614,2432
121,686.2,2432,131.298
#127,888,2432
#127,889,2432
#127,802,2432
#127,706,2432
#127,677,2432
127,792.4,2432,177.415
#133,899,2432
#133,879,2432
#133,789,2432
#133,757,2432
#133,747,2432
133,814.2,2432,125.898
#139,996,2432
#139,966,2432
#139,750,2432
#139,730,2432
#139,683,2432
139,825,2432,259.131
#145,1144,2432
#145,993,2432
#145,802,2432
#145,798,2432
#145,777,2432
145,902.8,2432,287.448
#152,1316,2432
#152,1129,2432
#152,832,2432
#152,811,2432
#152,789,2432
152,975.4,2432,421.367
#159,1146,2432
#159,1101,2432
#159,955,2432
#159,881,2432
#159,820,2432
159,980.6,2432,250.154
#166,1828,2432
#166,1499,2432
#166,999,2432
#166,967,2432
#166,936,2432
166,1245.8,2432,714.245
#174,1653,2432
#174,1335,2432
#174,977,2432
#174,916,2432
#174,887,2432
174,1153.6,2432,593.985
#182,1586,2432
#182,1214,2432
#182,988,2432
#182,983,2432
#182,932,2432
182,1140.6,2432,486.133
#191,1294,3968
#191,1270,3968
#191,1084,3968
#191,1015,3968
#191,997,3968
191,1132,3968,252.2
#200,1185,3968
#200,1130,3968
#200,1085,3968
#200,1070,3968
#200,1054,3968
200,1104.8,3968,94.8717
#210,1290,3968
#210,1293,3968
#210,1142,3968
#210,1094,3968
#210,1085,3968
210,1180.8,3968,184.891
#220,1344,3968
#220,1282,3968
#220,1226,3968
#220,1151,3968
#220,1131,3968
220,1226.8,3968,159.265
#231,1575,3968
#231,1592,3968
#231,1296,3968
#231,1259,3968
#231,1208,3968
231,1386,3968,327.5
#242,1596,3968
#242,1595,3968
#242,1412,3968
#242,1310,3968
#242,1280,3968
242,1438.6,3968,270.755
#254,1779,3968
#254,1651,3968
#254,1418,3968
#254,1405,3968
#254,1305,3968
254,1511.6,3968,350.706
#266,1969,3968
#266,1932,3968
#266,1571,3968
#266,1481,3968
#266,1429,3968
266,1676.4,3968,457.334
#279,2349,3968
#279,1938,3968
#279,1559,3968
#279,1511,3968
#279,1463,3968
279,1764,3968,674.766
#292,3011,3968
#292,2280,3968
#292,1746,3968
#292,1647,3968
#292,1568,3968
292,2050.4,3968,1082.06
#306,3403,3968
#306,2622,3968
#306,2112,3968
#306,1919,3968
#306,1812,3968
306,2373.6,3968,1170.25
#321,3620,3968
#321,2880,3968
#321,2141,3968
#321,1976,3968
#321,1923,3968
321,2508,3968,1306.86
#337,2127,6656
#337,2027,6656
#337,1812,6656
#337,1761,6656
#337,1778,6656
337,1901,6656,296.111
#353,2225,6656
#353,2132,6656
#353,1992,6656
#353,1917,6656
#353,1915,6656
353,2036.2,6656,246.048
#370,2443,6656
#370,2416,6656
#370,2147,6656
#370,2037,6656
#370,2009,6656
370,2210.4,6656,369.89
#388,2741,6656
#388,2641,6656
#388,2352,6656
#388,2237,6656
#388,2138,6656
388,2421.8,6656,464.33
#407,2842,6656
#407,2602,6656
#407,2368,6656
#407,2331,6656
#407,2282,6656
407,2485,6656,419.287
#427,3199,6656
#427,2757,6656
#427,2364,6656
#427,2339,6656
#427,2268,6656
427,2585.4,6656,702.239
#448,3340,6656
#448,3206,6656
#448,2775,6656
#448,2489,6656
#448,2444,6656
448,2850.8,6656,730.816
#470,3831,6656
#470,3287,6656
#470,2846,6656
#470,2738,6656
#470,2649,6656
470,3070.2,6656,878.112
#493,3826,6656
#493,3345,6656
#493,2831,6656
#493,2835,6656
#493,2675,6656
493,3102.4,6656,853.362
#517,4406,6656
#517,3351,6656
#517,2894,6656
#517,2784,6656
#517,2718,6656
517,3230.6,6656,1255.89
#542,5113,6656
#542,4041,6656
#542,3367,6656
#542,3167,6656
#542,3005,6656
542,3738.6,6656,1544.9
#569,6601,6656
#569,5401,6656
#569,4252,6656
#569,3868,6656
#569,3604,6656
569,4745.2,6656,2225.15
#597,3649,11392
#597,3579,11392
#597,3242,11392
#597,3204,11392
#597,3149,11392
597,3364.6,11392,413.915
#626,3993,11392
#626,3772,11392
#626,3560,11392
#626,3436,11392
#626,3322,11392
626,3616.6,11392,480.363
#657,4383,11392
#657,4133,11392
#657,3802,11392
#657,3697,11392
#657,3596,11392
657,3922.2,11392,585.384
#689,4490,11392
#689,4405,11392
#689,3935,11392
#689,3881,11392
#689,3700,11392
689,4082.2,11392,618.855
#723,4889,11392
#723,4496,11392
#723,4134,11392
#723,4063,11392
#723,3901,11392
723,4296.6,11392,708.918
#759,5803,11392
#759,5089,11392
#759,4445,11392
#759,4333,11392
#759,4145,11392
759,4763,11392,1218.47
#796,5872,11392
#796,5226,11392
#796,4721,11392
#796,4618,11392
#796,4390,11392
796,4965.4,11392,1058.81
#835,6071,11392
#835,5616,11392
#835,5036,11392
#835,4916,11392
#835,4666,11392
835,5261,11392,1022.08
#876,7300,11392
#876,6714,11392
#876,5799,11392
#876,5429,11392
#876,5167,11392
876,6081.8,11392,1606.65
#919,8324,11392
#919,7240,11392
#919,6231,11392
#919,5761,11392
#919,5570,11392
919,6625.2,11392,2055.16
#964,9920,11392
#964,8114,11392
#964,6751,11392
#964,6259,11392
#964,6106,11392
964,7430,11392,2864.01
#1012,12815,11392
#1012,11275,11392
#1012,9871,11392
#1012,8966,11392
#1012,8079,11392
1012,10201.2,11392,3361.37
#1062,6683,19584
#1062,6549,19584
#1062,6080,19584
#1062,5888,19584
#1062,5845,19584
1062,6209,19584,688.45
#1115,7357,19584
#1115,7300,19584
#1115,6638,19584
#1115,6482,19584
#1115,6350,19584
1115,6825.4,19584,842.326
#1170,7466,19584
#1170,7256,19584
#1170,6924,19584
#1170,6770,19584
#1170,6732,19584
1170,7029.6,19584,571.882
#1228,8530,19584
#1228,7953,19584
#1228,7302,19584
#1228,7164,19584
#1228,6974,19584
1228,7584.6,19584,1152.08
#1289,8767,19584
#1289,8471,19584
#1289,8005,19584
#1289,7449,19584
#1289,7393,19584
1289,8017,19584,1088.4
#1353,9643,19584
#1353,9029,19584
#1353,8464,19584
#1353,8047,19584
#1353,7835,19584
1353,8603.6,19584,1321.02
#1420,10124,19584
#1420,9527,19584
#1420,8745,19584
#1420,8424,19584
#1420,8213,19584
1420,9006.6,19584,1430.26
#1491,12227,19584
#1491,11047,19584
#1491,9948,19584
#1491,9503,19584
#1491,9114,19584
1491,10367.8,19584,2265.23
#1565,14561,19584
#1565,13143,19584
#1565,11860,19584
#1565,10940,19584
#1565,10337,19584
1565,12168.2,19584,3050.57
#1643,17904,19584
#1643,16065,19584
#1643,13874,19584
#1643,12949,19584
#1643,12243,19584
1643,14607,19584,4182.89
#1725,19338,19584
#1725,17838,19584
#1725,16526,19584
#1725,15178,19584
#1725,14380,19584
1725,16652,19584,3574.55
#1811,34731,19584
#1811,20557,19584
#1811,18521,19584
#1811,17718,19584
#1811,16913,19584
1811,21688,19584,13266.2
#1901,11910,33920
#1901,11740,33920
#1901,11114,33920
#1901,10864,33920
#1901,10821,33920
1901,11289.8,33920,903.023
#1996,12945,33920
#1996,12756,33920
#1996,11946,33920
#1996,11359,33920
#1996,11265,33920
1996,12054.2,33920,1386.76
#2095,13615,33920
#2095,13423,33920
#2095,12634,33920
#2095,12340,33920
#2095,12194,33920
2095,12841.2,33920,1149
#2199,13831,33920
#2199,13735,33920
#2199,12817,33920
#2199,12465,33920
#2199,12380,33920
2199,13045.6,33920,1240.81
#2308,15191,33920
#2308,15001,33920
#2308,13806,33920
#2308,13342,33920
#2308,13164,33920
2308,14100.8,33920,1682.66
#2423,16782,33920
#2423,16590,33920
#2423,15257,33920
#2423,14550,33920
#2423,14263,33920
2423,15488.4,33920,2063.52
#2544,18411,33920
#2544,17646,33920
#2544,16485,33920
#2544,15564,33920
#2544,15347,33920
2544,16690.6,33920,2364.63
#2671,23125,33920
#2671,22679,33920
#2671,20725,33920
#2671,19195,33920
#2671,18498,33920
2671,20844.4,33920,3666.85
#2804,25794,33920
#2804,24846,33920
#2804,23188,33920
#2804,21435,33920
#2804,20525,33920
2804,23157.6,33920,3969.9
#2944,28664,33920
#2944,27732,33920
#2944,27533,33920
#2944,23823,33920
#2944,23174,33920
2944,26185.2,33920,4472.22
#3091,36523,33920
#3091,35706,33920
#3091,33097,33920
#3091,31958,33920
#3091,30750,33920
3091,33606.8,33920,4386.4
#3245,20220,59008
#3245,20210,59008
#3245,19233,59008
#3245,18970,59008
#3245,18866,59008
3245,19499.8,59008,1192.19
#3407,21189,59008
#3407,21084,59008
#3407,20407,59008
#3407,20150,59008
#3407,19988,59008
3407,20563.6,59008,975.231
#3577,23017,59008
#3577,22950,59008
#3577,21976,59008
#3577,21606,59008
#3577,21392,59008
3577,22188.2,59008,1352.09
#3755,25283,59008
#3755,25088,59008
#3755,23971,59008
#3755,23592,59008
#3755,23401,59008
3755,24267,59008,1549.06
#3942,26955,59008
#3942,26851,59008
#3942,25172,59008
#3942,24581,59008
#3942,24520,59008
3942,25615.8,59008,2151.78
#4139,29180,59008
#4139,28973,59008
#4139,27464,59008
#4139,26733,59008
#4139,26403,59008
4139,27750.6,59008,2275.28
#4345,32572,59008
#4345,32287,59008
#4345,30310,59008
#4345,29258,59008
#4345,28954,59008
4345,30676.2,59008,3006.67
#4562,36549,59008
#4562,36127,59008
#4562,33758,59008
#4562,32692,59008
#4562,32140,59008
4562,34253.2,59008,3569.87
#4790,38584,59008
#4790,38292,59008
#4790,36020,59008
#4790,34614,59008
#4790,34135,59008
4790,36329,59008,3664.83
#5029,51651,59008
#5029,51073,59008
#5029,49439,59008
#5029,50545,59008
#5029,47117,59008
5029,49965,59008,3199.3
#5280,58137,59008
#5280,57132,59008
#5280,54515,59008
#5280,53562,59008
#5280,52481,59008
5280,55165.4,59008,4279.98
#5544,73075,59008
#5544,72005,59008
#5544,70339,59008
#5544,69678,59008
#5544,68904,59008
5544,70800.2,59008,3058.61
#5821,36884,102912
#5821,36674,102912
#5821,35862,102912
#5821,35488,102912
#5821,35420,102912
5821,36065.6,102912,1210.55
#6112,40382,102912
#6112,40189,102912
#6112,39191,102912
#6112,38756,102912
#6112,38620,102912
6112,39427.6,102912,1455.98
#6417,43131,102912
#6417,42974,102912
#6417,42090,102912
#6417,41557,102912
#6417,41435,102912
6417,42237.4,102912,1405.59
#6737,47460,102912
#6737,47209,102912
#6737,45930,102912
#6737,45463,102912
#6737,45072,102912
6737,46226.8,102912,1895.37
#7073,50344,102912
#7073,50033,102912
#7073,48787,102912
#7073,48174,102912
#7073,48049,102912
7073,49077.4,102912,1892.2
#7426,55805,102912
#7426,55592,102912
#7426,53854,102912
#7426,52989,102912
#7426,52686,102912
7426,54185.2,102912,2590.91
#7797,63525,102912
#7797,63359,102912
#7797,61924,102912
#7797,61079,102912
#7797,60425,102912
7797,62062.4,102912,2447.48
#8186,69617,102912
#8186,67522,102912
#8186,66076,102912
#8186,65219,102912
#8186,64639,102912
8186,66614.6,102912,3575.31
#8595,81817,102912
#8595,81045,102912
#8595,91826,102912
#8595,77022,102912
#8595,76471,102912
8595,81636.2,102912,11033.9
#9024,88803,102912
#9024,87999,102912
#9024,86730,102912
#9024,85969,102912
#9024,85465,102912
9024,86993.2,102912,2488.48
#9475,121663,102912
#9475,120197,102912
#9475,119577,102912
#9475,119202,102912
#9475,118254,102912
9475,119779,102912,2266.9
#9948,65255,179840
#9948,64986,179840
#9948,64044,179840
#9948,63522,179840
#9948,63330,179840
9948,64227.4,179840,1540.91
#10445,70237,179840
#10445,70155,179840
#10445,69035,179840
#10445,68626,179840
#10445,68473,179840
10445,69305.2,179840,1501.28
#10967,73581,179840
#10967,73577,179840
#10967,72239,179840
#10967,71993,179840
#10967,71820,179840
10967,72642,179840,1553.12
#11515,78027,179840
#11515,78304,179840
#11515,76800,179840
#11515,76275,179840
#11515,76149,179840
11515,77111,179840,1785.13
#12090,87729,179840
#12090,87663,179840
#12090,86703,179840
#12090,85967,179840
#12090,85643,179840
12090,86741,179840,1704.66
#12694,91614,179840
#12694,91237,179840
#12694,90055,179840
#12694,89547,179840
#12694,89237,179840
12694,90338,179840,1866.41
#13328,102134,179840
#13328,102058,179840
#13328,113907,179840
#13328,103174,179840
#13328,103045,179840
13328,104864,179840,9089.21
#13994,116228,179840
#13994,116468,179840
#13994,115247,179840
#13994,114652,179840
#13994,114483,179840
13994,115416,179840,1612.15
#14693,128237,179840
#14693,127410,179840
#14693,126653,179840
#14693,126060,179840
#14693,126080,179840
14693,126888,179840,1669.96
#15427,151472,179840
#15427,150961,179840
#15427,152663,179840
#15427,149723,179840
#15427,149441,179840
15427,150852,179840,2356.53
#16198,181202,179840
#16198,180133,179840
#16198,179983,179840
#16198,178936,179840
#16198,178960,179840
16198,179843,179840,1685.92
#17007,226812,179840
#17007,226328,179840
#17007,225771,179840
#17007,227577,179840
#17007,227365,179840
17007,226771,179840,1326.77
#17857,122690,314368
#17857,122291,314368
#17857,121319,314368
#17857,120993,314368
#17857,121190,314368
17857,121697,314368,1336.99
#18749,132304,314368
#18749,132501,314368
#18749,131673,314368
#18749,131499,314368
#18749,131060,314368
18749,131807,314368,1058.1
#19686,139168,314368
#19686,138982,314368
#19686,138131,314368
#19686,138099,314368
#19686,137799,314368
19686,138436,314368,1075.66
#20670,150570,314368
#20670,150950,314368
#20670,149753,314368
#20670,149858,314368
#20670,149753,314368
20670,150177,314368,985.207
#21703,165645,314368
#21703,165442,314368
#21703,164957,314368
#21703,164449,314368
#21703,164400,314368
21703,164979,314368,1009.77
#22788,175396,314368
#22788,175624,314368
#22788,174882,314368
#22788,174576,314368
#22788,174336,314368
22788,174963,314368,969.069
#23927,202647,314368
#23927,202419,314368
#23927,201648,314368
#23927,201442,314368
#23927,201236,314368
23927,201878,314368,1109.67
#25123,219179,314368
#25123,218693,314368
#25123,218618,314368
#25123,235407,314368
#25123,223501,314368
25123,223080,314368,12853.2
#26379,259843,314368
#26379,259338,314368
#26379,258998,314368
#26379,258571,314368
#26379,258388,314368
26379,259028,314368,1050.59
#27697,326050,314368
#27697,325864,314368
#27697,324924,314368
#27697,329663,314368
#27697,325496,314368
27697,326399,314368,3352.94
#29081,411288,314368
#29081,410224,314368
#29081,410642,314368
#29081,413772,314368
#29081,409910,314368
29081,411167,314368,2763.42
#30535,223972,549888
#30535,229030,549888
#30535,223327,549888
#30535,223283,549888
#30535,223087,549888
30535,224540,549888,4529.49
#32061,236474,549888
#32061,236791,549888
#32061,235786,549888
#32061,236056,549888
#32061,251011,549888
32061,239224,549888,11807.5
#33664,257930,549888
#33664,254320,549888
#33664,253453,549888
#33664,253417,549888
#33664,253250,549888
33664,254474,549888,3535.59
#35347,274689,549888
#35347,274431,549888
#35347,273737,549888
#35347,273595,549888
#35347,273384,549888
35347,273967,549888,1007.08
#37114,296432,549888
#37114,295907,549888
#37114,295796,549888
#37114,295744,549888
#37114,295716,549888
37114,295919,549888,529.359
#38969,315360,549888
#38969,318731,549888
#38969,333232,549888
#38969,322033,549888
#38969,322049,549888
38969,322281,549888,12018.1
#40917,357934,549888
#40917,359380,549888
#40917,354043,549888
#40917,353310,549888
#40917,352859,549888
40917,355505,549888,5281.85
#42962,399724,549888
#42962,400842,549888
#42962,398320,549888
#42962,398145,549888
#42962,397719,549888
42962,398950,549888,2321.9
#45110,438370,549888
#45110,440953,549888
#45110,436970,549888
#45110,436827,549888
#45110,437367,549888
45110,438097,549888,3052.5
#47365,531782,549888
#47365,531210,549888
#47365,531340,549888
#47365,531551,549888
#47365,530677,549888
47365,531312,549888,744.276
#49733,660613,549888
#49733,660115,549888
#49733,670900,549888
#49733,646443,549888
#49733,643848,549888
49733,656384,549888,19969.9
#52219,821707,549888
#52219,826997,549888
#52219,824810,549888
#52219,785053,549888
#52219,846726,549888
52219,821059,549888,40049.7
#54829,418335,962048
#54829,417957,962048
#54829,417341,962048
#54829,420182,962048
#54829,446619,962048
54829,424087,962048,22611.7
#57570,441365,962048
#57570,438746,962048
#57570,438089,962048
#57570,438069,962048
#57570,438061,962048
57570,438866,962048,2552.86
#60448,518274,962048
#60448,474798,962048
#60448,471993,962048
#60448,472623,962048
#60448,472089,962048
60448,481955,962048,36375.4
#63470,496427,962048
#63470,497467,962048
#63470,551620,962048
#63470,506922,962048
#63470,507434,962048
63470,511974,962048,40695
#66643,567914,962048
#66643,576556,962048
#66643,538961,962048
#66643,599311,962048
#66643,551412,962048
66643,566831,962048,41619
#69975,622880,962048
#69975,620509,962048
#69975,619873,962048
#69975,619813,962048
#69975,619569,962048
69975,620529,962048,2431.82
#73473,722771,962048
#73473,685211,962048
#73473,657493,962048
#73473,722531,962048
#73473,671286,962048
73473,691858,962048,53252.5
#77146,782080,962048
#77146,751321,962048
#77146,804394,962048
#77146,756927,962048
#77146,755897,962048
77146,770124,962048,40472.2
#81003,919524,962048
#81003,873458,962048
#81003,872442,962048
#81003,872532,962048
#81003,874126,962048
81003,882416,962048,37128.4
#85053,1014022,962048
#85053,1069539,962048
#85053,1036417,962048
#85053,1039769,962048
#85053,1036169,962048
85053,1.03918e+06,962048,35458.6
#89305,1296913,962048
#89305,1346662,962048
#89305,1310075,962048
#89305,1305348,962048
#89305,1307806,962048
89305,1.31336e+06,962048,34471.5
#93770,698226,1683328
#93770,759351,1683328
#93770,709574,1683328
#93770,709491,1683328
#93770,709536,1683328
93770,717236,1683328,43016.6
#98458,756094,1683328
#98458,745054,1683328
#98458,809193,1683328
#98458,762333,1683328
#98458,760103,1683328
98458,766555,1683328,44264.5
#103380,793205,1683328
#103380,834003,1683328
#103380,821652,1683328
#103380,810282,1683328
#103380,820226,1683328
103380,815874,1683328,27219.7
#108549,881204,1683328
#108549,881198,1683328
#108549,914148,1683328
#108549,871421,1683328
#108549,873100,1683328
108549,884214,1683328,31001.7
#113976,949234,1683328
#113976,949713,1683328
#113976,944383,1683328
#113976,943508,1683328
#113976,943644,1683328
113976,946096,1683328,5555.12
#119674,1042445,1683328
#119674,1074967,1683328
#119674,1039459,1683328
#119674,1036503,1683328
#119674,1036341,1683328
119674,1.04594e+06,1683328,29366.4
#125657,1168498,1683328
#125657,1195630,1683328
#125657,1141013,1683328
#125657,1140378,1683328
#125657,1140238,1683328
125657,1.15715e+06,1683328,44156.1
#131939,1303843,1683328
#131939,1321095,1683328
#131939,1277254,1683328
#131939,1279206,1683328
#131939,1276807,1683328
131939,1.29164e+06,1683328,35755.7
#138535,1522283,1683328
#138535,1464253,1683328
#138535,1448367,1683328
#138535,1448810,1683328
#138535,1447312,1683328
138535,1.4662e+06,1683328,57454.5
#145461,1728096,1683328
#145461,1670228,1683328
#145461,1699480,1683328
#145461,1715716,1683328
#145461,1694153,1683328
145461,1.70153e+06,1683328,39450.6
#152734,2083942,1683328
#152734,2048209,1683328
#152734,2141481,1683328
#152734,2071802,1683328
#152734,2072262,1683328
152734,2.08354e+06,1683328,62421.6
#160370,2644562,1683328
#160370,2595123,1683328
#160370,2629442,1683328
#160370,2627920,1683328
#160370,2630703,1683328
160370,2.62555e+06,1683328,32675.1
#168388,1426762,2945536
#168388,1343680,2945536
#168388,1314855,2945536
#168388,1343045,2945536
#168388,1346780,2945536
168388,1.35502e+06,2945536,75366
#176807,1493124,2945536
#176807,1385611,2945536
#176807,1368933,2945536
#176807,1445480,2945536
#176807,1429259,2945536
176807,1.42448e+06,2945536,88417.7
#185647,1552051,2945536
#185647,1524025,2945536
#185647,1542951,2945536
#185647,1502439,2945536
#185647,1499359,2945536
185647,1.52416e+06,2945536,42122.9
#194929,1625735,2945536
#194929,1646295,2945536
#194929,1630627,2945536
#194929,1621319,2945536
#194929,1648249,2945536
194929,1.63444e+06,2945536,21793.7
#204675,1803194,2945536
#204675,1748943,2945536
#204675,1780566,2945536
#204675,1814891,2945536
#204675,1793703,2945536
204675,1.78826e+06,2945536,45315.6
#214908,2007673,2945536
#214908,2004145,2945536
#214908,2000099,2945536
#214908,1939898,2945536
#214908,1966151,2945536
214908,1.98359e+06,2945536,52825.4
#225653,2158047,2945536
#225653,2151156,2945536
#225653,2140566,2945536
#225653,2191229,2945536
#225653,2139770,2945536
225653,2.15615e+06,2945536,37632.3
#236935,2456731,2945536
#236935,2410011,2945536
#236935,2413985,2945536
#236935,2398951,2945536
#236935,2464913,2945536
236935,2.42892e+06,2945536,53274.3
#248781,2840491,2945536
#248781,2760708,2945536
#248781,2801079,2945536
#248781,2778154,2945536
#248781,2816343,2945536
248781,2.79936e+06,2945536,56048.6
#261220,3296830,2945536
#261220,3326510,2945536
#261220,3283925,2945536
#261220,3394998,2945536
#261220,3318532,2945536
261220,3.32416e+06,2945536,77050.6
#274281,4121618,2945536
#274281,4127392,2945536
#274281,4095371,2945536
#274281,4186025,2945536
#274281,4110805,2945536
274281,4.12824e+06,2945536,61761
#287995,2811340,5154432
#287995,2577684,5154432
#287995,2476471,5154432
#287995,2519073,5154432
#287995,2492364,5154432
287995,2.57539e+06,5154432,245809
#302394,2765324,5154432
#302394,2671431,5154432
#302394,2608747,5154432
#302394,2652975,5154432
#302394,2676083,5154432
302394,2.67491e+06,5154432,102164
#317513,2925872,5154432
#317513,2786489,5154432
#317513,2802548,5154432
#317513,2857514,5154432
#317513,2828504,5154432
317513,2.84019e+06,5154432,98300.8
#333388,3037977,5154432
#333388,2988922,5154432
#333388,3014079,5154432
#333388,3023191,5154432
#333388,3019963,5154432
333388,3.01683e+06,5154432,32048.7
#350057,3342472,5154432
#350057,3301174,5154432
#350057,3240110,5154432
#350057,3271071,5154432
#350057,3307938,5154432
350057,3.29255e+06,5154432,69366.7
#367559,3591230,5154432
#367559,3524802,5154432
#367559,3584925,5154432
#367559,3552300,5154432
#367559,3549161,5154432
367559,3.56048e+06,5154432,49080.1
#385936,3858961,5154432
#385936,3904383,5154432
#385936,3910634,5154432
#385936,3926813,5154432
#385936,3914229,5154432
385936,3.903e+06,5154432,46413.6
#405232,4384924,5154432
#405232,4332800,5154432
#405232,4340332,5154432
#405232,4384512,5154432
#405232,4344879,5154432
405232,4.35749e+06,5154432,45129.5
#425493,5503835,5154432
#425493,4968437,5154432
#425493,5027114,5154432
#425493,5067243,5154432
#425493,5004131,5154432
425493,5.11415e+06,5154432,394934
#446767,5704199,5154432
#446767,5823703,5154432
#446767,5814468,5154432
#446767,5763685,5154432
#446767,5773750,5154432
446767,5.77596e+06,5154432,85170.2
#469105,6779182,5154432
#469105,6934159,5154432
#469105,6876254,5154432
#469105,7063361,5154432
#469105,6895511,5154432
469105,6.90969e+06,5154432,184532
#492560,9076221,5154432
#492560,8812830,5154432
#492560,8598591,5154432
#492560,8596768,5154432
#492560,8805121,5154432
492560,8.77791e+06,5154432,353176
#517188,9516491,9019904
#517188,9034020,9019904
#517188,9038442,9019904
#517188,9386141,9019904
#517188,8889197,9019904
517188,9.17286e+06,9019904,474452
#543047,9212746,9019904
#543047,9151303,9019904
#543047,9202195,9019904
#543047,9210277,9019904
#543047,9546311,9019904
543047,9.26457e+06,9019904,285281
#570199,9899182,9019904
#570199,9672563,9019904
#570199,9730904,9019904
#570199,9581212,9019904
#570199,9609995,9019904
570199,9.69877e+06,9019904,225540
#598708,10934407,9019904
#598708,11028081,9019904
#598708,10618683,9019904
#598708,10761855,9019904
#598708,10780711,9019904
598708,1.08247e+07,9019904,285275
#628643,10932098,9019904
#628643,11115969,9019904
#628643,12047988,9019904
#628643,10931467,9019904
#628643,10807034,9019904
628643,1.11669e+07,9019904,902873
#660075,11578307,9019904
#660075,11572235,9019904
#660075,11537096,9019904
#660075,11697084,9019904
#660075,11510784,9019904
660075,1.15791e+07,9019904,127748
#693078,13151374,9019904
#693078,14406500,9019904
#693078,13232486,9019904
#693078,13051474,9019904
#693078,13127673,9019904
693078,1.33939e+07,9019904,1.01916e+06
#727731,13464479,9019904
#727731,13450893,9019904
#727731,13582307,9019904
#727731,13707554,9019904
#727731,13436170,9019904
727731,1.35283e+07,9019904,207078
#764117,14817971,9019904
#764117,14932835,9019904
#764117,14705392,9019904
#764117,15000971,9019904
#764117,14815856,9019904
764117,1.48546e+07,9019904,205234
#802322,17278950,9019904
#802322,17148353,9019904
#802322,17431578,9019904
#802322,17289022,9019904
#802322,17264210,9019904
802322,1.72824e+07,9019904,180243
#842438,19523828,9019904
#842438,19733907,9019904
#842438,20071407,9019904
#842438,19467658,9019904
#842438,19729612,9019904
842438,1.97053e+07,9019904,424122
#884559,22182276,15784576
#884559,21995508,15784576
#884559,22108807,15784576
#884559,21982008,15784576
#884559,21994726,15784576
884559,2.20527e+07,15784576,158914
#928786,23413516,15784576
#928786,23160917,15784576
#928786,23170102,15784576
#928786,23152928,15784576
#928786,23175329,15784576
928786,2.32146e+07,15784576,199550
#975225,24544269,15784576
#975225,24405588,15784576
#975225,24426226,15784576
#975225,24446586,15784576
#975225,24705916,15784576
975225,2.45057e+07,15784576,221643
#1023986,25798248,15784576
#1023986,25993437,15784576
#1023986,25678343,15784576
#1023986,25649834,15784576
#1023986,25644018,15784576
1023986,2.57528e+07,15784576,265256
#1075185,27510496,15784576
#1075185,27383136,15784576
#1075185,27495269,15784576
#1075185,27379266,15784576
#1075185,27320978,15784576
1075185,2.74178e+07,15784576,146027
#1128944,28906051,15784576
#1128944,28797478,15784576
#1128944,28815134,15784576
#1128944,29258692,15784576
#1128944,28865381,15784576
1128944,2.89285e+07,15784576,338861
#1185391,30963277,15784576
#1185391,30776830,15784576
#1185391,30776775,15784576
#1185391,30986795,15784576
#1185391,30862876,15784576
1185391,3.08733e+07,15784576,178234
#1244660,33171733,15784576
#1244660,33131912,15784576
#1244660,33290186,15784576
#1244660,33451442,15784576
#1244660,33590105,15784576
1244660,3.33271e+07,15784576,344363
#1306893,36038619,15784576
#1306893,37107575,15784576
#1306893,36070016,15784576
#1306893,35833840,15784576
#1306893,35921302,15784576
1306893,3.61943e+07,15784576,928747
#1372237,39800451,15784576
#1372237,39653722,15784576
#1372237,40011141,15784576
#1372237,44806709,15784576
#1372237,40508602,15784576
1372237,4.09561e+07,15784576,3.8938e+06
#1440848,45091318,15784576
#1440848,45263617,15784576
#1440848,45803477,15784576
#1440848,45467214,15784576
#1440848,46311222,15784576
1440848,4.55874e+07,15784576,865325
#1512890,42999297,27622656
#1512890,42663683,27622656
#1512890,42677816,27622656
#1512890,42761231,27622656
#1512890,42821490,27622656
1512890,4.27847e+07,27622656,243352
#1588534,45415091,27622656
#1588534,45179529,27622656
#1588534,44953712,27622656
#1588534,45067385,27622656
#1588534,44960230,27622656
1588534,4.51152e+07,27622656,342290
#1667960,47614384,27622656
#1667960,47528484,27622656
#1667960,47352059,27622656
#1667960,47363829,27622656
#1667960,47677736,27622656
1667960,4.75073e+07,27622656,261760
#1751358,50079280,27622656
#1751358,50034825,27622656
#1751358,50043998,27622656
#1751358,50130636,27622656
#1751358,50521118,27622656
1751358,5.0162e+07,27622656,365393
#1838925,53246372,27622656
#1838925,53192915,27622656
#1838925,53830904,27622656
#1838925,53061915,27622656
#1838925,53097235,27622656
1838925,5.32859e+07,27622656,560715
#1930871,56314988,27622656
#1930871,56093724,27622656
#1930871,56139376,27622656
#1930871,56104326,27622656
#1930871,56358017,27622656
1930871,5.62021e+07,27622656,223237
#2027414,59935629,27622656
#2027414,59720671,27622656
#2027414,59844350,27622656
#2027414,59684295,27622656
#2027414,59784425,27622656
2027414,5.97939e+07,27622656,179104
#2128784,63602534,27622656
#2128784,63443079,27622656
#2128784,63412965,27622656
#2128784,63324790,27622656
#2128784,63374337,27622656
2128784,6.34315e+07,27622656,188435
#2235223,68998955,27622656
#2235223,68884938,27622656
#2235223,69518813,27622656
#2235223,69196851,27622656
#2235223,69443263,27622656
2235223,6.92086e+07,27622656,490016
#2346984,75275837,27622656
#2346984,75930430,27622656
#2346984,76036523,27622656
#2346984,75942286,27622656
#2346984,75658659,27622656
2346984,7.57687e+07,27622656,553564
#2464333,84054017,27622656
#2464333,84545332,27622656
#2464333,85155082,27622656
#2464333,84521620,27622656
#2464333,84311425,27622656
2464333,8.45175e+07,27622656,729156
#2587549,99871448,27622656
#2587549,99728276,27622656
#2587549,99975312,27622656
#2587549,100355958,27622656
#2587549,100437419,27622656
2587549,1.00074e+08,27622656,552713
#2716926,81690706,48339328
#2716926,81585950,48339328
#2716926,81833645,48339328
#2716926,81777335,48339328
#2716926,81726636,48339328
2716926,8.17229e+07,48339328,167412
#2852772,90518233,48339328
#2852772,86097951,48339328
#2852772,86976744,48339328
#2852772,86546142,48339328
#2852772,86087679,48339328
2852772,8.72453e+07,48339328,3.33821e+06
#2995410,91029414,48339328
#2995410,90574770,48339328
#2995410,90537857,48339328
#2995410,90965011,48339328
#2995410,90567853,48339328
2995410,9.0735e+07,48339328,430871
#3145180,95937429,48339328
#3145180,96094020,48339328
#3145180,96056742,48339328
#3145180,95984346,48339328
#3145180,96211049,48339328
3145180,9.60567e+07,48339328,189055
#3302439,101757672,48339328
#3302439,101982239,48339328
#3302439,101564701,48339328
#3302439,101342656,48339328
#3302439,101907262,48339328
3302439,1.01711e+08,48339328,465917
#3467560,108005672,48339328
#3467560,107685766,48339328
#3467560,108033570,48339328
#3467560,107700466,48339328
#3467560,107982834,48339328
3467560,1.07882e+08,48339328,309706
#3640938,115016295,48339328
#3640938,114945352,48339328
#3640938,115019891,48339328
#3640938,115120817,48339328
#3640938,115205374,48339328
3640938,1.15062e+08,48339328,182172
#3822984,124617561,48339328
#3822984,124100129,48339328
#3822984,124283978,48339328
#3822984,125232984,48339328
#3822984,124908956,48339328
3822984,1.24629e+08,48339328,820754
#4014133,134658477,48339328
#4014133,135333209,48339328
#4014133,134133159,48339328
#4014133,134393597,48339328
#4014133,134447370,48339328
4014133,1.34593e+08,48339328,812217
#4214839,148835138,48339328
#4214839,149230304,48339328
#4214839,149500245,48339328
#4214839,149305924,48339328
#4214839,149468625,48339328
4214839,1.49268e+08,48339328,477005
#4425580,170627506,48339328
#4425580,170921013,48339328
#4425580,171981566,48339328
#4425580,171479000,48339328
#4425580,171812806,48339328
4425580,1.71364e+08,48339328,1.03332e+06
#4646859,144648214,84593536
#4646859,144966542,84593536
#4646859,144452253,84593536
#4646859,144257985,84593536
#4646859,145683183,84593536
4646859,1.44802e+08,84593536,998191
#4879201,151821301,84593536
#4879201,152014564,84593536
#4879201,152860438,84593536
#4879201,151964664,84593536
#4879201,151788105,84593536
4879201,1.5209e+08,84593536,789082
#5123161,160667252,84593536
#5123161,170768096,84593536
#5123161,160481407,84593536
#5123161,160707692,84593536
#5123161,160582909,84593536
5123161,1.62641e+08,84593536,8.12811e+06
#5379319,169410672,84593536
#5379319,168940122,84593536
#5379319,169370035,84593536
#5379319,169242930,84593536
#5379319,169624609,84593536
5379319,1.69318e+08,84593536,450539
#5648284,255333699,84593536
#5648284,210356989,84593536
#5648284,197097588,84593536
#5648284,206244293,84593536
#5648284,185307754,84593536
5648284,2.10868e+08,84593536,4.76805e+07
#5930698,203601569,84593536
#5930698,206314889,84593536
#5930698,197106234,84593536
#5930698,198350288,84593536
#5930698,193677745,84593536
5930698,1.9981e+08,84593536,9.10979e+06
#6227232,202627058,84593536
#6227232,211282054,84593536
#6227232,209173347,84593536
#6227232,205007085,84593536
#6227232,203504268,84593536
6227232,2.06319e+08,84593536,6.69648e+06
#6538593,244999493,84593536
#6538593,263798975,84593536
#6538593,237634972,84593536
#6538593,242856715,84593536
#6538593,248770361,84593536
6538593,2.47612e+08,84593536,1.77164e+07
#6865522,287886686,84593536
#6865522,262268517,84593536
#6865522,238313001,84593536
#6865522,240951144,84593536
#6865522,237687065,84593536
6865522,2.53421e+08,84593536,3.89612e+07
#7208798,262843441,84593536
#7208798,263912512,84593536
#7208798,260502507,84593536
#7208798,263389106,84593536
#7208798,261194281,84593536
7208798,2.62368e+08,84593536,2.60951e+06
#7569237,292708491,84593536
#7569237,296973841,84593536
#7569237,293486479,84593536
#7569237,295901689,84593536
#7569237,294176746,84593536
7569237,2.94649e+08,84593536,3.13868e+06
#7947698,355910478,84593536
#7947698,354335664,84593536
#7947698,354588237,84593536
#7947698,354693375,84593536
#7947698,352256159,84593536
7947698,3.54357e+08,84593536,2.3654e+06
#8345082,267969579,148038400
#8345082,267424585,148038400
#8345082,271058839,148038400
#8345082,268012718,148038400
#8345082,270897676,148038400
8345082,2.69073e+08,148038400,3.14096e+06
#8762336,282627249,148038400
#8762336,284346501,148038400
#8762336,282021645,148038400
#8762336,285011371,148038400
#8762336,282539365,148038400
8762336,2.83309e+08,148038400,2.31325e+06
#9200452,298844202,148038400
#9200452,342100719,148038400
#9200452,339020722,148038400
#9200452,325548957,148038400
#9200452,320575588,148038400
9200452,3.25218e+08,148038400,3.08905e+07
#9660474,316659656,148038400
#9660474,317918061,148038400
#9660474,315414191,148038400
#9660474,326080545,148038400
#9660474,325149042,148038400
9660474,3.20244e+08,148038400,8.93126e+06
