#1,882,256
#1,104,256
#1,51,256
#1,49,256
#1,51,256
1,227.4,256,655.92
#2,95,256
#2,65,256
#2,64,256
#2,56,256
#2,58,256
2,67.6,256,28.2446
#3,70,256
#3,74,256
#3,69,256
#3,65,256
#3,64,256
3,68.4,256,7.22219
#4,84,256
#4,88,256
#4,77,256
#4,76,256
#4,79,256
4,80.8,256,9.06863
#5,123,256
#5,102,256
#5,82,256
#5,85,256
#5,84,256
5,95.2,256,31.2768
#6,126,256
#6,117,256
#6,89,256
#6,89,256
#6,91,256
6,102.4,256,31.7389
#7,195,256
#7,140,256
#7,136,256
#7,98,256
#7,96,256
7,133,256,72.0888
#8,138,256
#8,121,256
#8,110,256
#8,111,256
#8,111,256
8,118.2,256,21.3691
#9,132,256
#9,183,256
#9,151,256
#9,138,256
#9,142,256
9,149.2,256,35.9867
#10,117,256
#10,158,256
#10,155,256
#10,157,256
#10,148,256
10,147,256,30.8026
#11,153,256
#11,128,256
#11,122,256
#11,123,256
#11,122,256
11,129.6,256,23.8193
#12,184,256
#12,200,256
#12,145,256
#12,141,256
#12,131,256
12,160.2,256,53.6865
#13,184,384
#13,147,384
#13,146,384
#13,146,384
#13,144,384
13,153.4,384,30.662
#14,202,384
#14,201,384
#14,160,384
#14,164,384
#14,160,384
14,177.4,384,39.4685
#15,322,384
#15,229,384
#15,201,384
#15,153,384
#15,152,384
15,211.4,384,125.185
#16,255,384
#16,210,384
#16,194,384
#16,197,384
#16,168,384
16,204.8,384,57.123
#17,205,384
#17,225,384
#17,221,384
#17,199,384
#17,198,384
17,209.6,384,22.5424
#18,259,384
#18,254,384
#18,239,384
#18,202,384
#18,202,384
18,231.2,384,49.4676
#19,241,384
#19,259,384
#19,229,384
#19,192,384
#19,190,384
19,222.2,384,54.4265
#20,223,384
#20,249,384
#20,244,384
#20,195,384
#20,193,384
20,220.8,384,47.1322
#21,231,384
#21,232,384
#21,228,384
#21,227,384
#21,226,384
21,228.8,384,4.63033
#22,480,384
#22,404,384
#22,324,384
#22,233,384
#22,235,384
22,335.2,384,192.48
#23,350,384
#23,386,384
#23,310,384
#23,245,384
#23,233,384
23,304.8,384,117.965
#24,318,384
#24,389,384
#24,334,384
#24,267,384
#24,243,384
24,310.2,384,102.835
#25,234,640
#25,279,640
#25,278,640
#25,276,640
#25,260,640
25,265.4,640,34.3069
#26,366,640
#26,348,640
#26,307,640
#26,293,640
#26,296,640
26,322,640,59.0186
#27,356,640
#27,380,640
#27,292,640
#27,273,640
#27,256,640
27,311.4,640,96.3959
#28,367,640
#28,331,640
#28,309,640
#28,285,640
#28,290,640
28,316.4,640,60.0746
#29,499,640
#29,429,640
#29,353,640
#29,292,640
#29,280,640
29,370.6,640,166.357
#30,655,640
#30,671,640
#30,408,640
#30,320,640
#30,324,640
30,475.6,640,312.575
#31,399,640
#31,422,640
#31,376,640
#31,319,640
#31,317,640
31,366.6,640,84.5373
#32,728,640
#32,704,640
#32,374,640
#32,335,640
#32,337,640
32,495.6,640,361.301
#33,542,640
#33,545,640
#33,416,640
#33,337,640
#33,340,640
33,436,640,184.465
#34,676,640
#34,641,640
#34,440,640
#34,363,640
#34,346,640
34,493.2,640,278.152
#35,495,640
#35,464,640
#35,412,640
#35,360,640
#35,337,640
35,413.6,640,119.697
#36,453,640
#36,459,640
#36,391,640
#36,352,640
#36,372,640
36,405.4,640,86.3166
#37,476,1152
#37,421,1152
#37,426,1152
#37,397,1152
#37,376,1152
37,419.2,1152,67.1404
#38,552,1152
#38,530,1152
#38,402,1152
#38,357,1152
#38,339,1152
38,436,1152,176.857
#39,554,1152
#39,535,1152
#39,486,1152
#39,444,1152
#39,418,1152
39,487.4,1152,103.55
#40,481,1152
#40,446,1152
#40,376,1152
#40,374,1152
#40,350,1152
40,405.4,1152,99.129
#42,407,1152
#42,429,1152
#42,407,1152
#42,394,1152
#42,394,1152
42,406.2,1152,25.5937
#44,472,1152
#44,474,1152
#44,446,1152
#44,433,1152
#44,437,1152
44,452.4,1152,34.701
#46,626,1152
#46,593,1152
#46,509,1152
#46,524,1152
#46,472,1152
46,544.8,1152,112.892
#48,685,1152
#48,717,1152
#48,575,1152
#48,447,1152
#48,478,1152
48,580.4,1152,215.242
#50,820,1152
#50,829,1152
#50,532,1152
#50,476,1152
#50,443,1152
50,620,1152,338.81
#52,742,1152
#52,766,1152
#52,590,1152
#52,472,1152
#52,456,1152
52,605.2,1152,260.469
#54,592,1152
#54,616,1152
#54,545,1152
#54,486,1152
#54,524,1152
54,552.6,1152,93.3089
#56,803,1152
#56,829,1152
#56,716,1152
#56,564,1152
#56,507,1152
56,683.8,1152,256.029
#58,850,1152
#58,802,1152
#58,546,1152
#58,527,1152
#58,529,1152
58,650.8,1152,288.009
#60,1033,1152
#60,1026,1152
#60,635,1152
#60,597,1152
#60,588,1152
60,775.8,1152,415.514
#63,816,1536
#63,785,1536
#63,721,1536
#63,599,1536
#63,625,1536
63,709.2,1536,170.938
#66,746,1536
#66,766,1536
#66,698,1536
#66,636,1536
#66,599,1536
66,689,1536,127.021
#69,1042,1536
#69,1036,1536
#69,690,1536
#69,642,1536
#69,640,1536
69,810,1536,375.685
#72,916,1536
#72,926,1536
#72,796,1536
#72,726,1536
#72,678,1536
72,808.4,1536,198.706
#75,910,1536
#75,933,1536
#75,798,1536
#75,673,1536
#75,736,1536
75,810,1536,199.034
#78,1204,1536
#78,1161,1536
#78,761,1536
#78,711,1536
#78,678,1536
78,903,1536,460.276
#81,1145,1536
#81,1142,1536
#81,860,1536
#81,773,1536
#81,712,1536
81,926.4,1536,366.799
#85,1079,1536
#85,1036,1536
#85,874,1536
#85,780,1536
#85,781,1536
85,910,1536,251.832
#89,1080,1536
#89,1092,1536
#89,952,1536
#89,892,1536
#89,756,1536
89,954.4,1536,249.754
#93,1668,1536
#93,1338,1536
#93,887,1536
#93,819,1536
#93,822,1536
93,1106.8,1536,681.558
#97,1076,2048
#97,1047,2048
#97,982,2048
#97,927,2048
#97,875,2048
97,981.4,2048,148.413
#101,1189,2048
#101,1136,2048
#101,1042,2048
#101,928,2048
#101,924,2048
101,1043.8,2048,214.194
#106,1465,2048
#106,1265,2048
#106,973,2048
#106,909,2048
#106,886,2048
106,1099.6,2048,455.065
#111,1293,2048
#111,1316,2048
#111,1110,2048
#111,892,2048
#111,907,2048
111,1103.6,2048,362.716
#116,1581,2048
#116,1350,2048
#116,1045,2048
#116,1023,2048
#116,969,2048
116,1193.6,2048,470.039
#121,2178,2048
#121,1888,2048
#121,1265,2048
#121,1166,2048
#121,1105,2048
121,1520.4,2048,862.996
#127,2340,2048
#127,1820,2048
#127,1218,2048
#127,1088,2048
#127,1064,2048
127,1506,2048,998.873
#133,2130,2048
#133,1685,2048
#133,1150,2048
#133,1119,2048
#133,1103,2048
133,1437.4,2048,818.194
#139,3476,2048
#139,2743,2048
#139,1764,2048
#139,1458,2048
#139,1319,2048
139,2152,2048,1656.1
#145,1615,2816
#145,1465,2816
#145,1427,2816
#145,1428,2816
#145,1461,2816
145,1479.2,2816,139.487
#152,1746,2816
#152,1671,2816
#152,1480,2816
#152,1381,2816
#152,1368,2816
152,1529.2,2816,306.567
#159,1817,2816
#159,1762,2816
#159,1526,2816
#159,1450,2816
#159,1406,2816
159,1592.2,2816,333.035
#166,2063,2816
#166,1982,2816
#166,1455,2816
#166,1459,2816
#166,1441,2816
166,1680,2816,561.769
#174,2652,2816
#174,2262,2816
#174,1779,2816
#174,1613,2816
#174,1500,2816
174,1961.2,2816,864.792
#182,2741,2816
#182,2232,2816
#182,1671,2816
#182,1557,2816
#182,1492,2816
182,1938.6,2816,957.751
#191,2563,2816
#191,2387,2816
#191,1918,2816
#191,1884,2816
#191,1818,2816
191,2114,2816,603.365
#200,3135,2816
#200,2678,2816
#200,1946,2816
#200,1887,2816
#200,1662,2816
200,2261.6,2816,1108.39
#210,3958,2816
#210,2969,2816
#210,2216,2816
#210,1895,2816
#210,1842,2816
210,2576,2816,1599.12
#220,3093,3840
#220,2520,3840
#220,1923,3840
#220,1803,3840
#220,1771,3840
220,2222,3840,1025.99
#231,2765,3840
#231,2722,3840
#231,2224,3840
#231,2168,3840
#231,2071,3840
231,2390,3840,586.14
#242,2688,3840
#242,2603,3840
#242,2256,3840
#242,2202,3840
#242,2121,3840
242,2374,3840,454.8
#254,3788,3840
#254,2771,3840
#254,2228,3840
#254,2095,3840
#254,2104,3840
254,2597.2,3840,1289.95
#266,3554,3840
#266,3098,3840
#266,2609,3840
#266,2468,3840
#266,2360,3840
266,2817.8,3840,892.655
#279,4815,3840
#279,3811,3840
#279,2945,3840
#279,2610,3840
#279,2457,3840
279,3327.6,3840,1758.48
#292,6833,3840
#292,5284,3840
#292,4008,3840
#292,3396,3840
#292,2936,3840
292,4491.4,3840,2823.35
#306,8053,3840
#306,6471,3840
#306,4813,3840
#306,4368,3840
#306,3936,3840
306,5528.2,3840,3053.67
#321,3745,5376
#321,3559,5376
#321,3182,5376
#321,3055,5376
#321,3015,5376
321,3311.2,5376,579.415
#337,6158,5376
#337,4074,5376
#337,3375,5376
#337,3278,5376
#337,3358,5376
337,4048.6,5376,2186.27
#353,4918,5376
#353,4100,5376
#353,3118,5376
#353,3077,5376
#353,3000,5376
353,3642.6,5376,1508.35
#370,4694,5376
#370,4306,5376
#370,3935,5376
#370,3741,5376
#370,3567,5376
370,4048.6,5376,811.052
#388,5237,5376
#388,4300,5376
#388,3610,5376
#388,3440,5376
#388,3353,5376
388,3988,5376,1415.28
#407,6415,5376
#407,5144,5376
#407,4127,5376
#407,3796,5376
#407,3586,5376
407,4613.6,5376,2095.25
#427,7439,5376
#427,5552,5376
#427,4312,5376
#427,3712,5376
#427,3516,5376
427,4906.2,5376,2904.34
#448,10699,5376
#448,8648,5376
#448,6754,5376
#448,5921,5376
#448,5387,5376
448,7481.8,5376,3905.32
#470,5264,7552
#470,5079,7552
#470,4476,7552
#470,4225,7552
#470,4151,7552
470,4639,7552,903.475
#493,6136,7552
#493,5342,7552
#493,4579,7552
#493,4235,7552
#493,4108,7552
493,4880,7552,1521.47
#517,6154,7552
#517,5426,7552
#517,4690,7552
#517,4583,7552
#517,4378,7552
517,5046.2,7552,1314.35
#542,6135,7552
#542,5995,7552
#542,5380,7552
#542,4924,7552
#542,4766,7552
542,5440,7552,1100.97
#569,8459,7552
#569,6878,7552
#569,5622,7552
#569,5139,7552
#569,4997,7552
569,6219,7552,2602.76
#597,9290,7552
#597,7681,7552
#597,5952,7552
#597,5371,7552
#597,5054,7552
597,6669.6,7552,3187.59
#626,10686,7552
#626,9010,7552
#626,7168,7552
#626,6424,7552
#626,6105,7552
626,7878.6,7552,3455.78
#657,13376,7552
#657,11403,7552
#657,9436,7552
#657,8399,7552
#657,7649,7552
657,10052.6,7552,4172.33
#689,8058,10624
#689,7603,10624
#689,6906,10624
#689,6288,10624
#689,6150,10624
689,7001,10624,1475.47
#723,8853,10624
#723,7529,10624
#723,6592,10624
#723,6507,10624
#723,6218,10624
723,7139.8,10624,1925.98
#759,9533,10624
#759,8823,10624
#759,7704,10624
#759,7539,10624
#759,7146,10624
759,8149,10624,1776.71
#796,10236,10624
#796,8863,10624
#796,7658,10624
#796,7434,10624
#796,7213,10624
796,8280.8,10624,2263.96
#835,11546,10624
#835,9991,10624
#835,8720,10624
#835,8336,10624
#835,7957,10624
835,9310,10624,2621.58
#876,13038,10624
#876,10557,10624
#876,8950,10624
#876,8406,10624
#876,8007,10624
876,9791.6,10624,3681.08
#919,14494,10624
#919,12140,10624
#919,9903,10624
#919,8841,10624
#919,8302,10624
919,10736,10624,4587.2
#964,10991,14976
#964,10253,14976
#964,9277,14976
#964,8908,14976
#964,8547,14976
964,9595.2,14976,1800.71
#1012,12353,14976
#1012,11069,14976
#1012,9438,14976
#1012,9298,14976
#1012,8806,14976
1012,10192.8,14976,2642.39
#1062,12653,14976
#1062,11751,14976
#1062,10681,14976
#1062,10082,14976
#1062,9411,14976
1062,10915.6,14976,2320.38
#1115,13376,14976
#1115,12391,14976
#1115,11052,14976
#1115,10652,14976
#1115,10042,14976
1115,11502.6,14976,2426.32
#1170,15904,14976
#1170,14003,14976
#1170,11975,14976
#1170,10909,14976
#1170,10594,14976
1170,12677,14976,4012.91
#1228,16946,14976
#1228,14894,14976
#1228,12631,14976
#1228,11854,14976
#1228,11263,14976
1228,13517.6,14976,4222.35
#1289,22039,14976
#1289,19574,14976
#1289,16425,14976
#1289,15092,14976
#1289,14659,14976
1289,17557.8,14976,5650.68
#1353,23409,14976
#1353,20068,14976
#1353,17949,14976
#1353,15934,14976
#1353,14844,14976
1353,18440.8,14976,6118.41
#1420,14085,21248
#1420,13621,21248
#1420,12810,21248
#1420,12103,21248
#1420,12114,21248
1420,12946.6,21248,1593.57
#1491,17252,21248
#1491,15481,21248
#1491,13550,21248
#1491,13202,21248
#1491,12576,21248
1491,14412.2,21248,3439.35
#1565,19071,21248
#1565,17392,21248
#1565,15822,21248
#1565,14547,21248
#1565,13792,21248
1565,16124.8,21248,3827.16
#1643,19382,21248
#1643,17715,21248
#1643,15574,21248
#1643,15018,21248
#1643,14097,21248
1643,16357.2,21248,3847.95
#1725,21714,21248
#1725,19484,21248
#1725,17295,21248
#1725,16572,21248
#1725,15501,21248
1725,18113.2,21248,4446.41
#1811,25398,21248
#1811,23394,21248
#1811,20366,21248
#1811,19036,21248
#1811,17692,21248
1811,21177.2,21248,5665.25
#1901,29975,21248
#1901,28125,21248
#1901,24992,21248
#1901,23528,21248
#1901,22298,21248
1901,25783.6,21248,5721.1
#1996,22355,30208
#1996,25870,30208
#1996,20777,30208
#1996,16931,30208
#1996,16703,30208
1996,20527.2,30208,6899.62
#2095,22078,30208
#2095,21105,30208
#2095,19688,30208
#2095,18208,30208
#2095,17972,30208
2095,19810.2,30208,3197.55
#2199,22477,30208
#2199,21737,30208
#2199,19934,30208
#2199,18604,30208
#2199,18120,30208
2199,20174.4,30208,3404.49
#2308,23602,30208
#2308,22733,30208
#2308,20689,30208
#2308,19488,30208
#2308,18980,30208
2308,21098.4,30208,3598.73
#2423,28853,30208
#2423,27760,30208
#2423,25760,30208
#2423,23970,30208
#2423,22330,30208
2423,25734.6,30208,4777.65
#2544,29964,30208
#2544,28484,30208
#2544,25807,30208
#2544,23974,30208
#2544,22740,30208
2544,26193.8,30208,5401.13
#2671,39750,30208
#2671,38854,30208
#2671,36136,30208
#2671,33290,30208
#2671,31685,30208
2671,35943,30208,6207.96
#2804,27542,43008
#2804,26637,43008
#2804,24767,43008
#2804,23447,43008
#2804,22875,43008
2804,25053.6,43008,3589.86
#2944,27524,43008
#2944,26999,43008
#2944,25032,43008
#2944,23883,43008
#2944,23623,43008
2944,25412.2,43008,3182.69
#3091,28563,43008
#3091,28148,43008
#3091,25716,43008
#3091,24324,43008
#3091,23700,43008
3091,26090.2,43008,3931.6
#3245,33784,43008
#3245,33412,43008
#3245,30661,43008
#3245,28502,43008
#3245,27855,43008
3245,30842.8,43008,4873.67
#3407,48434,43008
#3407,33571,43008
#3407,30677,43008
#3407,28949,43008
#3407,28262,43008
3407,33978.6,43008,14913.1
#3577,40148,43008
#3577,39229,43008
#3577,35806,43008
#3577,34185,43008
#3577,33400,43008
3577,36553.6,43008,5380.84
#3755,48071,43008
#3755,46882,43008
#3755,44379,43008
#3755,55306,43008
#3755,39577,43008
3755,46843,43008,10276.1
#3942,53281,43008
#3942,52080,43008
#3942,49140,43008
#3942,47081,43008
#3942,46409,43008
3942,49598.2,43008,5399.23
#4139,36615,61312
#4139,36409,61312
#4139,34024,61312
#4139,32622,61312
#4139,31410,61312
4139,34216,61312,4100.32
#4345,35648,61312
#4345,35306,61312
#4345,33613,61312
#4345,32747,61312
#4345,32237,61312
4345,33910.2,61312,2714.28
#4562,41102,61312
#4562,40853,61312
#4562,38242,61312
#4562,37312,61312
#4562,36700,61312
4562,38841.8,61312,3626.66
#4790,43844,61312
#4790,42452,61312
#4790,39975,61312
#4790,38414,61312
#4790,37714,61312
4790,40479.8,61312,4680.12
#5029,51457,61312
#5029,50814,61312
#5029,47837,61312
#5029,46155,61312
#5029,45548,61312
5029,48362.2,61312,4788.02
#5280,57406,61312
#5280,56443,61312
#5280,56598,61312
#5280,52361,61312
#5280,51476,61312
5280,54856.8,61312,4874.84
#5544,70358,61312
#5544,69396,61312
#5544,66884,61312
#5544,65555,61312
#5544,64610,61312
5544,67360.6,61312,4398.22
#5821,45984,87424
#5821,45475,87424
#5821,44046,87424
#5821,42857,87424
#5821,42736,87424
5821,44219.6,87424,2649.83
#6112,62843,87424
#6112,49326,87424
#6112,47141,87424
#6112,45528,87424
#6112,45304,87424
6112,50028.4,87424,13133.7
#6417,54342,87424
#6417,54490,87424
#6417,52001,87424
#6417,50780,87424
#6417,50450,87424
6417,52412.6,87424,3432.17
#6737,60257,87424
#6737,59743,87424
#6737,57367,87424
#6737,56004,87424
#6737,55699,87424
6737,57814,87424,3756.43
#7073,67799,87424
#7073,69931,87424
#7073,65442,87424
#7073,63957,87424
#7073,63637,87424
7073,66153.2,87424,4786.71
#7426,77250,87424
#7426,76513,87424
#7426,74294,87424
#7426,73197,87424
#7426,72658,87424
7426,74782.4,87424,3616.53
#7797,100732,87424
#7797,93945,87424
#7797,92826,87424
#7797,91389,87424
#7797,91334,87424
7797,94045.2,87424,6963.66
#8186,59387,124800
#8186,59375,124800
#8186,57778,124800
#8186,56883,124800
#8186,56398,124800
8186,57964.2,124800,2477.32
#8595,61010,124800
#8595,60742,124800
#8595,58796,124800
#8595,58081,124800
#8595,57530,124800
8595,59231.8,124800,2807.57
#9024,67363,124800
#9024,67213,124800
#9024,65276,124800
#9024,64597,124800
#9024,64094,124800
9024,65708.6,124800,2687.75
#9475,73508,124800
#9475,73357,124800
#9475,71773,124800
#9475,70967,124800
#9475,70546,124800
9475,72030.2,124800,2423.83
#9948,80458,124800
#9948,79888,124800
#9948,78541,124800
#9948,77808,124800
#9948,77510,124800
9948,78841,124800,2304.7
#10445,90293,124800
#10445,89696,124800
#10445,88653,124800
#10445,87889,124800
#10445,87560,124800
10445,88818.2,124800,2082.18
#10967,112607,124800
#10967,112038,124800
#10967,110857,124800
#10967,110199,124800
#10967,110025,124800
10967,111145,124800,2033.16
#11515,143243,124800
#11515,142385,124800
#11515,141787,124800
#11515,141309,124800
#11515,141431,124800
11515,142031,124800,1424.1
#12090,81781,178176
#12090,81998,178176
#12090,80783,178176
#12090,80233,178176
#12090,79879,178176
12090,80934.8,178176,1667.75
#12694,89446,178176
#12694,89248,178176
#12694,88460,178176
#12694,87802,178176
#12694,87785,178176
12694,88548.2,178176,1397.95
#13328,101612,178176
#13328,101953,178176
#13328,101402,178176
#13328,100777,178176
#13328,100149,178176
13328,101179,178176,1283.37
#13994,111928,178176
#13994,113909,178176
#13994,110611,178176
#13994,110615,178176
#13994,110605,178176
13994,111534,178176,2585.4
#14693,128261,178176
#14693,127881,178176
#14693,127353,178176
#14693,126958,178176
#14693,126976,178176
14693,127486,178176,1024.98
#15427,149388,178176
#15427,149044,178176
#15427,148373,178176
#15427,147685,178176
#15427,148245,178176
15427,148547,178176,1206.26
#16198,184807,178176
#16198,184127,178176
#16198,183381,178176
#16198,183414,178176
#16198,182800,178176
16198,183706,178176,1385.98
#17007,120090,254336
#17007,120030,254336
#17007,119097,254336
#17007,118917,254336
#17007,118583,254336
17007,119343,254336,1216.41
#17857,131818,254336
#17857,132017,254336
#17857,131628,254336
#17857,131248,254336
#17857,130668,254336
17857,131476,254336,953.98
#18749,142595,254336
#18749,142649,254336
#18749,141864,254336
#18749,142049,254336
#18749,141568,254336
18749,142145,254336,837.913
#19686,156658,254336
#19686,156523,254336
#19686,156085,254336
#19686,155640,254336
#19686,155413,254336
19686,156064,254336,966.451
#20670,179759,254336
#20670,179880,254336
#20670,179050,254336
#20670,179361,254336
#20670,179070,254336
20670,179424,254336,686.628
#21703,210143,254336
#21703,209941,254336
#21703,209078,254336
#21703,208564,254336
#21703,208778,254336
21703,209301,254336,1260.16
#22788,247493,254336
#22788,247170,254336
#22788,246207,254336
#22788,246847,254336
#22788,246030,254336
22788,246749,254336,1113.95
#23927,172540,363136
#23927,173121,363136
#23927,172152,363136
#23927,171977,363136
#23927,171783,363136
23927,172315,363136,948.303
#25123,190743,363136
#25123,190663,363136
#25123,192555,363136
#25123,204301,363136
#25123,189596,363136
25123,193572,363136,10896.6
#26379,211071,363136
#26379,210619,363136
#26379,209925,363136
#26379,210160,363136
#26379,210242,363136
26379,210403,363136,803.16
#27697,241593,363136
#27697,253024,363136
#27697,234790,363136
#27697,234209,363136
#27697,234330,363136
27697,239589,363136,14536.8
#29081,273752,363136
#29081,273753,363136
#29081,286294,363136
#29081,267200,363136
#29081,266163,363136
29081,273432,363136,14347.5
#30535,310699,363136
#30535,310267,363136
#30535,316342,363136
#30535,302623,363136
#30535,302449,363136
30535,308476,363136,10605.9
#32061,381146,363136
#32061,377055,363136
#32061,376936,363136
#32061,377185,363136
#32061,376978,363136
32061,377860,363136,3290.37
#33664,514988,363136
#33664,488221,363136
#33664,496012,363136
#33664,475505,363136
#33664,475765,363136
33664,490098,363136,29344.9
#35347,280532,518656
#35347,281450,518656
#35347,280787,518656
#35347,296152,518656
#35347,273609,518656
35347,282506,518656,14787.5
#37114,316310,518656
#37114,316031,518656
#37114,318076,518656
#37114,315422,518656
#37114,315811,518656
37114,316330,518656,1840.03
#38969,334106,518656
#38969,333358,518656
#38969,333538,518656
#38969,335009,518656
#38969,333005,518656
38969,333803,518656,1400.37
#40917,392843,518656
#40917,391404,518656
#40917,391682,518656
#40917,394172,518656
#40917,392033,518656
40917,392427,518656,1994.97
#42962,433383,518656
#42962,432472,518656
#42962,434773,518656
#42962,432844,518656
#42962,432245,518656
42962,433143,518656,1802.34
#45110,519810,518656
#45110,506107,518656
#45110,527128,518656
#45110,515554,518656
#45110,515568,518656
45110,516833,518656,13656.7
#47365,618993,518656
#47365,616680,518656
#47365,616996,518656
#47365,619627,518656
#47365,616863,518656
47365,617832,518656,2455.18
#49733,433338,740736
#49733,425403,740736
#49733,409842,740736
#49733,407911,740736
#49733,408817,740736
49733,417062,740736,20752.4
#52219,453612,740736
#52219,453407,740736
#52219,455247,740736
#52219,453230,740736
#52219,453260,740736
52219,453751,740736,1520.05
#54829,483186,740736
#54829,482927,740736
#54829,505826,740736
#54829,494100,740736
#54829,522696,740736
54829,497747,740736,30102.2
#57570,548341,740736
#57570,542437,740736
#57570,546512,740736
#57570,565589,740736
#57570,555605,740736
57570,551697,740736,16301
#60448,624969,740736
#60448,632986,740736
#60448,628756,740736
#60448,625470,740736
#60448,624589,740736
60448,627354,740736,6360.37
#63470,743244,740736
#63470,739172,740736
#63470,744315,740736
#63470,742254,740736
#63470,739502,740736
63470,741697,740736,4074.41
#66643,898471,740736
#66643,887642,740736
#66643,893098,740736
#66643,889469,740736
#66643,891087,740736
66643,891953,740736,7445.82
#69975,586846,1058048
#69975,603235,1058048
#69975,593063,1058048
#69975,591769,1058048
#69975,596504,1058048
69975,594283,1058048,10888.1
#73473,641668,1058048
#73473,639404,1058048
#73473,639232,1058048
#73473,638582,1058048
#73473,638293,1058048
73473,639436,1058048,2376.59
#77146,702826,1058048
#77146,704124,1058048
#77146,700000,1058048
#77146,701010,1058048
#77146,699510,1058048
77146,701494,1058048,3474.9
#81003,758562,1058048
#81003,752940,1058048
#81003,785910,1058048
#81003,771460,1058048
#81003,772123,1058048
81003,768199,1058048,23072.4
#85053,1334588,1058048
#85053,1331334,1058048
#85053,1352782,1058048
#85053,1387433,1058048
#85053,1378224,1058048
85053,1.35687e+06,1058048,45214
#89305,1624888,1058048
#89305,1604798,1058048
#89305,1608303,1058048
#89305,1615068,1058048
#89305,1588999,1058048
89305,1.60841e+06,1058048,23760.4
#93770,1763735,1058048
#93770,1312994,1058048
#93770,1309701,1058048
#93770,1326880,1058048
#93770,1273480,1058048
93770,1.39736e+06,1058048,368072
#98458,1570363,1058048
#98458,1639691,1058048
#98458,1650393,1058048
#98458,1637243,1058048
#98458,1585695,1058048
98458,1.61668e+06,1058048,64462.4
#103380,876305,1511296
#103380,864423,1511296
#103380,888926,1511296
#103380,893765,1511296
#103380,923987,1511296
103380,889481,1511296,40108.2
#108549,953430,1511296
#108549,955274,1511296
#108549,954018,1511296
#108549,948545,1511296
#108549,1021239,1511296
108549,966501,1511296,54928.2
#113976,1045894,1511296
#113976,1048157,1511296
#113976,1057946,1511296
#113976,1058560,1511296
#113976,1068563,1511296
113976,1.05582e+06,1511296,16288.9
#119674,1649976,1511296
#119674,1608517,1511296
#119674,1229336,1511296
#119674,1212882,1511296
#119674,1201566,1511296
119674,1.38046e+06,1511296,407502
#125657,1337772,1511296
#125657,1339455,1511296
#125657,1330550,1511296
#125657,1333116,1511296
#125657,1330554,1511296
125657,1.33429e+06,1511296,7382.42
#131939,1627158,1511296
#131939,1618329,1511296
#131939,1590176,1511296
#131939,1608199,1511296
#131939,1591443,1511296
131939,1.60706e+06,1511296,29136.6
#138535,1919350,1511296
#138535,1938508,1511296
#138535,1957236,1511296
#138535,1921565,1511296
#138535,1962705,1511296
138535,1.93987e+06,1511296,35564.2
#145461,1305088,2158848
#145461,1291095,2158848
#145461,1284633,2158848
#145461,1298160,2158848
#145461,1283734,2158848
145461,1.29254e+06,2158848,16277.4
#152734,1306748,2158848
#152734,1318131,2158848
#152734,1312500,2158848
#152734,1325258,2158848
#152734,1321054,2158848
152734,1.31674e+06,2158848,12989.8
#160370,1532552,2158848
#160370,1539743,2158848
#160370,1510025,2158848
#160370,1569525,2158848
#160370,1622012,2158848
160370,1.55477e+06,2158848,77256.8
#168388,1673712,2158848
#168388,1707555,2158848
#168388,1719803,2158848
#168388,1736260,2158848
#168388,1736690,2158848
168388,1.7148e+06,2158848,46522.7
#176807,1830798,2158848
#176807,1809911,2158848
#176807,1830362,2158848
#176807,1849775,2158848
#176807,1873967,2158848
176807,1.83896e+06,2158848,43144.8
#185647,2223371,2158848
#185647,2239520,2158848
#185647,2216713,2158848
#185647,2266157,2158848
#185647,2275297,2158848
185647,2.24421e+06,2158848,46133.9
#194929,2688961,2158848
#194929,2703415,2158848
#194929,2686739,2158848
#194929,2764029,2158848
#194929,2719137,2158848
194929,2.71246e+06,2158848,56565.2
#204675,1814494,3083904
#204675,1787070,3083904
#204675,1781470,3083904
#204675,1796348,3083904
#204675,1785867,3083904
204675,1.79305e+06,3083904,23531.7
#214908,1894926,3083904
#214908,1902822,3083904
#214908,1922902,3083904
#214908,1919154,3083904
#214908,1921154,3083904
214908,1.91219e+06,3083904,22439.3
#225653,2089773,3083904
#225653,2102023,3083904
#225653,2124393,3083904
#225653,2118314,3083904
#225653,3027193,3083904
225653,2.29234e+06,3083904,735257
#236935,2465039,3083904
#236935,2863014,3083904
#236935,3752084,3083904
#236935,3915312,3083904
#236935,3841978,3083904
236935,3.36749e+06,3083904,1.18053e+06
#248781,2671051,3083904
#248781,2714138,3083904
#248781,2738000,3083904
#248781,2727252,3083904
#248781,2858509,3083904
248781,2.74179e+06,3083904,125276
#261220,3070667,3083904
#261220,3211987,3083904
#261220,3102221,3083904
#261220,3148082,3083904
#261220,3080795,3083904
261220,3.12275e+06,3083904,103920
#274281,3649393,3083904
#274281,3768270,3083904
#274281,3801921,3083904
#274281,3749422,3083904
#274281,3750861,3083904
274281,3.74397e+06,3083904,101866
#287995,5142844,3083904
#287995,4882621,3083904
#287995,4872999,3083904
#287995,4871534,3083904
#287995,4860029,3083904
287995,4.92601e+06,3083904,217312
#302394,3818234,4405376
#302394,3274090,4405376
#302394,4196033,4405376
#302394,2896991,4405376
#302394,2689691,4405376
302394,3.37501e+06,4405376,1.12388e+06
#317513,3122951,4405376
#317513,3353483,4405376
#317513,3172996,4405376
#317513,3276224,4405376
#317513,3260938,4405376
317513,3.23732e+06,4405376,161946
#333388,3500698,4405376
#333388,3339099,4405376
#333388,3374200,4405376
#333388,3317202,4405376
#333388,3311270,4405376
333388,3.36849e+06,4405376,139370
#350057,3573967,4405376
#350057,3683227,4405376
#350057,3704450,4405376
#350057,3681111,4405376
#350057,3657103,4405376
350057,3.65997e+06,4405376,91086.9
#367559,4082800,4405376
#367559,4132611,4405376
#367559,4193697,4405376
#367559,4272792,4405376
#367559,4184641,4405376
367559,4.17331e+06,4405376,127402
#385936,4825521,4405376
#385936,5162502,4405376
#385936,5579947,4405376
#385936,5151494,4405376
#385936,4985088,4405376
385936,5.14091e+06,4405376,503653
#405232,5940036,4405376
#405232,6053600,4405376
#405232,6050252,4405376
#405232,6021148,4405376
#405232,6046983,4405376
405232,6.0224e+06,4405376,85505.1
#425493,5511416,6293248
#425493,4948005,6293248
#425493,4877124,6293248
#425493,4896802,6293248
#425493,4935352,6293248
425493,5.03374e+06,6293248,480405
#446767,5483459,6293248
#446767,5254178,6293248
#446767,5307283,6293248
#446767,5225024,6293248
#446767,5239951,6293248
446767,5.30198e+06,6293248,189774
#469105,5712609,6293248
#469105,5553761,6293248
#469105,5727167,6293248
#469105,5987034,6293248
#469105,5687692,6293248
469105,5.73365e+06,6293248,281653
#492560,6111921,6293248
#492560,6346058,6293248
#492560,6189110,6293248
#492560,6299078,6293248
#492560,6327162,6293248
492560,6.25467e+06,6293248,179453
#517188,6989573,6293248
#517188,7004522,6293248
#517188,6958584,6293248
#517188,6921394,6293248
#517188,7008438,6293248
517188,6.9765e+06,6293248,65322.7
#543047,7577292,6293248
#543047,7733653,6293248
#543047,7818553,6293248
#543047,7728456,6293248
#543047,7789627,6293248
543047,7.72952e+06,6293248,166688
#570199,9312194,6293248
#570199,9352653,6293248
#570199,9370038,6293248
#570199,9591432,6293248
#570199,9492119,6293248
570199,9.42369e+06,6293248,206254
#598708,11735371,8990208
#598708,13441344,8990208
#598708,13310599,8990208
#598708,13535555,8990208
#598708,16946992,8990208
598708,1.3794e+07,8990208,3.41809e+06
#628643,12669065,8990208
#628643,15708831,8990208
#628643,13840925,8990208
#628643,13479748,8990208
#628643,13468810,8990208
628643,1.38335e+07,8990208,2.02602e+06
#660075,13017412,8990208
#660075,14416201,8990208
#660075,15365772,8990208
#660075,15939080,8990208
#660075,16542877,8990208
660075,1.50563e+07,8990208,2.47415e+06
#693078,13911890,8990208
#693078,15340670,8990208
#693078,16024656,8990208
#693078,16330582,8990208
#693078,16779492,8990208
693078,1.56775e+07,8990208,1.99845e+06
#727731,13603107,8990208
#727731,15370930,8990208
#727731,15876560,8990208
#727731,16170816,8990208
#727731,15944001,8990208
727731,1.53931e+07,8990208,1.86475e+06
#764117,16756040,8990208
#764117,17956020,8990208
#764117,18575509,8990208
#764117,19273701,8990208
#764117,19502451,8990208
764117,1.84127e+07,8990208,1.98161e+06
#802322,18368100,8990208
#802322,20165407,8990208
#802322,20961413,8990208
#802322,22146308,8990208
#802322,22236702,8990208
802322,2.07756e+07,8990208,2.85889e+06
#842438,19473482,8990208
#842438,21831450,8990208
#842438,22033760,8990208
#842438,22259165,8990208
#842438,22398094,8990208
842438,2.15992e+07,8990208,2.1606e+06
#884559,23419631,12843008
#884559,26321494,12843008
#884559,27440826,12843008
#884559,27653896,12843008
#884559,28180975,12843008
884559,2.66034e+07,12843008,3.40698e+06
#928786,26570010,12843008
#928786,29233817,12843008
#928786,30064124,12843008
#928786,30224929,12843008
#928786,30025157,12843008
928786,2.92236e+07,12843008,2.74128e+06
#975225,27606033,12843008
#975225,30232187,12843008
#975225,30844629,12843008
#975225,31471372,12843008
#975225,31529336,12843008
975225,3.03367e+07,12843008,2.88933e+06
#1023986,29516943,12843008
#1023986,32680656,12843008
#1023986,33352522,12843008
#1023986,33171449,12843008
#1023986,33329483,12843008
1023986,3.24102e+07,12843008,2.93348e+06
#1075185,33262158,12843008
#1075185,35601880,12843008
#1075185,36607392,12843008
#1075185,36902693,12843008
#1075185,37158279,12843008
1075185,3.59065e+07,12843008,2.84759e+06
#1128944,37791135,12843008
#1128944,42097807,12843008
#1128944,40371286,12843008
#1128944,40261117,12843008
#1128944,40320919,12843008
1128944,4.01685e+07,12843008,2.74911e+06
#1185391,42519877,12843008
#1185391,45686024,12843008
#1185391,46833076,12843008
#1185391,46827768,12843008
#1185391,46399081,12843008
1185391,4.56532e+07,12843008,3.24307e+06
#1244660,42132896,18347008
#1244660,47628897,18347008
#1244660,47512229,18347008
#1244660,47631843,18347008
#1244660,48554432,18347008
1244660,4.66921e+07,18347008,4.62064e+06
#1306893,45051480,18347008
#1306893,49431663,18347008
#1306893,50368405,18347008
#1306893,50135201,18347008
#1306893,50603973,18347008
1306893,4.91181e+07,18347008,4.14162e+06
#1372237,48706359,18347008
#1372237,53042391,18347008
#1372237,54032704,18347008
#1372237,53806137,18347008
#1372237,54337910,18347008
1372237,5.27851e+07,18347008,4.16774e+06
#1440848,53507684,18347008
#1440848,56457692,18347008
#1440848,58690025,18347008
#1440848,58450259,18347008
#1440848,58490185,18347008
1440848,5.71192e+07,18347008,3.95974e+06
#1512890,58661931,18347008
#1512890,61779639,18347008
#1512890,61845470,18347008
#1512890,61838417,18347008
#1512890,62068875,18347008
1512890,6.12389e+07,18347008,2.58447e+06
#1588534,65201469,18347008
#1588534,66934205,18347008
#1588534,66969912,18347008
#1588534,68435613,18347008
#1588534,68932728,18347008
1588534,6.72948e+07,18347008,2.62326e+06
#1667960,75694558,18347008
#1667960,77709870,18347008
#1667960,78030765,18347008
#1667960,77429211,18347008
#1667960,77603667,18347008
1667960,7.72936e+07,18347008,1.64637e+06
#1751358,67196114,26209920
#1751358,73450518,26209920
#1751358,73850129,26209920
#1751358,73424181,26209920
#1751358,73496437,26209920
1751358,7.22835e+07,26209920,5.09668e+06
#1838925,74170829,26209920
#1838925,79143193,26209920
#1838925,79672132,26209920
#1838925,78514588,26209920
#1838925,78437889,26209920
1838925,7.79877e+07,26209920,3.92135e+06
#1930871,79170236,26209920
#1930871,84126219,26209920
#1930871,83773449,26209920
#1930871,83595574,26209920
#1930871,84369607,26209920
1930871,8.3007e+07,26209920,3.87443e+06
#2027414,85691174,26209920
#2027414,90284720,26209920
#2027414,90032714,26209920
#2027414,91642132,26209920
#2027414,91263935,26209920
2027414,8.97829e+07,26209920,4.26208e+06
#2128784,95085669,26209920
#2128784,96459332,26209920
#2128784,97114445,26209920
#2128784,96206678,26209920
#2128784,96468119,26209920
2128784,9.62668e+07,26209920,1.32508e+06
#2235223,104712944,26209920
#2235223,105319288,26209920
#2235223,106036541,26209920
#2235223,105268336,26209920
#2235223,105081102,26209920
2235223,1.05284e+08,26209920,864907
#2346984,118042525,26209920
#2346984,117018907,26209920
#2346984,116695173,26209920
#2346984,117828139,26209920
#2346984,117911083,26209920
2346984,1.17499e+08,26209920,1.0771e+06
#2464333,100613917,37442560
#2464333,106262775,37442560
#2464333,106676278,37442560
#2464333,106335727,37442560
#2464333,106431269,37442560
2464333,1.05264e+08,37442560,4.65845e+06
#2587549,111338423,37442560
#2587549,115164561,37442560
#2587549,114893876,37442560
#2587549,115064877,37442560
#2587549,114970915,37442560
2587549,1.14287e+08,37442560,2.95369e+06
#2716926,122724241,37442560
#2716926,124133893,37442560
#2716926,122887932,37442560
#2716926,122591462,37442560
#2716926,122725074,37442560
2716926,1.23013e+08,37442560,1.13702e+06
#2852772,130367295,37442560
#2852772,130594712,37442560
#2852772,129456439,37442560
#2852772,131486178,37442560
#2852772,135043166,37442560
2852772,1.3139e+08,37442560,3.87525e+06
#2995410,140603406,37442560
#2995410,143435176,37442560
#2995410,143402187,37442560
#2995410,150931833,37442560
#2995410,151794667,37442560
2995410,1.46033e+08,37442560,8.95972e+06
#3145180,158170333,37442560
#3145180,153131894,37442560
#3145180,157389692,37442560
#3145180,159823663,37442560
#3145180,157704059,37442560
3145180,1.57244e+08,37442560,4.44118e+06
#3302439,172626877,37442560
#3302439,170536160,37442560
#3302439,170754437,37442560
#3302439,185068193,37442560
#3302439,175707344,37442560
3302439,1.74939e+08,37442560,1.07864e+07
#3467560,210973111,37442560
#3467560,211168200,37442560
#3467560,210001957,37442560
#3467560,207464957,37442560
#3467560,211849045,37442560
3467560,2.10291e+08,37442560,3.06363e+06
#3640938,161297324,53489280
#3640938,163937093,53489280
#3640938,164304205,53489280
#3640938,164043450,53489280
#3640938,166741547,53489280
3640938,1.64065e+08,53489280,3.4523e+06
#3822984,174924297,53489280
#3822984,175841674,53489280
#3822984,175468195,53489280
#3822984,175732009,53489280
#3822984,175378745,53489280
3822984,1.75469e+08,53489280,640567
#4014133,200486722,53489280
#4014133,195783796,53489280
#4014133,195237693,53489280
#4014133,189421010,53489280
#4014133,189052821,53489280
4014133,1.93996e+08,53489280,8.5899e+06
#4214839,202240745,53489280
#4214839,201421994,53489280
#4214839,201460272,53489280
#4214839,201574090,53489280
#4214839,202939904,53489280
4214839,2.01927e+08,53489280,1.17365e+06
#4425580,253731901,53489280
#4425580,262497397,53489280
#4425580,220555216,53489280
#4425580,284871181,53489280
#4425580,225442552,53489280
4425580,2.4942e+08,53489280,4.7787e+07
#4646859,251554502,53489280
#4646859,249784901,53489280
#4646859,249308150,53489280
#4646859,248161273,53489280
#4646859,248980135,53489280
4646859,2.49558e+08,53489280,2.26004e+06
#4879201,278516915,53489280
#4879201,281771871,53489280
#4879201,280112051,53489280
#4879201,282499826,53489280
#4879201,280037773,53489280
4879201,2.80588e+08,53489280,2.81074e+06
#5123161,233850351,76413056
#5123161,242349342,76413056
#5123161,239443775,76413056
#5123161,238827706,76413056
#5123161,277838090,76413056
5123161,2.46462e+08,76413056,3.18492e+07
#5379319,266848854,76413056
#5379319,258751049,76413056
#5379319,246495335,76413056
#5379319,252567673,76413056
#5379319,257704533,76413056
5379319,2.56473e+08,76413056,1.35402e+07
#5648284,270839307,76413056
#5648284,270205055,76413056
#5648284,266879212,76413056
#5648284,261760098,76413056
#5648284,270110718,76413056
5648284,2.67959e+08,76413056,6.78605e+06
#5930698,291810187,76413056
#5930698,292344487,76413056
#5930698,294930648,76413056
#5930698,293959884,76413056
#5930698,294593913,76413056
5930698,2.93528e+08,76413056,2.47252e+06
#6227232,321017591,76413056
#6227232,317092791,76413056
#6227232,324297466,76413056
#6227232,338226117,76413056
#6227232,334218780,76413056
6227232,3.26971e+08,76413056,1.59844e+07
#6538593,368611350,76413056
#6538593,398010461,76413056
#6538593,385738615,76413056
#6538593,351231614,76413056
#6538593,350574251,76413056
6538593,3.70833e+08,76413056,3.75271e+07
#6865522,409517479,76413056
#6865522,412895137,76413056
#6865522,411716597,76413056
#6865522,415428890,76413056
#6865522,410356085,76413056
6865522,4.11983e+08,76413056,4.14756e+06
#7208798,353576473,109161344
#7208798,358329204,109161344
#7208798,366587472,109161344
#7208798,368057622,109161344
#7208798,361061124,109161344
7208798,3.61522e+08,109161344,1.0655e+07
#7569237,378789837,109161344
#7569237,380190597,109161344
#7569237,373231259,109161344
#7569237,377976639,109161344
#7569237,378195175,109161344
7569237,3.77677e+08,109161344,4.7057e+06
#7947698,405378836,109161344
#7947698,402491217,109161344
#7947698,401263628,109161344
#7947698,419337863,109161344
#7947698,406828985,109161344
7947698,4.0706e+08,109161344,1.29026e+07
#8345082,421228659,109161344
#8345082,420418884,109161344
#8345082,421846598,109161344
#8345082,421566855,109161344
#8345082,414673380,109161344
8345082,4.19947e+08,109161344,5.35976e+06
#8762336,455781645,109161344
#8762336,457429722,109161344
#8762336,456867167,109161344
#8762336,457483873,109161344
#8762336,455790251,109161344
8762336,4.56671e+08,109161344,1.50773e+06
#9200452,470293483,109161344
#9200452,530742177,109161344
#9200452,493714966,109161344
#9200452,507733107,109161344
#9200452,500293133,109161344
9200452,5.00555e+08,109161344,3.9247e+07
#9660474,561090926,109161344
#9660474,567553921,109161344
#9660474,561568463,109161344
#9660474,560391863,109161344
#9660474,561218240,109161344
9660474,5.62365e+08,109161344,5.24526e+06
