#1,269,9
#1,148,9
#1,53,9
#1,50,9
#1,52,9
#1,50,9
1,103.667,9,163.905
#2,89,27
#2,74,27
#2,55,27
#2,59,27
#2,55,27
#2,57,27
2,64.8333,27,25.2565
#3,87,27
#3,60,27
#3,61,27
#3,60,27
#3,64,27
#3,61,27
3,65.5,27,19.4165
#4,74,63
#4,68,63
#4,70,63
#4,70,63
#4,69,63
#4,68,63
4,69.8333,63,4.06885
#5,77,63
#5,96,63
#5,84,63
#5,78,63
#5,74,63
#5,75,63
5,80.6667,63,15.1291
#6,93,63
#6,98,63
#6,71,63
#6,74,63
#6,74,63
#6,76,63
6,81,63,20.9125
#7,102,63
#7,93,63
#7,92,63
#7,93,63
#7,91,63
#7,86,63
7,92.8333,63,9.48098
#8,135,135
#8,166,135
#8,93,135
#8,92,135
#8,94,135
#8,93,135
8,112.167,135,57.1013
#9,137,135
#9,105,135
#9,98,135
#9,101,135
#9,101,135
#9,101,135
9,107.167,135,26.9918
#10,174,135
#10,157,135
#10,103,135
#10,102,135
#10,104,135
#10,102,135
10,123.667,135,59.9852
#11,130,135
#11,148,135
#11,124,135
#11,123,135
#11,120,135
#11,104,135
11,124.833,135,26.1385
#12,266,135
#12,181,135
#12,125,135
#12,125,135
#12,125,135
#12,125,135
12,157.833,135,105.036
#13,179,135
#13,143,135
#13,127,135
#13,130,135
#13,129,135
#13,118,135
13,137.667,135,39.7604
#14,176,135
#14,148,135
#14,148,135
#14,146,135
#14,145,135
#14,127,135
14,148.333,135,28.7209
#15,141,279
#15,176,279
#15,170,279
#15,136,279
#15,142,279
#15,134,279
15,149.833,279,33.3949
#16,153,279
#16,161,279
#16,160,279
#16,148,279
#16,136,279
#16,136,279
16,149,279,20.3306
#17,255,279
#17,253,279
#17,192,279
#17,167,279
#17,174,279
#17,136,279
17,196.167,279,88.2075
#18,199,279
#18,211,279
#18,196,279
#18,166,279
#18,155,279
#18,145,279
18,178.667,279,49.0804
#19,204,279
#19,164,279
#19,166,279
#19,164,279
#19,152,279
#19,146,279
19,166,279,36.9504
#20,192,279
#20,191,279
#20,159,279
#20,166,279
#20,158,279
#20,165,279
20,171.833,279,28.4117
#21,225,279
#21,199,279
#21,194,279
#21,163,279
#21,170,279
#21,161,279
21,185.333,279,45.9081
#22,194,279
#22,200,279
#22,193,279
#22,169,279
#22,169,279
#22,162,279
22,181.167,279,29.6966
#23,318,279
#23,258,279
#23,240,279
#23,200,279
#23,183,279
#23,178,279
23,229.5,279,98.1139
#24,225,279
#24,232,279
#24,227,279
#24,184,279
#24,170,279
#24,185,279
24,203.833,279,49.4694
#25,287,279
#25,349,279
#25,259,279
#25,204,279
#25,187,279
#25,187,279
25,245.5,279,118.837
#26,260,279
#26,259,279
#26,252,279
#26,205,279
#26,184,279
#26,194,279
26,225.667,279,64.0278
#27,557,279
#27,516,279
#27,322,279
#27,294,279
#27,224,279
#27,237,279
27,358.333,279,261.474
#28,541,279
#28,563,279
#28,343,279
#28,222,279
#28,227,279
#28,228,279
28,354,279,292.347
#29,244,567
#29,268,567
#29,258,567
#29,236,567
#29,203,567
#29,203,567
29,235.333,567,49.9822
#30,275,567
#30,256,567
#30,256,567
#30,202,567
#30,207,567
#30,211,567
30,234.5,567,57.3265
#31,219,567
#31,249,567
#31,241,567
#31,240,567
#31,208,567
#31,217,567
31,229,567,30
#32,225,567
#32,222,567
#32,224,567
#32,215,567
#32,209,567
#32,212,567
32,217.833,567,12.2972
#33,291,567
#33,262,567
#33,256,567
#33,219,567
#33,222,567
#33,225,567
33,245.833,567,52.4521
#34,266,567
#34,257,567
#34,251,567
#34,224,567
#34,224,567
#34,222,567
34,240.667,567,35.7709
#35,400,567
#35,411,567
#35,346,567
#35,239,567
#35,233,567
#35,258,567
35,314.5,567,148.66
#36,283,567
#36,322,567
#36,317,567
#36,294,567
#36,251,567
#36,256,567
36,287.167,567,54.4477
#37,288,567
#37,264,567
#37,238,567
#37,251,567
#37,240,567
#37,247,567
37,254.667,567,34.2864
#38,355,567
#38,349,567
#38,275,567
#38,255,567
#38,246,567
#38,249,567
38,288.167,567,92.2057
#39,524,567
#39,483,567
#39,377,567
#39,289,567
#39,275,567
#39,266,567
39,369,567,204.825
#40,386,567
#40,454,567
#40,419,567
#40,361,567
#40,280,567
#40,282,567
40,363.667,567,130.121
#42,434,567
#42,414,567
#42,379,567
#42,356,567
#42,359,567
#42,388,567
42,388.333,567,56.1981
#44,599,567
#44,548,567
#44,548,567
#44,479,567
#44,483,567
#44,423,567
44,513.333,567,115.474
#46,594,567
#46,586,567
#46,502,567
#46,473,567
#46,455,567
#46,443,567
46,508.833,567,120.474
#48,730,567
#48,691,567
#48,632,567
#48,573,567
#48,543,567
#48,543,567
48,618.667,567,144.548
#50,752,567
#50,775,567
#50,594,567
#50,452,567
#50,455,567
#50,402,567
50,571.667,567,295.614
#52,704,567
#52,643,567
#52,566,567
#52,317,567
#52,334,567
#52,317,567
52,480.167,567,325.161
#54,1227,567
#54,1050,567
#54,503,567
#54,435,567
#54,401,567
#54,415,567
54,671.833,567,670.884
#56,1155,567
#56,1114,567
#56,515,567
#56,463,567
#56,409,567
#56,422,567
56,679.667,567,647.199
#58,508,1143
#58,507,1143
#58,396,1143
#58,394,1143
#58,391,1143
#58,344,1143
58,423.333,1143,124.138
#60,428,1143
#60,442,1143
#60,393,1143
#60,392,1143
#60,346,1143
#60,358,1143
60,393.167,1143,68.6092
#63,524,1143
#63,548,1143
#63,457,1143
#63,391,1143
#63,364,1143
#63,373,1143
63,442.833,1143,145.205
#66,521,1143
#66,523,1143
#66,451,1143
#66,387,1143
#66,383,1143
#66,379,1143
66,440.667,1143,124.759
#69,558,1143
#69,540,1143
#69,505,1143
#69,428,1143
#69,400,1143
#69,402,1143
69,472.167,1143,129.432
#72,916,1143
#72,706,1143
#72,534,1143
#72,430,1143
#72,421,1143
#72,430,1143
72,572.833,1143,365.933
#75,666,1143
#75,672,1143
#75,550,1143
#75,530,1143
#75,451,1143
#75,458,1143
75,554.5,1143,176.793
#78,575,1143
#78,570,1143
#78,514,1143
#78,440,1143
#78,439,1143
#78,440,1143
78,496.333,1143,119.893
#81,759,1143
#81,726,1143
#81,625,1143
#81,460,1143
#81,465,1143
#81,468,1143
81,583.833,1143,252.273
#85,795,1143
#85,813,1143
#85,792,1143
#85,611,1143
#85,563,1143
#85,563,1143
85,689.5,1143,223.69
#89,749,1143
#89,790,1143
#89,641,1143
#89,529,1143
#89,504,1143
#89,496,1143
89,618.167,1143,235.336
#93,1015,1143
#93,990,1143
#93,661,1143
#93,537,1143
#93,547,1143
#93,544,1143
93,715.667,1143,414.477
#97,1195,1143
#97,1003,1143
#97,875,1143
#97,622,1143
#97,585,1143
#97,569,1143
97,808.167,1143,471.684
#101,1583,1143
#101,1404,1143
#101,812,1143
#101,720,1143
#101,666,1143
#101,630,1143
101,969.167,1143,757.012
#106,3059,1143
#106,2254,1143
#106,1188,1143
#106,945,1143
#106,871,1143
#106,869,1143
106,1531,1143,1671.81
#111,1349,1143
#111,1233,1143
#111,767,1143
#111,738,1143
#111,685,1143
#111,619,1143
111,898.5,1143,566.625
#116,1024,2295
#116,922,2295
#116,780,2295
#116,713,2295
#116,680,2295
#116,649,2295
116,794.667,2295,270.874
#121,1043,2295
#121,963,2295
#121,853,2295
#121,736,2295
#121,741,2295
#121,730,2295
121,844.333,2295,243.737
#127,849,2295
#127,907,2295
#127,801,2295
#127,753,2295
#127,700,2295
#127,700,2295
127,785,2295,152.118
#133,806,2295
#133,845,2295
#133,795,2295
#133,759,2295
#133,728,2295
#133,721,2295
133,775.667,2295,88.0883
#139,1055,2295
#139,1032,2295
#139,956,2295
#139,880,2295
#139,842,2295
#139,858,2295
139,937.167,2295,166.983
#145,1202,2295
#145,1203,2295
#145,953,2295
#145,834,2295
#145,802,2295
#145,775,2295
145,961.5,2295,358.435
#152,1244,2295
#152,1206,2295
#152,1046,2295
#152,919,2295
#152,925,2295
#152,896,2295
152,1039.33,2295,280.247
#159,1255,2295
#159,1228,2295
#159,1035,2295
#159,917,2295
#159,896,2295
#159,903,2295
159,1039,2295,301.355
#166,1751,2295
#166,1738,2295
#166,1026,2295
#166,986,2295
#166,939,2295
#166,924,2295
166,1227.33,2295,734.362
#174,1454,2295
#174,1326,2295
#174,1099,2295
#174,1103,2295
#174,1037,2295
#174,1011,2295
174,1171.67,2295,324.012
#182,1585,2295
#182,1637,2295
#182,1161,2295
#182,1097,2295
#182,1068,2295
#182,1050,2295
182,1266.33,2295,493.185
#191,2261,2295
#191,1910,2295
#191,1277,2295
#191,1149,2295
#191,1092,2295
#191,1091,2295
191,1463.33,2295,911.347
#200,3997,2295
#200,3000,2295
#200,1865,2295
#200,1412,2295
#200,1336,2295
#200,1342,2295
200,2158.67,2295,2012.43
#210,3362,2295
#210,2445,2295
#210,1666,2295
#210,1396,2295
#210,1299,2295
#210,1251,2295
210,1903.17,2295,1533.1
#220,4469,2295
#220,3175,2295
#220,2076,2295
#220,1708,2295
#220,1645,2295
#220,1487,2295
220,2426.67,2295,2139.24
#231,1812,4599
#231,1778,4599
#231,1493,4599
#231,1398,4599
#231,1342,4599
#231,1355,4599
231,1529.67,4599,387.977
#242,1797,4599
#242,1774,4599
#242,1534,4599
#242,1480,4599
#242,1448,4599
#242,1445,4599
242,1579.67,4599,297.197
#254,1904,4599
#254,1865,4599
#254,1647,4599
#254,1535,4599
#254,1525,4599
#254,1538,4599
254,1669,4599,316.205
#266,2072,4599
#266,1981,4599
#266,1693,4599
#266,1533,4599
#266,1515,4599
#266,1526,4599
266,1720,4599,452.684
#279,2246,4599
#279,2148,4599
#279,1830,4599
#279,1688,4599
#279,1775,4599
#279,1731,4599
279,1903,4599,428.327
#292,2249,4599
#292,2193,4599
#292,1876,4599
#292,1760,4599
#292,1713,4599
#292,1733,4599
292,1920.67,4599,438.27
#306,2451,4599
#306,2305,4599
#306,1695,4599
#306,1663,4599
#306,1662,4599
#306,1646,4599
306,1903.67,4599,676.707
#321,3742,4599
#321,2965,4599
#321,2033,4599
#321,1878,4599
#321,1778,4599
#321,1751,4599
321,2357.83,4599,1488.8
#337,3566,4599
#337,3026,4599
#337,2166,4599
#337,1884,4599
#337,1831,4599
#337,1821,4599
337,2382.33,4599,1348.97
#353,3537,4599
#353,3021,4599
#353,2394,4599
#353,2149,4599
#353,2133,4599
#353,2112,4599
353,2557.67,4599,1079.05
#370,5335,4599
#370,4139,4599
#370,2784,4599
#370,2388,4599
#370,2177,4599
#370,2169,4599
370,3165.33,4599,2362.85
#388,4376,4599
#388,3610,4599
#388,2955,4599
#388,2640,4599
#388,2410,4599
#388,2371,4599
388,3060.33,4599,1441.99
#407,5984,4599
#407,4891,4599
#407,3399,4599
#407,2915,4599
#407,2793,4599
#407,2669,4599
407,3775.17,4599,2475.7
#427,7379,4599
#427,5886,4599
#427,4166,4599
#427,3644,4599
#427,3172,4599
#427,3109,4599
427,4559.33,4599,3133.82
#448,12884,4599
#448,10079,4599
#448,8156,4599
#448,6950,4599
#448,6214,4599
#448,5528,4599
448,8301.83,4599,5036.96
#470,3392,9207
#470,3184,9207
#470,2964,9207
#470,2646,9207
#470,2667,9207
#470,2671,9207
470,2920.67,9207,574.746
#493,3832,9207
#493,3486,9207
#493,3172,9207
#493,3081,9207
#493,3045,9207
#493,3010,9207
493,3271,9207,592.196
#517,3859,9207
#517,3737,9207
#517,3244,9207
#517,3037,9207
#517,2950,9207
#517,2957,9207
517,3297.33,9207,737.501
#542,3706,9207
#542,3740,9207
#542,3460,9207
#542,3242,9207
#542,3278,9207
#542,3245,9207
542,3445.17,9207,419.896
#569,4247,9207
#569,4145,9207
#569,3692,9207
#569,3350,9207
#569,3342,9207
#569,3258,9207
569,3672.33,9207,791.089
#597,4624,9207
#597,4417,9207
#597,3751,9207
#597,3512,9207
#597,3458,9207
#597,3417,9207
597,3863.17,9207,960.806
#626,4573,9207
#626,4193,9207
#626,3614,9207
#626,3526,9207
#626,3475,9207
#626,3438,9207
626,3803.17,9207,855.671
#657,5019,9207
#657,4519,9207
#657,3928,9207
#657,3857,9207
#657,3722,9207
#657,3576,9207
657,4103.5,9207,1008.68
#689,5659,9207
#689,5163,9207
#689,4342,9207
#689,4177,9207
#689,3842,9207
#689,3785,9207
689,4494.67,9207,1379.89
#723,7567,9207
#723,6474,9207
#723,5120,9207
#723,4596,9207
#723,4273,9207
#723,4292,9207
723,5387,9207,2459.13
#759,9825,9207
#759,8110,9207
#759,6584,9207
#759,5684,9207
#759,5225,9207
#759,4964,9207
759,6732,9207,3462.43
#796,10322,9207
#796,8511,9207
#796,6491,9207
#796,5668,9207
#796,5181,9207
#796,4984,9207
796,6859.5,9207,3882.15
#835,14948,9207
#835,12740,9207
#835,10291,9207
#835,9056,9207
#835,8078,9207
#835,7615,9207
835,10454.7,9207,5235.02
#876,16764,9207
#876,14023,9207
#876,11890,9207
#876,10481,9207
#876,9333,9207
#876,9014,9207
876,11917.5,9207,5483.06
#919,5926,18423
#919,5649,18423
#919,5328,18423
#919,5154,18423
#919,5077,18423
#919,5059,18423
919,5365.5,18423,641.792
#964,6534,18423
#964,6364,18423
#964,6006,18423
#964,5683,18423
#964,5702,18423
#964,5665,18423
964,5992.33,18423,692.268
#1012,6087,18423
#1012,6013,18423
#1012,5543,18423
#1012,5388,18423
#1012,5357,18423
#1012,5399,18423
1012,5631.17,18423,605.284
#1062,6860,18423
#1062,6714,18423
#1062,6187,18423
#1062,5982,18423
#1062,5915,18423
#1062,5904,18423
1062,6260.33,18423,772.222
#1115,7200,18423
#1115,7083,18423
#1115,6277,18423
#1115,6063,18423
#1115,5880,18423
#1115,5853,18423
1115,6392.67,18423,1096.81
#1170,7879,18423
#1170,7467,18423
#1170,6845,18423
#1170,6516,18423
#1170,6300,18423
#1170,6293,18423
1170,6883.33,18423,1199.22
#1228,8385,18423
#1228,7731,18423
#1228,7122,18423
#1228,6917,18423
#1228,6668,18423
#1228,6578,18423
1228,7233.5,18423,1274.24
#1289,8780,18423
#1289,8424,18423
#1289,7426,18423
#1289,11471,18423
#1289,7149,18423
#1289,6854,18423
1289,8350.67,18423,3105.39
#1353,11026,18423
#1353,10368,18423
#1353,8771,18423
#1353,8375,18423
#1353,7828,18423
#1353,7447,18423
1353,8969.17,18423,2607.53
#1420,13464,18423
#1420,11781,18423
#1420,9856,18423
#1420,9256,18423
#1420,8515,18423
#1420,8147,18423
1420,10169.8,18423,3760.43
#1491,15220,18423
#1491,12895,18423
#1491,10599,18423
#1491,9397,18423
#1491,8837,18423
#1491,8542,18423
1491,10915,18423,4817.11
#1565,16354,18423
#1565,14035,18423
#1565,12043,18423
#1565,10734,18423
#1565,10270,18423
#1565,9641,18423
1565,12179.5,18423,4695.22
#1643,21183,18423
#1643,18966,18423
#1643,15261,18423
#1643,13627,18423
#1643,12691,18423
#1643,11616,18423
1643,15557.3,18423,6871.73
#1725,30641,18423
#1725,26846,18423
#1725,22303,18423
#1725,20816,18423
#1725,20000,18423
#1725,18980,18423
1725,23264.3,18423,8293.51
#1811,10689,36855
#1811,10476,36855
#1811,9989,36855
#1811,9616,36855
#1811,9417,36855
#1811,9378,36855
1811,9927.5,36855,1014.6
#1901,10710,36855
#1901,10614,36855
#1901,9959,36855
#1901,9772,36855
#1901,9756,36855
#1901,9751,36855
1901,10093.7,36855,817.988
#1996,11420,36855
#1996,11310,36855
#1996,10687,36855
#1996,10274,36855
#1996,10202,36855
#1996,10137,36855
1996,10671.7,36855,1043.17
#2095,11936,36855
#2095,11745,36855
#2095,10954,36855
#2095,10505,36855
#2095,10369,36855
#2095,10351,36855
2095,10976.7,36855,1289.54
#2199,13342,36855
#2199,12886,36855
#2199,11928,36855
#2199,11388,36855
#2199,11225,36855
#2199,11196,36855
2199,11994.2,36855,1675.81
#2308,13810,36855
#2308,13297,36855
#2308,12404,36855
#2308,11714,36855
#2308,11638,36855
#2308,11615,36855
2308,12413,36855,1724.18
#2423,14301,36855
#2423,14207,36855
#2423,12953,36855
#2423,12409,36855
#2423,12239,36855
#2423,12208,36855
2423,13052.8,36855,1768.35
#2544,17160,36855
#2544,16033,36855
#2544,31939,36855
#2544,13686,36855
#2544,13107,36855
#2544,12911,36855
2544,17472.7,36855,13307.9
#2671,19181,36855
#2671,18379,36855
#2671,16114,36855
#2671,14955,36855
#2671,14187,36855
#2671,13792,36855
2671,16101.3,36855,4081.18
#2804,21153,36855
#2804,19979,36855
#2804,17609,36855
#2804,16387,36855
#2804,15259,36855
#2804,14866,36855
2804,17542.2,36855,4668.32
#2944,22717,36855
#2944,21449,36855
#2944,19038,36855
#2944,17389,36855
#2944,16139,36855
#2944,15692,36855
2944,18737.3,36855,5236.07
#3091,32193,36855
#3091,31183,36855
#3091,27962,36855
#3091,25486,36855
#3091,24032,36855
#3091,23043,36855
3091,27316.5,36855,6906.43
#3245,36365,36855
#3245,35165,36855
#3245,35751,36855
#3245,28468,36855
#3245,26849,36855
#3245,40004,36855
3245,33767,36855,9218.77
#3407,51409,36855
#3407,49300,36855
#3407,44884,36855
#3407,41266,36855
#3407,38846,36855
#3407,37761,36855
3407,43911,36855,10220.3
#3577,71785,36855
#3577,69350,36855
#3577,66662,36855
#3577,63882,36855
#3577,62152,36855
#3577,60044,36855
3577,65645.8,36855,8129.84
#3755,17252,73719
#3755,16959,73719
#3755,16290,73719
#3755,16054,73719
#3755,15965,73719
#3755,16004,73719
3755,16420.7,73719,1004.55
#3942,18419,73719
#3942,18377,73719
#3942,17507,73719
#3942,17111,73719
#3942,17102,73719
#3942,17086,73719
3942,17600.3,73719,1164.61
#4139,19224,73719
#4139,19172,73719
#4139,17929,73719
#4139,17599,73719
#4139,17586,73719
#4139,17552,73719
4139,18177,73719,1465.54
#4345,20658,73719
#4345,20654,73719
#4345,19270,73719
#4345,18876,73719
#4345,18733,73719
#4345,18671,73719
4345,19477,73719,1710.23
#4562,21024,73719
#4562,20853,73719
#4562,19567,73719
#4562,19033,73719
#4562,18961,73719
#4562,18988,73719
4562,19737.7,73719,1749.19
#4790,23148,73719
#4790,23056,73719
#4790,21496,73719
#4790,20791,73719
#4790,20624,73719
#4790,20549,73719
4790,21610.7,73719,2196.67
#5029,26698,73719
#5029,26572,73719
#5029,24161,73719
#5029,23169,73719
#5029,22698,73719
#5029,22480,73719
5029,24296.3,73719,3472.71
#5280,27723,73719
#5280,27595,73719
#5280,25798,73719
#5280,24335,73719
#5280,23900,73719
#5280,23588,73719
5280,25489.8,73719,3365.7
#5544,32189,73719
#5544,31727,73719
#5544,28807,73719
#5544,27423,73719
#5544,26452,73719
#5544,40279,73719
5544,31146.2,73719,9172.51
#5821,35395,73719
#5821,34835,73719
#5821,31912,73719
#5821,30022,73719
#5821,29302,73719
#5821,28857,73719
5821,31720.5,73719,5175.09
#6112,44471,73719
#6112,43678,73719
#6112,40543,73719
#6112,38162,73719
#6112,36652,73719
#6112,35685,73719
6112,39865.2,73719,6678.82
#6417,62999,73719
#6417,62190,73719
#6417,58684,73719
#6417,56062,73719
#6417,54398,73719
#6417,71899,73719
6417,61038.7,73719,11475.3
#6737,77445,73719
#6737,76487,73719
#6737,73086,73719
#6737,70635,73719
#6737,69148,73719
#6737,67501,73719
6737,72383.7,73719,7317.35
#7073,95970,73719
#7073,95327,73719
#7073,92171,73719
#7073,89306,73719
#7073,88475,73719
#7073,87181,73719
7073,91405,73719,6715.2
#7426,27263,147447
#7426,27298,147447
#7426,26527,147447
#7426,26322,147447
#7426,26252,147447
#7426,26249,147447
7426,26651.8,147447,908.321
#7797,27906,147447
#7797,28045,147447
#7797,27362,147447
#7797,27101,147447
#7797,27077,147447
#7797,27101,147447
7797,27432,147447,796.028
#8186,30041,147447
#8186,30098,147447
#8186,29074,147447
#8186,28785,147447
#8186,43055,147447
#8186,27902,147447
8186,31492.5,147447,10450.3
#8595,30837,147447
#8595,30995,147447
#8595,29820,147447
#8595,29448,147447
#8595,29189,147447
#8595,29162,147447
8595,29908.5,147447,1491.63
#9024,33295,147447
#9024,33146,147447
#9024,40056,147447
#9024,39531,147447
#9024,31751,147447
#9024,31488,147447
9024,34877.8,147447,7082.28
#9475,35771,147447
#9475,35620,147447
#9475,34513,147447
#9475,33779,147447
#9475,33608,147447
#9475,33414,147447
9475,34450.8,147447,1888.63
#9948,38431,147447
#9948,38273,147447
#9948,36404,147447
#9948,35512,147447
#9948,35430,147447
#9948,35089,147447
9948,36523.2,147447,2706.81
#10445,39675,147447
#10445,39720,147447
#10445,37843,147447
#10445,36971,147447
#10445,36570,147447
#10445,36546,147447
10445,37887.5,147447,2699.46
#10967,43695,147447
#10967,43350,147447
#10967,41710,147447
#10967,40571,147447
#10967,40156,147447
#10967,39868,147447
10967,41558.3,147447,3010.76
#11515,50606,147447
#11515,50447,147447
#11515,48562,147447
#11515,47491,147447
#11515,46871,147447
#11515,46530,147447
11515,48417.8,147447,3239.55
#12090,61678,147447
#12090,60903,147447
#12090,58857,147447
#12090,57409,147447
#12090,56335,147447
#12090,63121,147447
12090,59717.2,147447,4784.96
#12694,85653,147447
#12694,85160,147447
#12694,82957,147447
#12694,81704,147447
#12694,80862,147447
#12694,85640,147447
12694,83662.7,147447,3854.98
#13328,111119,147447
#13328,109376,147447
#13328,108248,147447
#13328,106956,147447
#13328,106739,147447
#13328,105623,147447
13328,108010,147447,3652.63
#13994,160645,147447
#13994,160482,147447
#13994,159807,147447
#13994,158247,147447
#13994,157693,147447
#13994,157952,147447
13994,159138,147447,2423.97
#14693,44671,294903
#14693,44534,294903
#14693,43989,294903
#14693,43799,294903
#14693,43629,294903
#14693,43673,294903
14693,44049.2,294903,818.936
#15427,47570,294903
#15427,47537,294903
#15427,46908,294903
#15427,46671,294903
#15427,46642,294903
#15427,46554,294903
15427,46980.3,294903,838.544
#16198,50280,294903
#16198,50214,294903
#16198,49570,294903
#16198,49362,294903
#16198,49363,294903
#16198,49292,294903
16198,49680.2,294903,820.33
#17007,54458,294903
#17007,54338,294903
#17007,53467,294903
#17007,53037,294903
#17007,53012,294903
#17007,52998,294903
17007,53551.7,294903,1240.86
#17857,59953,294903
#17857,59976,294903
#17857,59094,294903
#17857,58710,294903
#17857,58368,294903
#17857,58216,294903
17857,59052.8,294903,1402.63
#18749,64866,294903
#18749,64561,294903
#18749,63279,294903
#18749,62646,294903
#18749,62567,294903
#18749,62636,294903
18749,63425.8,294903,1889.24
#19686,69315,294903
#19686,69327,294903
#19686,70289,294903
#19686,67528,294903
#19686,67199,294903
#19686,67213,294903
19686,68478.5,294903,2427.57
#20670,78735,294903
#20670,78604,294903
#20670,77362,294903
#20670,76717,294903
#20670,76494,294903
#20670,76126,294903
20670,77339.7,294903,2020.21
#21703,88438,294903
#21703,88141,294903
#21703,86750,294903
#21703,86114,294903
#21703,85811,294903
#21703,85499,294903
21703,86792.2,294903,2254.59
#22788,104492,294903
#22788,104203,294903
#22788,102400,294903
#22788,101534,294903
#22788,101095,294903
#22788,101147,294903
22788,102478,294903,2782.48
#23927,130617,294903
#23927,130280,294903
#23927,128258,294903
#23927,128109,294903
#23927,127471,294903
#23927,127932,294903
23927,128778,294903,2419.35
#25123,164748,294903
#25123,163301,294903
#25123,162523,294903
#25123,161387,294903
#25123,161221,294903
#25123,161440,294903
25123,162437,294903,2539
#26379,199717,294903
#26379,199466,294903
#26379,198133,294903
#26379,198477,294903
#26379,198363,294903
#26379,197957,294903
26379,198686,294903,1330.82
#27697,302180,294903
#27697,305718,294903
#27697,313229,294903
#27697,302076,294903
#27697,301574,294903
#27697,300099,294903
27697,304146,294903,8798.32
#29081,95107,589815
#29081,95073,589815
#29081,94443,589815
#29081,94205,589815
#29081,94202,589815
#29081,94218,589815
29081,94541.3,589815,793.78
#30535,97910,589815
#30535,98003,589815
#30535,97201,589815
#30535,97067,589815
#30535,96868,589815
#30535,97015,589815
30535,97344,589815,889.431
#32061,106314,589815
#32061,106190,589815
#32061,105705,589815
#32061,105411,589815
#32061,105498,589815
#32061,105403,589815
32061,105754,589815,735.972
#33664,113134,589815
#33664,113383,589815
#33664,112259,589815
#33664,112102,589815
#33664,126749,589815
#33664,112167,589815
33664,114966,589815,10585.1
#35347,121388,589815
#35347,120951,589815
#35347,120553,589815
#35347,119920,589815
#35347,119738,589815
#35347,119890,589815
35347,120407,589815,1219.74
#37114,137809,589815
#37114,131706,589815
#37114,131116,589815
#37114,130575,589815
#37114,130496,589815
#37114,130505,589815
37114,132034,589815,5236.6
#38969,144055,589815
#38969,143620,589815
#38969,142295,589815
#38969,141725,589815
#38969,141574,589815
#38969,141621,589815
38969,142482,589815,1990.51
#40917,160598,589815
#40917,159561,589815
#40917,158243,589815
#40917,157953,589815
#40917,157692,589815
#40917,157466,589815
40917,158586,589815,2246.59
#42962,179790,589815
#42962,178646,589815
#42962,177300,589815
#42962,176774,589815
#42962,182417,589815
#42962,177026,589815
42962,178659,589815,3955.48
#45110,217868,589815
#45110,215889,589815
#45110,214904,589815
#45110,213674,589815
#45110,213964,589815
#45110,213534,589815
45110,214972,589815,3055.16
#47365,259647,589815
#47365,257221,589815
#47365,254839,589815
#47365,257223,589815
#47365,254391,589815
#47365,254808,589815
47365,256355,589815,3731.79
#49733,362381,589815
#49733,356623,589815
#49733,359422,589815
#49733,350733,589815
#49733,352437,589815
#49733,353336,589815
49733,355822,589815,8171.43
#52219,487383,589815
#52219,485507,589815
#52219,491183,589815
#52219,468046,589815
#52219,482800,589815
#52219,457082,589815
52219,478667,589815,24155.1
#54829,655432,589815
#54829,654863,589815
#54829,655812,589815
#54829,657663,589815
#54829,651805,589815
#54829,651893,589815
54829,654578,589815,4222.9
#57570,319591,1179639
#57570,281235,1179639
#57570,228587,1179639
#57570,227897,1179639
#57570,228275,1179639
#57570,228471,1179639
57570,252343,1179639,71498.9
#60448,287793,1179639
#60448,269926,1179639
#60448,243656,1179639
#60448,243351,1179639
#60448,243294,1179639
#60448,243483,1179639
60448,255250,1179639,34946.1
#63470,327823,1179639
#63470,309802,1179639
#63470,268431,1179639
#63470,274412,1179639
#63470,259943,1179639
#63470,260753,1179639
63470,283527,1179639,51886.7
#66643,336021,1179639
#66643,327697,1179639
#66643,279035,1179639
#66643,278819,1179639
#66643,278789,1179639
#66643,286456,1179639
66643,297803,1179639,48697.6
#69975,337888,1179639
#69975,333028,1179639
#69975,300885,1179639
#69975,300564,1179639
#69975,300740,1179639
#69975,300153,1179639
69975,312210,1179639,33000.7
#73473,281975,1179639
#73473,281694,1179639
#73473,291660,1179639
#73473,272113,1179639
#73473,272609,1179639
#73473,276088,1179639
73473,279356,1179639,13475.3
#77146,299022,1179639
#77146,293544,1179639
#77146,291400,1179639
#77146,290605,1179639
#77146,290741,1179639
#77146,290926,1179639
77146,292706,1179639,5985.74
#81003,327622,1179639
#81003,326668,1179639
#81003,325914,1179639
#81003,325556,1179639
#81003,324896,1179639
#81003,324961,1179639
81003,325936,1179639,1924.5
#85053,379102,1179639
#85053,377440,1179639
#85053,364169,1179639
#85053,362451,1179639
#85053,379274,1179639
#85053,362560,1179639
85053,370833,1179639,15628.8
#89305,442619,1179639
#89305,433623,1179639
#89305,420259,1179639
#89305,419541,1179639
#89305,419717,1179639
#89305,419048,1179639
89305,425801,1179639,18194.3
#93770,498402,1179639
#93770,494923,1179639
#93770,489835,1179639
#93770,491216,1179639
#93770,489232,1179639
#93770,489797,1179639
93770,492234,1179639,6684.18
#98458,619869,1179639
#98458,621221,1179639
#98458,617254,1179639
#98458,614458,1179639
#98458,619483,1179639
#98458,612846,1179639
98458,617522,1179639,6020.05
#103380,801700,1179639
#103380,811070,1179639
#103380,825935,1179639
#103380,800965,1179639
#103380,799717,1179639
#103380,801718,1179639
103380,806851,1179639,18626.5
#108549,1121623,1179639
#108549,1072022,1179639
#108549,1079168,1179639
#108549,1044229,1179639
#108549,1084163,1179639
#108549,1044571,1179639
108549,1.0743e+06,1179639,52622.6
#113976,1583274,1179639
#113976,1588691,1179639
#113976,1546968,1179639
#113976,1584755,1179639
#113976,1787895,1179639
#113976,1602000,1179639
113976,1.6156e+06,1179639,157695
#119674,640258,2359287
#119674,579993,2359287
#119674,449213,2359287
#119674,452497,2359287
#119674,444859,2359287
#119674,444413,2359287
119674,501872,2359287,157091
#125657,543245,2359287
#125657,525950,2359287
#125657,476008,2359287
#125657,472886,2359287
#125657,472290,2359287
#125657,472628,2359287
125657,493834,2359287,58556.6
#131939,650939,2359287
#131939,676926,2359287
#131939,551416,2359287
#131939,502200,2359287
#131939,500908,2359287
#131939,499976,2359287
131939,563728,2359287,146896
#138535,644121,2359287
#138535,624319,2359287
#138535,554362,2359287
#138535,537944,2359287
#138535,536148,2359287
#138535,535801,2359287
138535,572116,2359287,89462.4
#145461,692477,2359287
#145461,661515,2359287
#145461,581562,2359287
#145461,578614,2359287
#145461,579360,2359287
#145461,578905,2359287
145461,612072,2359287,93559.2
#152734,698575,2359287
#152734,684484,2359287
#152734,642600,2359287
#152734,626833,2359287
#152734,626296,2359287
#152734,630244,2359287
152734,651505,2359287,58187.8
#160370,766947,2359287
#160370,755342,2359287
#160370,697401,2359287
#160370,689955,2359287
#160370,697497,2359287
#160370,699002,2359287
160370,717691,2359287,62084.9
#168388,835906,2359287
#168388,833990,2359287
#168388,788331,2359287
#168388,779959,2359287
#168388,773932,2359287
#168388,772185,2359287
168388,797384,2359287,54126.5
#176807,941453,2359287
#176807,920759,2359287
#176807,879123,2359287
#176807,876246,2359287
#176807,876911,2359287
#176807,880333,2359287
176807,895804,2359287,51404.6
#185647,1112664,2359287
#185647,1083373,2359287
#185647,1030958,2359287
#185647,1029737,2359287
#185647,1044834,2359287
#185647,998013,2359287
185647,1.04993e+06,2359287,75467.6
#194929,1287352,2359287
#194929,1325792,2359287
#194929,1237459,2359287
#194929,1230095,2359287
#194929,1300915,2359287
#194929,1270191,2359287
194929,1.2753e+06,2359287,67588.7
#204675,1632450,2359287
#204675,1622229,2359287
#204675,1587112,2359287
#204675,1582646,2359287
#204675,1616372,2359287
#204675,1627021,2359287
204675,1.6113e+06,2359287,38693.3
#214908,2159328,2359287
#214908,2155280,2359287
#214908,2114618,2359287
#214908,2112889,2359287
#214908,2108944,2359287
#214908,2113663,2359287
214908,2.12745e+06,2359287,42426
#225653,3096284,2359287
#225653,3094134,2359287
#225653,3060234,2359287
#225653,3053243,2359287
#225653,3047254,2359287
#225653,3055528,2359287
225653,3.06778e+06,2359287,39553.4
#236935,1634476,4718583
#236935,1513429,4718583
#236935,1013612,4718583
#236935,986130,4718583
#236935,981228,4718583
#236935,980958,4718583
236935,1.18497e+06,4718583,554962
#248781,1512947,4718583
#248781,1451461,4718583
#248781,1074271,4718583
#248781,1047123,4718583
#248781,1041689,4718583
#248781,1044994,4718583
248781,1.19541e+06,4718583,407685
#261220,1505116,4718583
#261220,1424950,4718583
#261220,1127279,4718583
#261220,1108227,4718583
#261220,1107346,4718583
#261220,1108595,4718583
261220,1.23025e+06,4718583,335517
#274281,1557621,4718583
#274281,1470422,4718583
#274281,1216143,4718583
#274281,1207652,4718583
#274281,1195714,4718583
#274281,1194534,4718583
274281,1.30701e+06,4718583,297406
#287995,1572681,4718583
#287995,1509073,4718583
#287995,1292864,4718583
#287995,1280790,4718583
#287995,1273175,4718583
#287995,1272898,4718583
287995,1.36691e+06,4718583,249100
#302394,1652121,4718583
#302394,1610049,4718583
#302394,1406033,4718583
#302394,1390079,4718583
#302394,1380298,4718583
#302394,1375713,4718583
302394,1.46905e+06,4718583,231217
#317513,1741620,4718583
#317513,1688902,4718583
#317513,1550356,4718583
#317513,1528886,4718583
#317513,1515573,4718583
#317513,1549721,4718583
317513,1.59584e+06,4718583,173270
#333388,1855286,4718583
#333388,1820418,4718583
#333388,1703543,4718583
#333388,2079516,4718583
#333388,2087790,4718583
#333388,1875860,4718583
333388,1.90374e+06,4718583,276789
#350057,2071799,4718583
#350057,2042478,4718583
#350057,1954034,4718583
#350057,1929012,4718583
#350057,1939728,4718583
#350057,1915479,4718583
350057,1.97542e+06,4718583,119062
#367559,2382591,4718583
#367559,2402172,4718583
#367559,2271234,4718583
#367559,2242095,4718583
#367559,2196512,4718583
#367559,2204021,4718583
367559,2.2831e+06,4718583,162583
#385936,2799737,4718583
#385936,2805885,4718583
#385936,2719122,4718583
#385936,2685621,4718583
#385936,2645371,4718583
#385936,2625589,4718583
385936,2.71355e+06,4718583,139405
#405232,3432388,4718583
#405232,3581419,4718583
#405232,3523156,4718583
#405232,3412304,4718583
#405232,3457181,4718583
#405232,3378680,4718583
405232,3.46419e+06,4718583,137318
#425493,4447837,4718583
#425493,4489332,4718583
#425493,4485445,4718583
#425493,4451555,4718583
#425493,4408912,4718583
#425493,4398067,4718583
425493,4.44686e+06,4718583,68975.7
#446767,6135418,4718583
#446767,6190522,4718583
#446767,6203846,4718583
#446767,6143643,4718583
#446767,6122974,4718583
#446767,6105608,4718583
446767,6.15034e+06,4718583,70686.4
#469105,3285770,9437175
#469105,3014644,9437175
#469105,2510082,9437175
#469105,2316834,9437175
#469105,2208471,9437175
#469105,2212382,9437175
469105,2.59136e+06,9437175,830090
#492560,3332988,9437175
#492560,3118368,9437175
#492560,2491040,9437175
#492560,2356517,9437175
#492560,2329399,9437175
#492560,2380742,9437175
492560,2.66818e+06,9437175,804382
#517188,3498512,9437175
#517188,3218944,9437175
#517188,2830629,9437175
#517188,2596739,9437175
#517188,2602610,9437175
#517188,2658724,9437175
517188,2.90103e+06,9437175,684772
#543047,3473639,9437175
#543047,3327512,9437175
#543047,2950570,9437175
#543047,2713660,9437175
#543047,2818732,9437175
#543047,2782565,9437175
543047,3.01111e+06,9437175,574704
#570199,3610512,9437175
#570199,3846286,9437175
#570199,3724999,9437175
#570199,3502827,9437175
#570199,3446637,9437175
#570199,3370882,9437175
570199,3.58369e+06,9437175,326858
#598708,3894867,9437175
#598708,3766307,9437175
#598708,3597739,9437175
#598708,3437095,9437175
#598708,3414677,9437175
#598708,3362452,9437175
598708,3.57886e+06,9437175,390930
#628643,4063976,9437175
#628643,4115634,9437175
#628643,3960194,9437175
#628643,3870731,9437175
#628643,3842616,9437175
#628643,3771133,9437175
628643,3.93738e+06,9437175,244106
#660075,4463971,9437175
#660075,4346325,9437175
#660075,4417594,9437175
#660075,4263414,9437175
#660075,4201493,9437175
#660075,4137316,9437175
660075,4.30502e+06,9437175,231254
#693078,4910999,9437175
#693078,4769240,9437175
#693078,4949087,9437175
#693078,4927017,9437175
#693078,4853368,9437175
#693078,5236505,9437175
693078,4.94104e+06,9437175,289442
#727731,5501499,9437175
#727731,5725016,9437175
#727731,5887901,9437175
#727731,5929961,9437175
#727731,5742853,9437175
#727731,5671471,9437175
727731,5.74312e+06,9437175,282505
#764117,6534785,9437175
#764117,7070153,9437175
#764117,6994969,9437175
#764117,6851128,9437175
#764117,6651469,9437175
#764117,6766884,9437175
764117,6.81156e+06,9437175,370859
#802322,8164807,9437175
#802322,9463712,9437175
#802322,9606315,9437175
#802322,10842548,9437175
#802322,10986944,9437175
#802322,11367731,9437175
802322,1.0072e+07,9437175,2.21119e+06
#842438,9934597,9437175
#842438,10655158,9437175
#842438,10574109,9437175
#842438,10595008,9437175
#842438,11157863,9437175
#842438,12163394,9437175
842438,1.08467e+07,9437175,1.3752e+06
#884559,13178839,9437175
#884559,13854100,9437175
#884559,13861614,9437175
#884559,13855626,9437175
#884559,14249036,9437175
#884559,14134778,9437175
884559,1.38557e+07,9437175,678614
#928786,6986529,18874359
#928786,6716175,18874359
#928786,7383950,18874359
#928786,7660604,18874359
#928786,7705583,18874359
#928786,7733378,18874359
928786,7.36437e+06,18874359,776167
#975225,7173160,18874359
#975225,7107303,18874359
#975225,7485532,18874359
#975225,8446878,18874359
#975225,8776735,18874359
#975225,8533766,18874359
975225,7.92056e+06,18874359,1.36512e+06
#1023986,7502059,18874359
#1023986,8578731,18874359
#1023986,9715307,18874359
#1023986,9499013,18874359
#1023986,9236574,18874359
#1023986,9290529,18874359
1023986,8.97037e+06,18874359,1.48707e+06
#1075185,8019788,18874359
#1075185,8680847,18874359
#1075185,9307325,18874359
#1075185,9471431,18874359
#1075185,9460441,18874359
#1075185,9405484,18874359
1075185,9.05755e+06,18874359,1.07577e+06
#1128944,8708493,18874359
#1128944,9114633,18874359
#1128944,10010322,18874359
#1128944,10493369,18874359
#1128944,10492277,18874359
#1128944,10374307,18874359
1128944,9.86557e+06,18874359,1.40698e+06
#1185391,9384119,18874359
#1185391,10963517,18874359
#1185391,11270622,18874359
#1185391,11454002,18874359
#1185391,11705878,18874359
#1185391,11800627,18874359
1185391,1.10965e+07,18874359,1.62792e+06
#1244660,10272626,18874359
#1244660,12087202,18874359
#1244660,12495121,18874359
#1244660,12814687,18874359
#1244660,13109220,18874359
#1244660,13191115,18874359
1244660,1.23283e+07,18874359,1.9837e+06
#1306893,11564221,18874359
#1306893,13842930,18874359
#1306893,14647235,18874359
#1306893,15665722,18874359
#1306893,15740616,18874359
#1306893,16152276,18874359
1306893,1.46022e+07,18874359,3.12385e+06
#1372237,12915067,18874359
#1372237,15213363,18874359
#1372237,16216881,18874359
#1372237,16672726,18874359
#1372237,17100976,18874359
#1372237,16876439,18874359
1372237,1.58326e+07,18874359,2.88066e+06
#1440848,14758828,18874359
#1440848,17249609,18874359
#1440848,19375978,18874359
#1440848,18865726,18874359
#1440848,19079452,18874359
#1440848,18757479,18874359
1440848,1.80145e+07,18874359,3.20924e+06
#1512890,18164243,18874359
#1512890,20512729,18874359
#1512890,21246785,18874359
#1512890,21578886,18874359
#1512890,21444881,18874359
#1512890,21726773,18874359
1512890,2.0779e+07,18874359,2.46417e+06
#1588534,21688044,18874359
#1588534,23377853,18874359
#1588534,24595521,18874359
#1588534,25138325,18874359
#1588534,24967023,18874359
#1588534,24963493,18874359
1588534,2.41217e+07,18874359,2.47079e+06
#1667960,24443002,18874359
#1667960,27725025,18874359
#1667960,28796049,18874359
#1667960,29113776,18874359
#1667960,28920205,18874359
#1667960,29349649,18874359
1667960,2.8058e+07,18874359,3.39119e+06
#1751358,33234532,18874359
#1751358,34705900,18874359
#1751358,35206701,18874359
#1751358,35672408,18874359
#1751358,35455056,18874359
#1751358,35084366,18874359
1751358,3.48932e+07,18874359,1.60082e+06
#1838925,17574003,37748727
#1838925,19489767,37748727
#1838925,20479198,37748727
#1838925,20792770,37748727
#1838925,21237628,37748727
#1838925,21339324,37748727
1838925,2.01521e+07,37748727,2.60648e+06
#1930871,18867993,37748727
#1930871,21745671,37748727
#1930871,22561166,37748727
#1930871,23340827,37748727
#1930871,23363215,37748727
#1930871,23439482,37748727
1930871,2.22197e+07,37748727,3.22776e+06
#2027414,20104162,37748727
#2027414,22358033,37748727
#2027414,23047807,37748727
#2027414,22936877,37748727
#2027414,23778201,37748727
#2027414,23991936,37748727
2027414,2.27028e+07,37748727,2.56437e+06
#2128784,22746553,37748727
#2128784,25254000,37748727
#2128784,26272050,37748727
#2128784,26259719,37748727
#2128784,26243460,37748727
#2128784,26224738,37748727
2128784,2.55001e+07,37748727,2.56816e+06
#2235223,24168779,37748727
#2235223,26750420,37748727
#2235223,27520411,37748727
#2235223,27806756,37748727
#2235223,30036462,37748727
#2235223,30352655,37748727
2235223,2.77726e+07,37748727,4.15362e+06
#2346984,28166170,37748727
#2346984,30739573,37748727
#2346984,30947606,37748727
#2346984,31259014,37748727
#2346984,31702045,37748727
#2346984,32996299,37748727
2346984,3.09685e+07,37748727,2.90291e+06
#2464333,29709676,37748727
#2464333,32234954,37748727
#2464333,32825259,37748727
#2464333,32703588,37748727
#2464333,32583108,37748727
#2464333,33177377,37748727
2464333,3.22057e+07,37748727,2.30208e+06
#2587549,33706338,37748727
#2587549,36665245,37748727
#2587549,36680618,37748727
#2587549,37061374,37748727
#2587549,38534558,37748727
#2587549,38803482,37748727
2587549,3.69086e+07,37748727,3.329e+06
#2716926,36505614,37748727
#2716926,41424080,37748727
#2716926,40102959,37748727
#2716926,43742781,37748727
#2716926,40794669,37748727
#2716926,40667798,37748727
2716926,4.05397e+07,37748727,4.28858e+06
#2852772,42662684,37748727
#2852772,44544018,37748727
#2852772,44184321,37748727
#2852772,44069698,37748727
#2852772,44068816,37748727
#2852772,44421606,37748727
2852772,4.39919e+07,37748727,1.2397e+06
#2995410,46425596,37748727
#2995410,48783440,37748727
#2995410,48820817,37748727
#2995410,48783818,37748727
#2995410,48717397,37748727
#2995410,49604734,37748727
2995410,4.85226e+07,37748727,1.97173e+06
#3145180,53276188,37748727
#3145180,54779918,37748727
#3145180,54949986,37748727
#3145180,55309455,37748727
#3145180,55334202,37748727
#3145180,55015587,37748727
3145180,5.47776e+07,37748727,1.3984e+06
#3302439,62152122,37748727
#3302439,67063511,37748727
#3302439,63936870,37748727
#3302439,64544625,37748727
#3302439,64891373,37748727
#3302439,65323302,37748727
3302439,6.4652e+07,37748727,2.95473e+06
#3467560,75461991,37748727
#3467560,75774289,37748727
#3467560,77796706,37748727
#3467560,77897542,37748727
#3467560,77228864,37748727
#3467560,75206818,37748727
3467560,7.6561e+07,37748727,2.2241e+06
#3640938,98559683,37748727
#3640938,97769953,37748727
#3640938,102939194,37748727
#3640938,98164141,37748727
#3640938,97850758,37748727
#3640938,97003520,37748727
3640938,9.87145e+07,37748727,3.89363e+06
#3822984,68035920,75497463
#3822984,83044113,75497463
#3822984,84985436,75497463
#3822984,82597389,75497463
#3822984,84618134,75497463
#3822984,79033335,75497463
3822984,8.03857e+07,75497463,1.17012e+07
#4014133,75330691,75497463
#4014133,83990367,75497463
#4014133,91030843,75497463
#4014133,89171570,75497463
#4014133,89328580,75497463
#4014133,90682138,75497463
4014133,8.6589e+07,75497463,1.10803e+07
#4214839,81932378,75497463
#4214839,93480441,75497463
#4214839,94872686,75497463
#4214839,93543829,75497463
#4214839,98612772,75497463
#4214839,95782229,75497463
4214839,9.30374e+07,75497463,1.05123e+07
#4425580,91682965,75497463
#4425580,100976323,75497463
#4425580,100653515,75497463
#4425580,101154336,75497463
#4425580,102478271,75497463
#4425580,101542288,75497463
4425580,9.97479e+07,75497463,7.30412e+06
#4646859,102815295,75497463
#4646859,107560962,75497463
#4646859,107890383,75497463
#4646859,107606882,75497463
#4646859,106094705,75497463
#4646859,107875658,75497463
4646859,1.06641e+08,75497463,3.63309e+06
#4879201,104677350,75497463
#4879201,108602205,75497463
#4879201,115658634,75497463
#4879201,113526977,75497463
#4879201,110143682,75497463
#4879201,114781459,75497463
4879201,1.11232e+08,75497463,7.6822e+06
#5123161,114206672,75497463
#5123161,120723031,75497463
#5123161,123837387,75497463
#5123161,121836921,75497463
#5123161,121181667,75497463
#5123161,123021716,75497463
5123161,1.20801e+08,75497463,6.26421e+06
#5379319,114825402,75497463
#5379319,130205458,75497463
#5379319,129965267,75497463
#5379319,131966066,75497463
#5379319,131350144,75497463
#5379319,132563234,75497463
5379319,1.28479e+08,75497463,1.23476e+07
#5648284,138683184,75497463
#5648284,139357190,75497463
#5648284,143058144,75497463
#5648284,137016926,75497463
#5648284,139425311,75497463
#5648284,144144685,75497463
5648284,1.40281e+08,75497463,4.99556e+06
#5930698,148264297,75497463
#5930698,153487155,75497463
#5930698,154641241,75497463
#5930698,155332216,75497463
#5930698,150229807,75497463
#5930698,153899310,75497463
5930698,1.52642e+08,75497463,5.06704e+06
#6227232,165949474,75497463
#6227232,165341133,75497463
#6227232,170522395,75497463
#6227232,163113617,75497463
#6227232,156816505,75497463
#6227232,155792249,75497463
6227232,1.62923e+08,75497463,1.0358e+07
#6538593,186617381,75497463
#6538593,188865512,75497463
#6538593,187544363,75497463
#6538593,189352550,75497463
#6538593,188125396,75497463
#6538593,188782421,75497463
6538593,1.88215e+08,75497463,1.83472e+06
#6865522,220330052,75497463
#6865522,219755650,75497463
#6865522,223530851,75497463
#6865522,223229684,75497463
#6865522,223021056,75497463
#6865522,221050599,75497463
6865522,2.2182e+08,75497463,2.99224e+06
#7208798,264672077,75497463
#7208798,260520733,75497463
#7208798,269217890,75497463
#7208798,272493259,75497463
#7208798,272033090,75497463
#7208798,259132693,75497463
7208798,2.66345e+08,75497463,1.05561e+07
#7569237,195318312,150994935
#7569237,200240336,150994935
#7569237,200764822,150994935
#7569237,201468104,150994935
#7569237,199844857,150994935
#7569237,200245054,150994935
7569237,1.99647e+08,150994935,4.00436e+06
#7947698,210456030,150994935
#7947698,212491851,150994935
#7947698,211756555,150994935
#7947698,211535950,150994935
#7947698,211393817,150994935
#7947698,212492742,150994935
7947698,2.11688e+08,150994935,1.39664e+06
#8345082,223661345,150994935
#8345082,222816201,150994935
#8345082,223801327,150994935
#8345082,223479790,150994935
#8345082,224013134,150994935
#8345082,225641737,150994935
8345082,2.23902e+08,150994935,1.72517e+06
#8762336,234594668,150994935
#8762336,243123386,150994935
#8762336,237465780,150994935
#8762336,237109364,150994935
#8762336,237073356,150994935
#8762336,238433303,150994935
8762336,2.37967e+08,150994935,5.16164e+06
#9200452,247572888,150994935
#9200452,251586324,150994935
#9200452,250354737,150994935
#9200452,251068036,150994935
#9200452,254582162,150994935
#9200452,249342378,150994935
9200452,2.50751e+08,150994935,4.29866e+06
#9660474,262408618,150994935
#9660474,267710574,150994935
#9660474,267548992,150994935
#9660474,266694140,150994935
#9660474,267012802,150994935
#9660474,266620344,150994935
9660474,2.66333e+08,150994935,3.60113e+06
