#1,466,256
#1,90,256
#1,50,256
#1,47,256
#1,46,256
1,139.8,256,327.855
#2,78,256
#2,50,256
#2,46,256
#2,47,256
#2,48,256
2,53.8,256,24.3442
#3,68,256
#3,58,256
#3,54,256
#3,53,256
#3,49,256
3,56.4,256,12.9368
#4,74,256
#4,72,256
#4,61,256
#4,59,256
#4,58,256
4,64.8,256,13.5882
#5,81,256
#5,77,256
#5,71,256
#5,72,256
#5,71,256
5,74.4,256,7.9599
#6,99,256
#6,82,256
#6,72,256
#6,70,256
#6,69,256
6,78.4,256,22.5779
#7,98,256
#7,85,256
#7,87,256
#7,87,256
#7,88,256
7,89,256,9.20869
#8,110,256
#8,94,256
#8,90,256
#8,89,256
#8,87,256
8,94,256,16.6373
#9,162,256
#9,109,256
#9,89,256
#9,89,256
#9,114,256
9,112.6,256,53.4356
#10,117,256
#10,136,256
#10,122,256
#10,120,256
#10,121,256
10,123.2,256,13.2303
#11,184,256
#11,123,256
#11,104,256
#11,103,256
#11,106,256
11,124,256,61.7479
#12,150,256
#12,159,256
#12,111,256
#12,111,256
#12,113,256
12,128.8,256,42.3774
#13,121,384
#13,124,384
#13,117,384
#13,115,384
#13,118,384
13,119,384,6.32456
#14,127,384
#14,133,384
#14,130,384
#14,130,384
#14,128,384
14,129.6,384,4.11825
#15,175,384
#15,195,384
#15,125,384
#15,126,384
#15,128,384
15,149.8,384,58.8884
#16,165,384
#16,186,384
#16,150,384
#16,152,384
#16,151,384
16,160.8,384,27.4634
#17,191,384
#17,225,384
#17,135,384
#17,138,384
#17,134,384
17,164.6,384,74.1091
#18,148,384
#18,168,384
#18,173,384
#18,167,384
#18,143,384
18,159.8,384,23.9132
#19,154,384
#19,160,384
#19,160,384
#19,155,384
#19,143,384
19,154.4,384,12.4322
#20,182,384
#20,191,384
#20,186,384
#20,183,384
#20,151,384
20,178.6,384,28.3012
#21,163,384
#21,190,384
#21,186,384
#21,189,384
#21,156,384
21,176.8,384,28.7165
#22,176,384
#22,178,384
#22,166,384
#22,163,384
#22,160,384
22,168.6,384,14.2885
#23,181,384
#23,178,384
#23,171,384
#23,164,384
#23,166,384
23,172,384,13.2061
#24,207,384
#24,204,384
#24,202,384
#24,173,384
#24,179,384
24,193,384,28.1993
#25,237,640
#25,215,640
#25,186,640
#25,183,640
#25,183,640
25,200.8,640,43.4953
#26,217,640
#26,244,640
#26,249,640
#26,205,640
#26,191,640
26,221.2,640,44.5852
#27,222,640
#27,200,640
#27,192,640
#27,187,640
#27,193,640
27,198.8,640,24.6382
#28,247,640
#28,238,640
#28,248,640
#28,198,640
#28,199,640
28,226,640,45.4489
#29,205,640
#29,221,640
#29,223,640
#29,223,640
#29,198,640
29,214,640,20.938
#30,306,640
#30,287,640
#30,250,640
#30,269,640
#30,225,640
30,267.4,640,56.4071
#31,281,640
#31,290,640
#31,258,640
#31,238,640
#31,237,640
31,260.8,640,43.4032
#32,272,640
#32,279,640
#32,263,640
#32,241,640
#32,221,640
32,255.2,640,42.7158
#33,483,640
#33,469,640
#33,424,640
#33,321,640
#33,262,640
33,391.8,640,172.452
#34,543,640
#34,477,640
#34,374,640
#34,271,640
#34,245,640
34,382,640,229.957
#35,291,640
#35,313,640
#35,304,640
#35,255,640
#35,235,640
35,279.6,640,59.5664
#36,516,640
#36,442,640
#36,388,640
#36,253,640
#36,280,640
36,375.8,640,196.865
#37,290,896
#37,315,896
#37,286,896
#37,274,896
#37,250,896
37,283,896,42.4453
#38,300,896
#38,295,896
#38,284,896
#38,272,896
#38,279,896
38,286,896,20.5134
#39,594,896
#39,459,896
#39,288,896
#39,293,896
#39,288,896
39,384.4,896,247.285
#40,384,896
#40,366,896
#40,281,896
#40,260,896
#40,262,896
40,310.6,896,106.79
#42,598,896
#42,542,896
#42,318,896
#42,323,896
#42,315,896
42,419.2,896,248.842
#44,352,896
#44,400,896
#44,395,896
#44,328,896
#44,306,896
44,356.2,896,73.5217
#46,1036,896
#46,923,896
#46,503,896
#46,387,896
#46,373,896
46,644.4,896,559.196
#48,300,896
#48,322,896
#48,326,896
#48,328,896
#48,297,896
48,314.6,896,26.6413
#50,314,1152
#50,316,1152
#50,316,1152
#50,310,1152
#50,350,1152
50,321.2,1152,29.1314
#52,436,1152
#52,400,1152
#52,340,1152
#52,352,1152
#52,345,1152
52,374.6,1152,74.8289
#54,667,1152
#54,644,1152
#54,492,1152
#54,393,1152
#54,380,1152
54,515.2,1152,242.294
#56,750,1152
#56,511,1152
#56,414,1152
#56,435,1152
#56,464,1152
56,514.8,1152,244.037
#58,588,1152
#58,535,1152
#58,355,1152
#58,345,1152
#58,343,1152
58,433.2,1152,212.333
#60,558,1152
#60,555,1152
#60,434,1152
#60,397,1152
#60,371,1152
60,463,1152,157.861
#63,681,1280
#63,663,1280
#63,608,1280
#63,472,1280
#63,448,1280
63,574.4,1280,193.505
#66,508,1280
#66,511,1280
#66,483,1280
#66,483,1280
#66,438,1280
66,484.6,1280,52.316
#69,421,1280
#69,469,1280
#69,465,1280
#69,423,1280
#69,389,1280
69,433.4,1280,59.9947
#72,1182,1280
#72,1000,1280
#72,646,1280
#72,524,1280
#72,512,1280
72,772.8,1280,540.415
#75,925,1536
#75,873,1536
#75,468,1536
#75,483,1536
#75,477,1536
75,645.2,1536,415.866
#78,519,1536
#78,513,1536
#78,517,1536
#78,435,1536
#78,439,1536
78,484.6,1536,77.8676
#81,600,1536
#81,608,1536
#81,523,1536
#81,484,1536
#81,462,1536
81,535.4,1536,118.751
#85,783,1536
#85,687,1536
#85,649,1536
#85,545,1536
#85,501,1536
85,633,1536,201.673
#89,1164,1536
#89,1106,1536
#89,879,1536
#89,746,1536
#89,691,1536
89,917.2,1536,377.879
#93,901,1536
#93,896,1536
#93,667,1536
#93,641,1536
#93,569,1536
93,734.8,1536,274.944
#97,1435,1536
#97,1199,1536
#97,908,1536
#97,742,1536
#97,721,1536
97,1001,1536,552.587
#101,1100,1792
#101,938,1792
#101,831,1792
#101,681,1792
#101,619,1792
101,833.8,1792,347.81
#106,1002,1792
#106,948,1792
#106,793,1792
#106,678,1792
#106,659,1792
106,816,1792,277.477
#111,1033,1792
#111,939,1792
#111,769,1792
#111,697,1792
#111,694,1792
111,826.4,1792,272.663
#116,1435,1792
#116,1175,1792
#116,878,1792
#116,825,1792
#116,787,1792
116,1020,1792,496.973
#121,1855,1792
#121,1429,1792
#121,897,1792
#121,828,1792
#121,744,1792
121,1150.6,1792,852.006
#127,1181,2048
#127,1092,2048
#127,898,2048
#127,805,2048
#127,807,2048
127,956.6,2048,306.575
#133,825,2048
#133,787,2048
#133,773,2048
#133,726,2048
#133,725,2048
133,767.2,2048,76.1304
#139,1808,2048
#139,1440,2048
#139,1014,2048
#139,940,2048
#139,895,2048
139,1219.4,2048,704.615
#145,1628,2048
#145,1513,2048
#145,1221,2048
#145,1092,2048
#145,1033,2048
145,1297.4,2048,467.943
#152,1635,2432
#152,1384,2432
#152,1007,2432
#152,920,2432
#152,842,2432
152,1157.6,2432,605.247
#159,1870,2432
#159,1607,2432
#159,1239,2432
#159,1023,2432
#159,940,2432
159,1335.8,2432,705.856
#166,1603,2432
#166,1503,2432
#166,1242,2432
#166,1090,2432
#166,1053,2432
166,1298.2,2432,439.522
#174,2025,2432
#174,1831,2432
#174,1343,2432
#174,2813,2432
#174,1266,2432
174,1855.6,2432,1115.81
#182,2341,2432
#182,2152,2432
#182,1441,2432
#182,1335,2432
#182,1231,2432
182,1700,2432,910.144
#191,2883,2816
#191,2328,2816
#191,1755,2816
#191,1519,2816
#191,1335,2816
191,1964,2816,1136.45
#200,2574,2816
#200,2198,2816
#200,1607,2816
#200,1494,2816
#200,1310,2816
200,1836.6,2816,947.319
#210,2681,2816
#210,2345,2816
#210,1885,2816
#210,1723,2816
#210,1562,2816
210,2039.2,2816,827.962
#220,3835,2816
#220,3110,2816
#220,2053,2816
#220,1711,2816
#220,1594,2816
220,2460.6,2816,1741.2
#231,2817,3328
#231,2523,3328
#231,1892,3328
#231,1682,3328
#231,1490,3328
231,2080.8,3328,1012.43
#242,2822,3328
#242,2547,3328
#242,1850,3328
#242,1669,3328
#242,1522,3328
242,2082,3328,1020.52
#254,3568,3328
#254,2861,3328
#254,2123,3328
#254,1985,3328
#254,1856,3328
254,2478.6,3328,1293.29
#266,4236,3328
#266,3394,3328
#266,2595,3328
#266,2108,3328
#266,1887,3328
266,2844,3328,1734.29
#279,2696,3840
#279,2494,3840
#279,2161,3840
#279,2019,3840
#279,1828,3840
279,2239.6,3840,630.731
#292,4408,3840
#292,3392,3840
#292,2723,3840
#292,2492,3840
#292,2132,3840
292,3029.4,3840,1605
#306,4823,3840
#306,4271,3840
#306,3537,3840
#306,3113,3840
#306,2809,3840
306,3710.6,3840,1483.68
#321,3623,4480
#321,3056,4480
#321,2430,4480
#321,2237,4480
#321,2151,4480
321,2699.4,4480,1119.76
#337,3040,4480
#337,2891,4480
#337,2476,4480
#337,2234,4480
#337,2254,4480
337,2579,4480,660.378
#353,4101,4480
#353,3898,4480
#353,3027,4480
#353,2859,4480
#353,2674,4480
353,3311.8,4480,1152.18
#370,5002,4480
#370,4540,4480
#370,3565,4480
#370,3141,4480
#370,2866,4480
370,3822.8,4480,1637.48
#388,3634,5248
#388,3402,5248
#388,2967,5248
#388,2678,5248
#388,2639,5248
388,3064,5248,789.012
#407,3787,5248
#407,3564,5248
#407,2889,5248
#407,2839,5248
#407,2494,5248
407,3114.6,5248,965.848
#427,5306,5248
#427,4870,5248
#427,4002,5248
#427,3413,5248
#427,3140,5248
427,4146.2,5248,1658.88
#448,7417,5248
#448,6504,5248
#448,5438,5248
#448,4840,5248
#448,4288,5248
448,5697.4,5248,2262.12
#470,3762,6144
#470,3662,6144
#470,3294,6144
#470,3100,6144
#470,3009,6144
470,3365.4,6144,598.544
#493,6605,6144
#493,5847,6144
#493,4612,6144
#493,3959,6144
#493,3801,6144
493,4964.8,6144,2183.4
#517,7562,6144
#517,6933,6144
#517,5709,6144
#517,5236,6144
#517,4718,6144
517,6031.6,6144,2119.86
#542,4893,7168
#542,4716,7168
#542,4193,7168
#542,3851,7168
#542,3718,7168
542,4274.2,7168,926.564
#569,5792,7168
#569,5407,7168
#569,4624,7168
#569,4212,7168
#569,3979,7168
569,4802.8,7168,1386.57
#597,9258,7168
#597,7842,7168
#597,6327,7168
#597,5514,7168
#597,5230,7168
597,6834.2,7168,3028.41
#626,11293,7168
#626,10196,7168
#626,22735,7168
#626,7830,7168
#626,7238,7168
626,11858.4,7168,11276.9
#657,7308,8320
#657,6536,8320
#657,5536,8320
#657,5187,8320
#657,4812,8320
657,5875.8,8320,1834.91
#689,9149,8320
#689,8733,8320
#689,7332,8320
#689,6653,8320
#689,6220,8320
689,7617.4,8320,2289.91
#723,10579,8320
#723,9860,8320
#723,8830,8320
#723,8096,8320
#723,7402,8320
723,8953.4,8320,2301.6
#759,7900,9728
#759,7321,9728
#759,6503,9728
#759,6057,9728
#759,5603,9728
759,6676.8,9728,1668.2
#796,8488,9728
#796,7935,9728
#796,6913,9728
#796,6239,9728
#796,5958,9728
796,7106.6,9728,1939.9
#835,10410,9728
#835,9786,9728
#835,8008,9728
#835,7502,9728
#835,6798,9728
835,8500.8,9728,2747.62
#876,13652,9728
#876,12572,9728
#876,11169,9728
#876,10802,9728
#876,9651,9728
876,11569.2,9728,2795.98
#919,9902,11392
#919,8979,11392
#919,8453,11392
#919,7442,11392
#919,7094,11392
919,8374,11392,2042.37
#964,12000,11392
#964,11203,11392
#964,9908,11392
#964,9055,11392
#964,8551,11392
964,10143.4,11392,2583.87
#1012,11817,11392
#1012,11290,11392
#1012,10072,11392
#1012,8978,11392
#1012,8239,11392
1012,10079.2,11392,2695.93
#1062,10250,13312
#1062,10041,13312
#1062,9040,13312
#1062,8229,13312
#1062,7973,13312
1062,9106.6,13312,1841.77
#1115,10679,13312
#1115,10194,13312
#1115,9256,13312
#1115,8530,13312
#1115,8392,13312
1115,9410.2,13312,1802.1
#1170,17674,13312
#1170,16686,13312
#1170,15706,13312
#1170,14216,13312
#1170,13392,13312
1170,15534.8,13312,3131.97
#1228,11490,15488
#1228,10809,15488
#1228,10058,15488
#1228,9145,15488
#1228,8875,15488
1228,10075.4,15488,1968.99
#1289,12362,15488
#1289,11979,15488
#1289,10869,15488
#1289,9965,15488
#1289,9743,15488
1289,10983.6,15488,2093.91
#1353,17087,15488
#1353,16513,15488
#1353,15065,15488
#1353,13456,15488
#1353,12753,15488
1353,14974.8,15488,3356.04
#1420,19110,15488
#1420,17713,15488
#1420,16293,15488
#1420,14814,15488
#1420,13842,15488
1420,16354.4,15488,3808.19
#1491,14204,18048
#1491,13878,18048
#1491,12733,18048
#1491,11553,18048
#1491,11231,18048
1491,12719.8,18048,2387.03
#1565,17332,18048
#1565,16436,18048
#1565,15148,18048
#1565,13886,18048
#1565,13131,18048
1565,15186.6,18048,3108.99
#1643,17400,18048
#1643,16740,18048
#1643,15323,18048
#1643,14320,18048
#1643,13936,18048
1643,15543.8,18048,2684.45
#1725,15301,20992
#1725,14780,20992
#1725,13651,20992
#1725,12750,20992
#1725,12435,20992
1725,13783.4,20992,2227.1
#1811,18267,20992
#1811,17687,20992
#1811,16113,20992
#1811,15311,20992
#1811,14719,20992
1811,16419.4,20992,2717.97
#1901,21687,20992
#1901,20925,20992
#1901,19062,20992
#1901,18311,20992
#1901,17666,20992
1901,19530.2,20992,3069.61
#1996,16669,24448
#1996,16537,24448
#1996,15300,24448
#1996,14457,24448
#1996,14317,24448
1996,15456,24448,1991.9
#2095,22604,24448
#2095,21681,24448
#2095,20537,24448
#2095,18951,24448
#2095,18593,24448
2095,20473.2,24448,3079.66
#2199,26946,24448
#2199,26355,24448
#2199,24879,24448
#2199,23863,24448
#2199,23230,24448
2199,25054.6,24448,2835.26
#2308,17640,28544
#2308,17261,28544
#2308,16141,28544
#2308,15554,28544
#2308,15398,28544
2308,16398.8,28544,1803.49
#2423,18505,28544
#2423,18455,28544
#2423,17365,28544
#2423,16727,28544
#2423,16218,28544
2423,17454,28544,1826.64
#2544,27921,28544
#2544,27072,28544
#2544,25661,28544
#2544,24980,28544
#2544,24339,28544
2544,25994.6,28544,2646.28
#2671,29409,28544
#2671,28390,28544
#2671,27404,28544
#2671,26196,28544
#2671,25336,28544
2671,27347,28544,2927.37
#2804,23346,33280
#2804,23057,33280
#2804,21466,33280
#2804,20550,33280
#2804,20018,33280
2804,21687.4,33280,2646.71
#2944,30623,33280
#2944,29233,33280
#2944,27351,33280
#2944,26588,33280
#2944,26080,33280
2944,27975,33280,3405.72
#3091,39520,33280
#3091,38851,33280
#3091,36488,33280
#3091,35515,33280
#3091,35250,33280
3091,37124.8,33280,3490.4
#3245,25750,38784
#3245,25594,38784
#3245,24473,38784
#3245,23684,38784
#3245,23090,38784
3245,24518.2,38784,2080.84
#3407,30875,38784
#3407,30500,38784
#3407,28788,38784
#3407,27916,38784
#3407,27697,38784
3407,29155.2,38784,2617.33
#3577,44871,38784
#3577,43645,38784
#3577,42425,38784
#3577,41779,38784
#3577,49463,38784
3577,44436.6,38784,5454.5
#3755,29064,45184
#3755,28349,45184
#3755,27271,45184
#3755,26798,45184
#3755,26239,45184
3755,27544.2,45184,2057.67
#3942,35417,45184
#3942,34916,45184
#3942,33463,45184
#3942,32828,45184
#3942,32234,45184
3942,33771.6,45184,2427.64
#4139,52656,45184
#4139,51588,45184
#4139,51090,45184
#4139,49804,45184
#4139,48823,45184
4139,50792.2,45184,2690.73
#4345,33383,52736
#4345,32803,52736
#4345,31602,52736
#4345,30796,52736
#4345,30271,52736
4345,31771,52736,2348.23
#4562,38307,52736
#4562,37935,52736
#4562,36584,52736
#4562,35828,52736
#4562,35394,52736
4562,36809.6,52736,2285.1
#4790,47619,52736
#4790,47149,52736
#4790,45559,52736
#4790,45014,52736
#4790,44652,52736
4790,45998.6,52736,2353.74
#5029,38600,61568
#5029,41261,61568
#5029,36788,61568
#5029,36297,61568
#5029,36095,61568
5029,37808.2,61568,3879.01
#5280,42711,61568
#5280,42056,61568
#5280,41168,61568
#5280,40179,61568
#5280,40063,61568
5280,41235.4,61568,2068.01
#5544,52924,61568
#5544,52381,61568
#5544,51241,61568
#5544,50138,61568
#5544,50538,61568
5544,51444.4,61568,2123.4
#5821,69730,61568
#5821,66322,61568
#5821,65323,61568
#5821,64191,61568
#5821,63902,61568
5821,65893.6,61568,4204.04
#6112,45777,71808
#6112,45379,71808
#6112,44446,71808
#6112,43787,71808
#6112,43330,71808
6112,44543.8,71808,1849.1
#6417,57092,71808
#6417,56356,71808
#6417,55124,71808
#6417,54267,71808
#6417,54263,71808
6417,55420.4,71808,2267.57
#6737,71460,71808
#6737,69553,71808
#6737,69135,71808
#6737,67648,71808
#6737,67677,71808
6737,69094.6,71808,2815.55
#7073,49225,83712
#7073,62257,83712
#7073,48806,83712
#7073,48335,83712
#7073,47764,83712
7073,51277.4,83712,11022.6
#7426,62617,83712
#7426,62679,83712
#7426,61705,83712
#7426,61062,83712
#7426,60440,83712
7426,61700.6,83712,1742.18
#7797,75476,83712
#7797,75846,83712
#7797,75188,83712
#7797,74209,83712
#7797,73583,83712
7797,74860.4,83712,1676.61
#8186,52233,97664
#8186,51762,97664
#8186,50747,97664
#8186,49952,97664
#8186,49579,97664
8186,50854.6,97664,2035.05
#8595,58874,97664
#8595,58830,97664
#8595,57846,97664
#8595,57199,97664
#8595,58076,97664
8595,58165,97664,1261.03
#9024,82506,97664
#9024,81278,97664
#9024,81299,97664
#9024,80180,97664
#9024,80627,97664
9024,81178,97664,1571.71
#9475,60171,113920
#9475,60413,113920
#9475,59296,113920
#9475,58267,113920
#9475,58289,113920
9475,59287.2,113920,1807.94
#9948,68489,113920
#9948,67624,113920
#9948,66937,113920
#9948,66334,113920
#9948,66392,113920
9948,67155.2,113920,1625.61
#10445,87701,113920
#10445,87591,113920
#10445,87932,113920
#10445,87372,113920
#10445,86732,113920
10445,87465.6,113920,817.605
#10967,71655,132864
#10967,72938,132864
#10967,69876,132864
#10967,68928,132864
#10967,69247,132864
10967,70528.8,132864,3059.97
#11515,81971,132864
#11515,80876,132864
#11515,80922,132864
#11515,80622,132864
#11515,80118,132864
11515,80901.8,132864,1212.24
#12090,101016,132864
#12090,101254,132864
#12090,100416,132864
#12090,100402,132864
#12090,100211,132864
12090,100660,132864,803.628
#12694,80971,155008
#12694,80797,155008
#12694,80092,155008
#12694,79799,155008
#12694,79692,155008
12694,80270.2,155008,1041.82
#13328,93987,155008
#13328,93660,155008
#13328,92572,155008
#13328,92883,155008
#13328,92409,155008
13328,93102.2,155008,1234.08
#13994,117268,155008
#13994,117090,155008
#13994,116264,155008
#13994,115842,155008
#13994,116081,155008
13994,116509,155008,1131.99
#14693,169575,155008
#14693,156360,155008
#14693,153240,155008
#14693,152752,155008
#14693,152313,155008
14693,156848,155008,13040.7
#15427,118744,180864
#15427,130808,180864
#15427,114577,180864
#15427,114563,180864
#15427,114769,180864
15427,118692,180864,12527.5
#16198,153296,180864
#16198,149239,180864
#16198,147910,180864
#16198,148129,180864
#16198,148964,180864
16198,149508,180864,3916.37
#17007,213607,180864
#17007,193593,180864
#17007,206572,180864
#17007,196004,180864
#17007,195602,180864
17007,201076,180864,15463.9
#17857,129478,210944
#17857,128839,210944
#17857,129295,210944
#17857,128264,210944
#17857,128465,210944
17857,128868,210944,930.589
#18749,156546,210944
#18749,156197,210944
#18749,155533,210944
#18749,154479,210944
#18749,168254,210944
18749,158202,210944,10150.4
#19686,210013,210944
#19686,217806,210944
#19686,204150,210944
#19686,205887,210944
#19686,203222,210944
19686,208216,210944,10661.9
#20670,157558,246144
#20670,157232,246144
#20670,156347,246144
#20670,156123,246144
#20670,156230,246144
20670,156698,246144,1165.37
#21703,194111,246144
#21703,176561,246144
#21703,175719,246144
#21703,179975,246144
#21703,176348,246144
21703,180543,246144,13889.2
#22788,235042,246144
#22788,234696,246144
#22788,233593,246144
#22788,233240,246144
#22788,232449,246144
22788,233804,246144,1903.04
#23927,183769,287104
#23927,184118,287104
#23927,183068,287104
#23927,183064,287104
#23927,183161,287104
23927,183436,287104,860.44
#25123,217458,287104
#25123,215845,287104
#25123,216193,287104
#25123,215847,287104
#25123,215847,287104
25123,216238,287104,1249.2
#26379,274239,287104
#26379,275268,287104
#26379,276667,287104
#26379,274754,287104
#26379,278433,287104
26379,275872,287104,3029.48
#27697,222452,334976
#27697,226161,334976
#27697,213598,334976
#27697,212547,334976
#27697,212528,334976
27697,217457,334976,11454.4
#29081,243925,334976
#29081,243164,334976
#29081,242764,334976
#29081,242335,334976
#29081,242787,334976
29081,242995,334976,1067.96
#30535,312476,334976
#30535,315253,334976
#30535,315943,334976
#30535,314186,334976
#30535,314085,334976
30535,314389,334976,2358.75
#32061,264323,390784
#32061,263734,390784
#32061,242584,390784
#32061,243197,390784
#32061,246915,390784
32061,252151,390784,19625.3
#33664,291106,390784
#33664,268966,390784
#33664,269347,390784
#33664,268785,390784
#33664,268999,390784
33664,273441,390784,17669.1
#35347,362527,390784
#35347,377210,390784
#35347,364707,390784
#35347,364784,390784
#35347,363580,390784
35347,366562,390784,10776.1
#37114,492526,390784
#37114,493288,390784
#37114,489802,390784
#37114,512662,390784
#37114,521678,390784
37114,501991,390784,25539.7
#38969,338823,455936
#38969,338684,455936
#38969,337809,455936
#38969,344160,455936
#38969,339544,455936
38969,339804,455936,4493.47
#40917,423097,455936
#40917,397980,455936
#40917,405496,455936
#40917,426739,455936
#40917,407428,455936
40917,412148,455936,21909.6
#42962,528432,455936
#42962,532994,455936
#42962,550472,455936
#42962,558221,455936
#42962,563849,455936
42962,546794,455936,27750
#45110,362019,531968
#45110,373308,531968
#45110,367518,531968
#45110,364278,531968
#45110,364242,531968
45110,366273,531968,7860.93
#47365,462016,531968
#47365,462244,531968
#47365,461784,531968
#47365,470542,531968
#47365,488964,531968
47365,469110,531968,20925.9
#49733,612226,531968
#49733,625373,531968
#49733,632648,531968
#49733,639685,531968
#49733,640225,531968
49733,630031,531968,20836.1
#52219,458110,620672
#52219,446604,620672
#52219,445189,620672
#52219,444718,620672
#52219,444317,620672
52219,447788,620672,10437.4
#54829,580072,620672
#54829,556418,620672
#54829,556646,620672
#54829,555137,620672
#54829,555473,620672
54829,560749,620672,19355.6
#57570,676715,620672
#57570,705268,620672
#57570,687038,620672
#57570,687529,620672
#57570,689913,620672
57570,689293,620672,18373.6
#60448,502193,724096
#60448,508210,724096
#60448,525593,724096
#60448,513193,724096
#60448,549193,724096
60448,519676,724096,33291.7
#63470,617887,724096
#63470,633274,724096
#63470,620159,724096
#63470,616772,724096
#63470,617598,724096
63470,621138,724096,12341.9
#66643,747319,724096
#66643,763669,724096
#66643,755788,724096
#66643,759163,724096
#66643,755558,724096
66643,756299,724096,10732
#69975,659312,844800
#69975,644057,844800
#69975,638088,844800
#69975,638220,844800
#69975,656036,844800
69975,647143,844800,17850.6
#73473,705441,844800
#73473,700811,844800
#73473,713231,844800
#73473,719387,844800
#73473,720819,844800
73473,711938,844800,15544.8
#77146,897887,844800
#77146,890025,844800
#77146,908512,844800
#77146,904373,844800
#77146,904266,844800
77146,901013,844800,12918.7
#81003,668380,985600
#81003,684893,985600
#81003,681701,985600
#81003,683940,985600
#81003,678717,985600
81003,679526,985600,11930
#85053,808387,985600
#85053,802608,985600
#85053,793715,985600
#85053,788482,985600
#85053,817633,985600
85053,802165,985600,20722.8
#89305,936588,985600
#89305,956651,985600
#89305,974345,985600
#89305,973464,985600
#89305,974424,985600
89305,963094,985600,29753.3
#93770,1259959,985600
#93770,1261255,985600
#93770,1256056,985600
#93770,1250603,985600
#93770,1283155,985600
93770,1.26221e+06,985600,22221.9
#98458,913286,1149824
#98458,924457,1149824
#98458,898311,1149824
#98458,897792,1149824
#98458,896483,1149824
98458,906066,1149824,22105
#103380,1105374,1149824
#103380,1091805,1149824
#103380,1118511,1149824
#103380,1102464,1149824
#103380,1120271,1149824
103380,1.10768e+06,1149824,21173.3
#108549,1439248,1149824
#108549,1458447,1149824
#108549,1482070,1149824
#108549,1478235,1149824
#108549,1483735,1149824
108549,1.46835e+06,1149824,34265.4
#113976,1111704,1341440
#113976,1116477,1341440
#113976,1059574,1341440
#113976,1059838,1341440
#113976,1087559,1341440
113976,1.08703e+06,1341440,48739.7
#119674,1242679,1341440
#119674,1279927,1341440
#119674,1253307,1341440
#119674,1256346,1341440
#119674,1255508,1341440
119674,1.25755e+06,1341440,24421.3
#125657,1721692,1341440
#125657,1667193,1341440
#125657,1710874,1341440
#125657,1724992,1341440
#125657,1686656,1341440
125657,1.70228e+06,1341440,44197.1
#131939,1206260,1565056
#131939,1208237,1565056
#131939,1205742,1565056
#131939,1201995,1565056
#131939,1202278,1565056
131939,1.2049e+06,1565056,4817.3
#138535,1482855,1565056
#138535,1519319,1565056
#138535,1493098,1565056
#138535,1545214,1565056
#138535,1544600,1565056
138535,1.51702e+06,1565056,51383.7
#145461,1761152,1565056
#145461,2028450,1565056
#145461,1859523,1565056
#145461,1866712,1565056
#145461,1844292,1565056
145461,1.87203e+06,1565056,173701
#152734,1408768,1825920
#152734,1416548,1825920
#152734,1381510,1825920
#152734,1411605,1825920
#152734,1448158,1825920
152734,1.41332e+06,1825920,42517.2
#160370,1621645,1825920
#160370,1649276,1825920
#160370,1809027,1825920
#160370,1686064,1825920
#160370,1672680,1825920
160370,1.68774e+06,1825920,128959
#168388,1987281,1825920
#168388,2019733,1825920
#168388,2012968,1825920
#168388,2033452,1825920
#168388,2029725,1825920
168388,2.01663e+06,1825920,32727.5
#176807,1570547,2130176
#176807,1581190,2130176
#176807,1578072,2130176
#176807,1607155,2130176
#176807,1632690,2130176
176807,1.59393e+06,2130176,45937.2
#185647,1852288,2130176
#185647,1892314,2130176
#185647,1855916,2130176
#185647,1893291,2130176
#185647,1897843,2130176
185647,1.87833e+06,2130176,39806.7
#194929,2324403,2130176
#194929,2355801,2130176
#194929,2372417,2130176
#194929,2372901,2130176
#194929,2409695,2130176
194929,2.36704e+06,2130176,55331.3
#204675,2018811,2485248
#204675,1771732,2485248
#204675,1798341,2485248
#204675,1822842,2485248
#204675,1831900,2485248
204675,1.84873e+06,2485248,175154
#214908,2158434,2485248
#214908,2234165,2485248
#214908,2214332,2485248
#214908,2198732,2485248
#214908,2209945,2485248
214908,2.20312e+06,2485248,50216.9
#225653,2592906,2485248
#225653,2627546,2485248
#225653,2614148,2485248
#225653,2670605,2485248
#225653,2623986,2485248
225653,2.62584e+06,2485248,50845.7
#236935,3550956,2485248
#236935,3577470,2485248
#236935,3671326,2485248
#236935,3671421,2485248
#236935,3656965,2485248
236935,3.62563e+06,2485248,102225
#248781,2975578,2899456
#248781,2629568,2899456
#248781,2625993,2899456
#248781,2604443,2899456
#248781,2530129,2899456
248781,2.67314e+06,2899456,310820
#261220,3031109,2899456
#261220,3013894,2899456
#261220,2986839,2899456
#261220,2989827,2899456
#261220,2988329,2899456
261220,3.002e+06,2899456,35256
#274281,3943623,2899456
#274281,3948759,2899456
#274281,3943435,2899456
#274281,3947926,2899456
#274281,3929914,2899456
274281,3.94273e+06,2899456,13531.9
#287995,3667606,3382656
#287995,3327069,3382656
#287995,3258237,3382656
#287995,3787987,3382656
#287995,3128884,3382656
287995,3.43396e+06,3382656,502236
#302394,3534875,3382656
#302394,3348431,3382656
#302394,3391416,3382656
#302394,3377532,3382656
#302394,3506691,3382656
302394,3.43179e+06,3382656,149022
#317513,4653100,3382656
#317513,4181152,3382656
#317513,5021157,3382656
#317513,4382021,3382656
#317513,4948761,3382656
317513,4.63724e+06,3382656,643641
#333388,3067055,3946368
#333388,2910779,3946368
#333388,2849476,3946368
#333388,2861706,3946368
#333388,2870723,3946368
333388,2.91195e+06,3946368,160464
#350057,3725662,3946368
#350057,3655408,3946368
#350057,3670286,3946368
#350057,3654967,3946368
#350057,3657812,3946368
350057,3.67283e+06,3946368,54006.3
#367559,5514845,3946368
#367559,5459606,3946368
#367559,5306778,3946368
#367559,5305385,3946368
#367559,5180578,3946368
367559,5.35344e+06,3946368,239484
#385936,4477869,4604032
#385936,4027494,4604032
#385936,4021110,4604032
#385936,3955787,4604032
#385936,3887138,4604032
385936,4.07388e+06,4604032,416617
#405232,5203903,4604032
#405232,5450671,4604032
#405232,5875312,4604032
#405232,5663549,4604032
#405232,5511593,4604032
405232,5.54101e+06,4604032,446714
#425493,8868930,4604032
#425493,8175108,4604032
#425493,7971131,4604032
#425493,7381885,4604032
#425493,7256705,4604032
425493,7.93075e+06,4604032,1.1652e+06
#446767,8744668,5371392
#446767,8041066,5371392
#446767,7596812,5371392
#446767,7374685,5371392
#446767,7709510,5371392
446767,7.89335e+06,5371392,953859
#469105,5279289,5371392
#469105,5117506,5371392
#469105,5108804,5371392
#469105,5094427,5371392
#469105,5103211,5371392
469105,5.14065e+06,5371392,139453
#492560,8039872,5371392
#492560,8005200,5371392
#492560,7745846,5371392
#492560,7585208,5371392
#492560,7403019,5371392
492560,7.75583e+06,5371392,487075
#517188,6808242,6266624
#517188,5867040,6266624
#517188,5804017,6266624
#517188,5797567,6266624
#517188,6461164,6266624
517188,6.14761e+06,6266624,826586
#543047,9853119,6266624
#543047,10680828,6266624
#543047,10738120,6266624
#543047,10698267,6266624
#543047,10267406,6266624
543047,1.04475e+07,6266624,685571
#570199,16501391,6266624
#570199,15147885,6266624
#570199,13145145,6266624
#570199,13339128,6266624
#570199,14483936,6266624
570199,1.45235e+07,6266624,2.46675e+06
#598708,13416090,6266624
#598708,13047823,6266624
#598708,14062166,6266624
#598708,16842359,6266624
#598708,16366593,6266624
598708,1.4747e+07,6266624,3.11655e+06
#628643,9605125,7311104
#628643,10086512,7311104
#628643,9880037,7311104
#628643,9890885,7311104
#628643,9906504,7311104
628643,9.87381e+06,7311104,308328
#660075,9762136,7311104
#660075,9814495,7311104
#660075,9548784,7311104
#660075,9626392,7311104
#660075,9422556,7311104
660075,9.63487e+06,7311104,284284
#693078,12010475,7311104
#693078,12046923,7311104
#693078,11947362,7311104
#693078,12913748,7311104
#693078,13123936,7311104
693078,1.24085e+07,7311104,1.00755e+06
#727731,12362273,8529664
#727731,12245186,8529664
#727731,11986738,8529664
#727731,12021760,8529664
#727731,11857070,8529664
727731,1.20946e+07,8529664,366263
#764117,15463936,8529664
#764117,16298773,8529664
#764117,15150227,8529664
#764117,15076994,8529664
#764117,14819880,8529664
764117,1.5362e+07,8529664,1.0229e+06
#802322,25743033,8529664
#802322,23880528,8529664
#802322,28209167,8529664
#802322,23350053,8529664
#802322,24222654,8529664
802322,2.50811e+07,8529664,3.50973e+06
#842438,17338817,9951232
#842438,17396985,9951232
#842438,17942135,9951232
#842438,18095013,9951232
#842438,18406114,9951232
842438,1.78358e+07,9951232,821368
#884559,15394013,9951232
#884559,17099994,9951232
#884559,18246065,9951232
#884559,20075452,9951232
#884559,22481798,9951232
884559,1.86595e+07,9951232,4.88928e+06
#928786,18229068,9951232
#928786,19779203,9951232
#928786,20508324,9951232
#928786,20173488,9951232
#928786,20842602,9951232
928786,1.99065e+07,9951232,1.81983e+06
#975225,21815594,11609728
#975225,31636001,11609728
#975225,23128014,11609728
#975225,24861372,11609728
#975225,23990491,11609728
975225,2.50863e+07,11609728,6.85171e+06
#1023986,21065810,11609728
#1023986,23476734,11609728
#1023986,24271881,11609728
#1023986,24753008,11609728
#1023986,24751068,11609728
1023986,2.36637e+07,11609728,2.76012e+06
#1075185,27332822,11609728
#1075185,30340344,11609728
#1075185,31563381,11609728
#1075185,31983542,11609728
#1075185,32295215,11609728
1075185,3.07031e+07,11609728,3.62269e+06
#1128944,24627332,13544704
#1128944,27383839,13544704
#1128944,28873370,13544704
#1128944,28883218,13544704
#1128944,30426844,13544704
1128944,2.80389e+07,13544704,3.91708e+06
#1185391,27682661,13544704
#1185391,30873702,13544704
#1185391,32302383,13544704
#1185391,37339757,13544704
#1185391,30384554,13544704
1185391,3.17166e+07,13544704,6.36996e+06
#1244660,32118905,13544704
#1244660,34767390,13544704
#1244660,36154429,13544704
#1244660,36562486,13544704
#1244660,36490780,13544704
1244660,3.52188e+07,13544704,3.35999e+06
#1306893,31501905,15802112
#1306893,34900302,15802112
#1306893,36178082,15802112
#1306893,36899761,15802112
#1306893,36969622,15802112
1306893,3.52899e+07,15802112,4.06966e+06
#1372237,35566386,15802112
#1372237,39282767,15802112
#1372237,40218080,15802112
#1372237,40078713,15802112
#1372237,40677680,15802112
1372237,3.91647e+07,15802112,3.70901e+06
#1440848,40274948,15802112
#1440848,44254098,15802112
#1440848,45394591,15802112
#1440848,45668334,15802112
#1440848,46425366,15802112
1440848,4.44035e+07,15802112,4.35773e+06
#1512890,41425625,18435840
#1512890,46691024,18435840
#1512890,48131189,18435840
#1512890,48381512,18435840
#1512890,48626480,18435840
1512890,4.66512e+07,18435840,5.39587e+06
#1588534,46144487,18435840
#1588534,50942970,18435840
#1588534,52030278,18435840
#1588534,53859064,18435840
#1588534,55206100,18435840
1588534,5.16366e+07,18435840,6.22769e+06
#1667960,53960585,18435840
#1667960,59623754,18435840
#1667960,60305446,18435840
#1667960,60314575,18435840
#1667960,60146900,18435840
1667960,5.88703e+07,18435840,4.93545e+06
#1751358,67709738,18435840
#1751358,72689935,18435840
#1751358,72464125,18435840
#1751358,72903022,18435840
#1751358,72967883,18435840
1751358,7.17469e+07,18435840,4.05264e+06
#1838925,52161622,21508480
#1838925,57118566,21508480
#1838925,57564154,21508480
#1838925,57775365,21508480
#1838925,57813674,21508480
1838925,5.64867e+07,21508480,4.3532e+06
#1930871,62318226,21508480
#1930871,68279422,21508480
#1930871,66152673,21508480
#1930871,65589360,21508480
#1930871,65553852,21508480
1930871,6.55787e+07,21508480,3.82149e+06
#2027414,73629353,21508480
#2027414,78749770,21508480
#2027414,79825620,21508480
#2027414,78821748,21508480
#2027414,79324424,21508480
2027414,7.80702e+07,21508480,4.50798e+06
#2128784,70144682,25093248
#2128784,78447075,25093248
#2128784,78713239,25093248
#2128784,77945791,25093248
#2128784,78358875,25093248
2128784,7.67219e+07,25093248,6.5957e+06
#2235223,75390239,25093248
#2235223,78873236,25093248
#2235223,79318585,25093248
#2235223,78921752,25093248
#2235223,78948680,25093248
2235223,7.82905e+07,25093248,2.9175e+06
#2346984,89036682,25093248
#2346984,93147958,25093248
#2346984,93693876,25093248
#2346984,93849077,25093248
#2346984,93692272,25093248
2346984,9.2684e+07,25093248,3.67827e+06
#2464333,79476327,29275392
#2464333,86272642,29275392
#2464333,86536895,29275392
#2464333,86782586,29275392
#2464333,85645965,29275392
2464333,8.49429e+07,29275392,5.51878e+06
#2587549,87610982,29275392
#2587549,92983856,29275392
#2587549,94538157,29275392
#2587549,94057398,29275392
#2587549,92916820,29275392
2587549,9.24214e+07,29275392,4.96863e+06
#2716926,109080800,29275392
#2716926,114235296,29275392
#2716926,114956315,29275392
#2716926,116090296,29275392
#2716926,113821540,29275392
2716926,1.13637e+08,29275392,4.80918e+06
#2852772,101714127,34154624
#2852772,109140412,34154624
#2852772,109775066,34154624
#2852772,108715603,34154624
#2852772,108895328,34154624
2852772,1.07648e+08,34154624,5.97717e+06
#2995410,116911875,34154624
#2995410,122363546,34154624
#2995410,122672850,34154624
#2995410,122314019,34154624
#2995410,122593644,34154624
2995410,1.21371e+08,34154624,4.46747e+06
#3145180,128378535,34154624
#3145180,131684902,34154624
#3145180,130646894,34154624
#3145180,130950515,34154624
#3145180,130804964,34154624
3145180,1.30493e+08,34154624,2.23104e+06
#3302439,121235211,39847040
#3302439,128685957,39847040
#3302439,128267506,39847040
#3302439,129082552,39847040
#3302439,128336731,39847040
3302439,1.27122e+08,39847040,5.91485e+06
#3467560,155250257,39847040
#3467560,180495740,39847040
#3467560,132003078,39847040
#3467560,129875031,39847040
#3467560,129993781,39847040
3467560,1.45524e+08,39847040,3.98649e+07
#3640938,147971176,39847040
#3640938,149909199,39847040
#3640938,149542802,39847040
#3640938,149495666,39847040
#3640938,149774182,39847040
3640938,1.49339e+08,39847040,1.40044e+06
#3822984,142314066,46488192
#3822984,150669218,46488192
#3822984,150438336,46488192
#3822984,152613660,46488192
#3822984,150225094,46488192
3822984,1.49252e+08,46488192,7.14414e+06
#4014133,159707064,46488192
#4014133,164790297,46488192
#4014133,164254727,46488192
#4014133,163844403,46488192
#4014133,164845308,46488192
4014133,1.63488e+08,46488192,3.85213e+06
#4214839,187052390,46488192
#4214839,190448506,46488192
#4214839,190407748,46488192
#4214839,190437585,46488192
#4214839,200606246,46488192
4214839,1.9179e+08,46488192,9.1961e+06
#4425580,226212644,46488192
#4425580,229471459,46488192
#4425580,229840989,46488192
#4425580,227869863,46488192
#4425580,231777977,46488192
4425580,2.29035e+08,46488192,3.76162e+06
#4646859,168672787,54236160
#4646859,174393153,54236160
#4646859,174573718,54236160
#4646859,174782583,54236160
#4646859,178505429,54236160
4646859,1.74186e+08,54236160,6.29934e+06
#4879201,195595955,54236160
#4879201,200297187,54236160
#4879201,200591505,54236160
#4879201,200073743,54236160
#4879201,199866613,54236160
4879201,1.99285e+08,54236160,3.72031e+06
#5123161,243401546,54236160
#5123161,244085790,54236160
#5123161,243724537,54236160
#5123161,248258348,54236160
#5123161,248509055,54236160
5123161,2.45596e+08,54236160,4.57583e+06
#5379319,211786351,63275520
#5379319,216174921,63275520
#5379319,216739189,63275520
#5379319,216568809,63275520
#5379319,215913467,63275520
5379319,2.15437e+08,63275520,3.69599e+06
#5648284,251754746,63275520
#5648284,249272107,63275520
#5648284,248777004,63275520
#5648284,249451255,63275520
#5648284,249728064,63275520
5648284,2.49797e+08,63275520,2.05387e+06
#5930698,302924561,63275520
#5930698,303463683,63275520
#5930698,304446438,63275520
#5930698,303587226,63275520
#5930698,303559433,63275520
5930698,3.03596e+08,63275520,976933
#6227232,235648838,73821440
#6227232,240426667,73821440
#6227232,239790253,73821440
#6227232,240977338,73821440
#6227232,248304579,73821440
6227232,2.4103e+08,73821440,8.18683e+06
#6538593,268697817,73821440
#6538593,269983386,73821440
#6538593,272448952,73821440
#6538593,270698401,73821440
#6538593,270297950,73821440
6538593,2.70425e+08,73821440,2.42742e+06
#6865522,325357025,73821440
#6865522,324758396,73821440
#6865522,330381038,73821440
#6865522,327570242,73821440
#6865522,320810103,73821440
6865522,3.25775e+08,73821440,6.3433e+06
#7208798,293351419,86125056
#7208798,302120377,86125056
#7208798,298448238,86125056
#7208798,297406482,86125056
#7208798,298081964,86125056
7208798,2.97882e+08,86125056,5.59119e+06
#7569237,333769816,86125056
#7569237,332107193,86125056
#7569237,331566641,86125056
#7569237,389728046,86125056
#7569237,375967750,86125056
7569237,3.52628e+08,86125056,5.01316e+07
#7947698,392426340,86125056
#7947698,389846818,86125056
#7947698,389236300,86125056
#7947698,389277997,86125056
#7947698,390329421,86125056
7947698,3.90223e+08,86125056,2.34506e+06
#8345082,321577779,100479232
#8345082,331386655,100479232
#8345082,327689005,100479232
#8345082,328810224,100479232
#8345082,327103801,100479232
8345082,3.27313e+08,100479232,6.44449e+06
#8762336,367411404,100479232
#8762336,455133483,100479232
#8762336,357697658,100479232
#8762336,357026145,100479232
#8762336,356711496,100479232
8762336,3.78796e+08,100479232,7.67532e+07
#9200452,418193273,100479232
#9200452,414939051,100479232
#9200452,418128022,100479232
#9200452,417704708,100479232
#9200452,417785107,100479232
9200452,4.1735e+08,100479232,2.44037e+06
#9660474,301560274,117225728
#9660474,396082230,117225728
#9660474,306670636,117225728
#9660474,307804647,117225728
#9660474,308155658,117225728
9660474,3.24055e+08,117225728,7.21832e+07
