#1,324,256
#1,79,256
#1,28,256
#1,27,256
#1,27,256
1,97,256,230.502
#2,34,256
#2,40,256
#2,31,256
#2,29,256
#2,34,256
2,33.6,256,7.44043
#3,40,256
#3,42,256
#3,35,256
#3,35,256
#3,35,256
3,37.4,256,6.01332
#4,47,256
#4,44,256
#4,37,256
#4,37,256
#4,37,256
4,40.4,256,8.54166
#5,60,256
#5,54,256
#5,49,256
#5,43,256
#5,43,256
5,49.8,256,13.1088
#6,58,256
#6,60,256
#6,52,256
#6,52,256
#6,52,256
6,54.8,256,6.97424
#7,64,256
#7,62,256
#7,58,256
#7,58,256
#7,59,256
7,60.2,256,4.8
#8,70,256
#8,69,256
#8,61,256
#8,64,256
#8,64,256
8,65.6,256,6.76461
#9,71,256
#9,73,256
#9,67,256
#9,67,256
#9,82,256
9,72,256,11.0272
#10,103,256
#10,94,256
#10,85,256
#10,68,256
#10,68,256
10,83.6,256,27.9027
#11,88,256
#11,94,256
#11,77,256
#11,81,256
#11,71,256
11,82.2,256,16.1691
#12,115,256
#12,95,256
#12,78,256
#12,79,256
#12,91,256
12,91.6,256,26.8805
#13,136,640
#13,97,640
#13,91,640
#13,79,640
#13,81,640
13,96.8,640,41.3454
#14,105,640
#14,91,640
#14,89,640
#14,85,640
#14,87,640
14,91.4,640,14.176
#15,108,640
#15,97,640
#15,97,640
#15,94,640
#15,96,640
15,98.4,640,9.84683
#16,130,640
#16,131,640
#16,106,640
#16,95,640
#16,98,640
16,112,640,31.0612
#17,120,640
#17,116,640
#17,105,640
#17,105,640
#17,105,640
17,110.2,640,12.9861
#18,126,640
#18,129,640
#18,123,640
#18,121,640
#18,109,640
18,121.6,640,13.7171
#19,129,640
#19,126,640
#19,130,640
#19,118,640
#19,115,640
19,123.6,640,12.0399
#20,155,640
#20,160,640
#20,138,640
#20,139,640
#20,125,640
20,143.4,640,25.2539
#21,129,640
#21,135,640
#21,127,640
#21,126,640
#21,136,640
21,130.6,640,8.25591
#22,133,640
#22,129,640
#22,128,640
#22,135,640
#22,127,640
22,130.4,640,6.14492
#23,138,640
#23,132,640
#23,136,640
#23,136,640
#23,132,640
23,134.8,640,4.8
#24,161,640
#24,152,640
#24,142,640
#24,139,640
#24,137,640
24,146.2,640,18.04
#25,189,640
#25,176,640
#25,175,640
#25,143,640
#25,142,640
25,165,640,38.0526
#26,167,640
#26,157,640
#26,155,640
#26,169,640
#26,149,640
26,159.4,640,15.0519
#27,182,640
#27,176,640
#27,177,640
#27,165,640
#27,154,640
27,170.8,640,20.1355
#28,227,640
#28,206,640
#28,188,640
#28,177,640
#28,177,640
28,195,640,38.3875
#29,187,640
#29,199,640
#29,197,640
#29,198,640
#29,186,640
29,193.4,640,11.3561
#30,191,640
#30,183,640
#30,178,640
#30,184,640
#30,183,640
30,183.8,640,8.33307
#31,327,640
#31,323,640
#31,278,640
#31,196,640
#31,182,640
31,261.2,640,123.142
#32,286,640
#32,284,640
#32,202,640
#32,192,640
#32,194,640
32,231.6,640,87.4675
#33,318,640
#33,296,640
#33,248,640
#33,208,640
#33,211,640
33,256.2,640,88.7099
#34,329,640
#34,312,640
#34,234,640
#34,201,640
#34,197,640
34,254.6,640,111.158
#35,265,640
#35,250,640
#35,229,640
#35,199,640
#35,198,640
35,228.2,640,53.6269
#36,241,640
#36,229,640
#36,225,640
#36,217,640
#36,205,640
36,223.4,640,24.0533
#37,265,1536
#37,213,1536
#37,223,1536
#37,193,1536
#37,192,1536
37,217.2,1536,53.3427
#38,205,1536
#38,198,1536
#38,197,1536
#38,197,1536
#38,196,1536
38,198.6,1536,6.5238
#39,245,1536
#39,250,1536
#39,229,1536
#39,206,1536
#39,197,1536
39,225.4,1536,41.811
#40,260,1536
#40,243,1536
#40,225,1536
#40,216,1536
#40,202,1536
40,229.2,1536,40.7018
#42,205,1536
#42,212,1536
#42,210,1536
#42,203,1536
#42,199,1536
42,205.8,1536,9.41488
#44,281,1536
#44,255,1536
#44,243,1536
#44,229,1536
#44,235,1536
44,248.6,1536,36.7826
#46,218,1536
#46,219,1536
#46,219,1536
#46,212,1536
#46,222,1536
46,218,1536,6.57267
#48,279,1536
#48,290,1536
#48,265,1536
#48,262,1536
#48,264,1536
48,272,1536,21.6518
#50,293,1536
#50,284,1536
#50,275,1536
#50,262,1536
#50,264,1536
50,275.6,1536,23.5491
#52,306,1536
#52,290,1536
#52,275,1536
#52,260,1536
#52,259,1536
52,278,1536,36.0222
#54,311,1536
#54,296,1536
#54,285,1536
#54,271,1536
#54,269,1536
54,286.4,1536,31.4859
#56,295,1536
#56,301,1536
#56,273,1536
#56,265,1536
#56,266,1536
56,280,1536,30.1463
#58,325,1536
#58,322,1536
#58,304,1536
#58,296,1536
#58,291,1536
58,307.6,1536,27.3233
#60,303,1536
#60,322,1536
#60,295,1536
#60,283,1536
#60,273,1536
60,295.2,1536,33.7141
#63,535,1536
#63,506,1536
#63,376,1536
#63,303,1536
#63,290,1536
63,402,1536,203.029
#66,383,1536
#66,392,1536
#66,357,1536
#66,340,1536
#66,332,1536
66,360.8,1536,46.8427
#69,633,1536
#69,569,1536
#69,452,1536
#69,383,1536
#69,365,1536
69,480.4,1536,209.279
#72,488,1536
#72,468,1536
#72,368,1536
#72,340,1536
#72,341,1536
72,401,1536,127.962
#75,783,1536
#75,708,1536
#75,410,1536
#75,395,1536
#75,382,1536
75,535.6,1536,346.485
#78,413,1536
#78,408,1536
#78,414,1536
#78,365,1536
#78,361,1536
78,392.2,1536,47.9233
#81,592,1536
#81,576,1536
#81,478,1536
#81,417,1536
#81,405,1536
81,493.6,1536,156.034
#85,972,1536
#85,699,1536
#85,442,1536
#85,436,1536
#85,427,1536
85,595.2,1536,428.821
#89,460,2560
#89,440,2560
#89,439,2560
#89,423,2560
#89,428,2560
89,438,2560,25.5186
#93,467,2560
#93,470,2560
#93,440,2560
#93,437,2560
#93,424,2560
93,447.6,2560,35.8352
#97,487,2560
#97,488,2560
#97,468,2560
#97,465,2560
#97,454,2560
97,472.4,2560,26.3697
#101,541,2560
#101,522,2560
#101,527,2560
#101,507,2560
#101,497,2560
101,518.8,2560,30.787
#106,571,2560
#106,560,2560
#106,566,2560
#106,559,2560
#106,552,2560
106,561.6,2560,12.9368
#111,573,2560
#111,551,2560
#111,557,2560
#111,554,2560
#111,556,2560
111,558.2,2560,15.3571
#116,843,2560
#116,755,2560
#116,550,2560
#116,554,2560
#116,540,2560
116,648.4,2560,252.313
#121,638,2560
#121,617,2560
#121,621,2560
#121,601,2560
#121,602,2560
121,615.8,2560,27.2881
#127,702,2560
#127,689,2560
#127,637,2560
#127,620,2560
#127,617,2560
127,653,2560,71.2067
#133,787,2560
#133,742,2560
#133,668,2560
#133,661,2560
#133,664,2560
133,704.4,2560,102.283
#139,1090,2560
#139,943,2560
#139,686,2560
#139,649,2560
#139,661,2560
139,805.8,2560,357.21
#145,866,2560
#145,844,2560
#145,840,2560
#145,792,2560
#145,796,2560
145,827.6,2560,57.711
#152,1008,2560
#152,1002,2560
#152,840,2560
#152,764,2560
#152,754,2560
152,873.6,2560,222.702
#159,1283,2560
#159,1150,2560
#159,900,2560
#159,833,2560
#159,798,2560
159,992.8,2560,380.55
#166,1467,2560
#166,1212,2560
#166,913,2560
#166,858,2560
#166,828,2560
166,1055.6,2560,493.877
#174,1552,2560
#174,1213,2560
#174,908,2560
#174,813,2560
#174,774,2560
174,1052,2560,587.239
#182,1813,2560
#182,1556,2560
#182,1098,2560
#182,978,2560
#182,930,2560
182,1275,2560,696.832
#191,1078,4608
#191,1033,4608
#191,936,4608
#191,910,4608
#191,913,4608
191,974,4608,137.282
#200,900,4608
#200,927,4608
#200,927,4608
#200,912,4608
#200,914,4608
200,916,4608,20.3568
#210,957,4608
#210,976,4608
#210,1004,4608
#210,950,4608
#210,948,4608
210,967,4608,41.9524
#220,1101,4608
#220,1080,4608
#220,1063,4608
#220,1071,4608
#220,1075,4608
220,1078,4608,25.55
#231,1141,4608
#231,1139,4608
#231,1104,4608
#231,1108,4608
#231,1096,4608
231,1117.6,4608,37.408
#242,1286,4608
#242,1264,4608
#242,1190,4608
#242,1165,4608
#242,1154,4608
242,1211.8,4608,106.721
#254,1364,4608
#254,1333,4608
#254,1320,4608
#254,1268,4608
#254,1261,4608
254,1309.2,4608,78.5203
#266,1900,4608
#266,1710,4608
#266,1414,4608
#266,1405,4608
#266,1376,4608
266,1561,4608,416.934
#279,1587,4608
#279,1559,4608
#279,1464,4608
#279,1378,4608
#279,1385,4608
279,1474.6,4608,172.579
#292,2063,4608
#292,1990,4608
#292,1611,4608
#292,1546,4608
#292,1456,4608
292,1733.2,4608,491.146
#306,2446,4608
#306,2054,4608
#306,1637,4608
#306,1594,4608
#306,1507,4608
306,1847.6,4608,707.309
#321,2282,4608
#321,2154,4608
#321,1741,4608
#321,1700,4608
#321,1569,4608
321,1889.2,4608,554.76
#337,2659,4608
#337,2333,4608
#337,1846,4608
#337,1815,4608
#337,1678,4608
337,2066.2,4608,740.207
#353,3344,4608
#353,2911,4608
#353,2430,4608
#353,2219,4608
#353,2046,4608
353,2590,4608,951.098
#370,3471,4608
#370,2842,4608
#370,2349,4608
#370,2179,4608
#370,2045,4608
370,2577.2,4608,1044.17
#388,2051,8704
#388,1970,8704
#388,1972,8704
#388,1952,8704
#388,1941,8704
388,1977.2,8704,77.3087
#407,2000,8704
#407,1993,8704
#407,1949,8704
#407,1898,8704
#407,1931,8704
407,1954.2,8704,76.56
#427,2196,8704
#427,2140,8704
#427,2099,8704
#427,2089,8704
#427,2065,8704
427,2117.8,8704,91.9948
#448,2193,8704
#448,2170,8704
#448,2168,8704
#448,2128,8704
#448,2134,8704
448,2158.6,8704,48.5238
#470,2584,8704
#470,2581,8704
#470,2363,8704
#470,2237,8704
#470,2255,8704
470,2404,8704,303.974
#493,2880,8704
#493,2788,8704
#493,2640,8704
#493,2546,8704
#493,2507,8704
493,2672.2,8704,284.035
#517,2655,8704
#517,2625,8704
#517,2496,8704
#517,2439,8704
#517,2447,8704
517,2532.4,8704,180.991
#542,3513,8704
#542,3431,8704
#542,3238,8704
#542,3063,8704
#542,3014,8704
542,3251.8,8704,392.655
#569,3790,8704
#569,3645,8704
#569,3211,8704
#569,3072,8704
#569,3060,8704
569,3355.6,8704,607.403
#597,4374,8704
#597,3914,8704
#597,3351,8704
#597,3329,8704
#597,3135,8704
597,3620.6,8704,915.3
#626,4277,8704
#626,4161,8704
#626,3755,8704
#626,3592,8704
#626,3505,8704
626,3858,8704,615.366
#657,4893,8704
#657,4420,8704
#657,3821,8704
#657,3635,8704
#657,3626,8704
657,4079,8704,999.114
#689,6012,8704
#689,5458,8704
#689,4710,8704
#689,4469,8704
#689,4400,8704
689,5009.8,8704,1252.03
#723,10775,8704
#723,6595,8704
#723,5804,8704
#723,5306,8704
#723,5041,8704
723,6704.2,8704,4206.18
#759,6478,8704
#759,6010,8704
#759,5162,8704
#759,4928,8704
#759,4669,8704
759,5449.4,8704,1366.97
#796,4066,16896
#796,4091,16896
#796,4028,16896
#796,3960,16896
#796,3958,16896
796,4020.6,16896,108.308
#835,4391,16896
#835,4346,16896
#835,4284,16896
#835,4258,16896
#835,4232,16896
835,4302.2,16896,116.677
#876,4493,16896
#876,4532,16896
#876,4350,16896
#876,4296,16896
#876,4255,16896
876,4385.2,16896,217.842
#919,4909,16896
#919,4859,16896
#919,4705,16896
#919,4689,16896
#919,4689,16896
919,4770.2,16896,188.868
#964,5033,16896
#964,5031,16896
#964,4881,16896
#964,4823,16896
#964,4823,16896
964,4918.2,16896,190.605
#1012,5337,16896
#1012,5339,16896
#1012,5160,16896
#1012,5135,16896
#1012,5127,16896
1012,5219.6,16896,194.573
#1062,5560,16896
#1062,5582,16896
#1062,5449,16896
#1062,5425,16896
#1062,5409,16896
1062,5485,16896,143.404
#1115,6632,16896
#1115,6396,16896
#1115,5989,16896
#1115,5897,16896
#1115,5765,16896
1115,6135.8,16896,651.145
#1170,6765,16896
#1170,6693,16896
#1170,6329,16896
#1170,6218,16896
#1170,6224,16896
1170,6445.8,16896,471.361
#1228,7827,16896
#1228,7574,16896
#1228,7021,16896
#1228,6662,16896
#1228,6605,16896
1228,7137.8,16896,975.365
#1289,8846,16896
#1289,8693,16896
#1289,7773,16896
#1289,7439,16896
#1289,7161,16896
1289,7982.4,16896,1345.98
#1353,10573,16896
#1353,10304,16896
#1353,9350,16896
#1353,8718,16896
#1353,8247,16896
1353,9438.4,16896,1785.01
#1420,14279,16896
#1420,13598,16896
#1420,12605,16896
#1420,11751,16896
#1420,11318,16896
1420,12710.2,16896,2212.45
#1491,15655,16896
#1491,14895,16896
#1491,13594,16896
#1491,13038,16896
#1491,12670,16896
1491,13970.4,16896,2261.83
#1565,8275,33280
#1565,8331,33280
#1565,8250,33280
#1565,8217,33280
#1565,8181,33280
1565,8250.8,33280,102.109
#1643,8394,33280
#1643,8402,33280
#1643,8281,33280
#1643,8265,33280
#1643,8257,33280
1643,8319.8,33280,128.732
#1725,9254,33280
#1725,9450,33280
#1725,9258,33280
#1725,9190,33280
#1725,9193,33280
1725,9269,33280,189.998
#1811,8996,33280
#1811,9069,33280
#1811,9017,33280
#1811,9032,33280
#1811,9009,33280
1811,9024.6,33280,50.1613
#1901,10202,33280
#1901,10198,33280
#1901,10126,33280
#1901,10122,33280
#1901,10114,33280
1901,10152.4,33280,78.1547
#1996,11134,33280
#1996,11206,33280
#1996,10950,33280
#1996,10857,33280
#1996,10888,33280
1996,11007,33280,276.608
#2095,12786,33280
#2095,12820,33280
#2095,12446,33280
#2095,12184,33280
#2095,12135,33280
2095,12474.2,33280,577.488
#2199,12985,33280
#2199,12950,33280
#2199,12577,33280
#2199,12354,33280
#2199,12392,33280
2199,12651.6,33280,537.938
#2308,14529,33280
#2308,14585,33280
#2308,13814,33280
#2308,13612,33280
#2308,13506,33280
2308,14009.2,33280,916.872
#2423,15448,33280
#2423,15437,33280
#2423,14648,33280
#2423,14340,33280
#2423,14324,33280
2423,14839.4,33280,1011.61
#2544,19534,33280
#2544,19315,33280
#2544,18342,33280
#2544,17549,33280
#2544,17201,33280
2544,18388.2,33280,1852.06
#2671,19008,33280
#2671,18958,33280
#2671,17748,33280
#2671,17331,33280
#2671,17160,33280
2671,18041,33280,1585.46
#2804,22693,33280
#2804,22455,33280
#2804,21250,33280
#2804,20763,33280
#2804,20484,33280
2804,21529,33280,1781.91
#2944,31519,33280
#2944,31093,33280
#2944,30394,33280
#2944,29674,33280
#2944,29074,33280
2944,30350.8,33280,1790.13
#3091,36408,33280
#3091,35965,33280
#3091,34625,33280
#3091,34218,33280
#3091,33782,33280
3091,34999.6,33280,2029.65
#3245,17231,66048
#3245,17389,66048
#3245,17212,66048
#3245,17291,66048
#3245,17226,66048
3245,17269.8,66048,130.913
#3407,18467,66048
#3407,18613,66048
#3407,18533,66048
#3407,18460,66048
#3407,18433,66048
3407,18501.2,66048,129.704
#3577,20590,66048
#3577,20603,66048
#3577,20288,66048
#3577,20310,66048
#3577,20254,66048
3577,20409,66048,308.369
#3755,20899,66048
#3755,21063,66048
#3755,20946,66048
#3755,20928,66048
#3755,20917,66048
3755,20950.6,66048,116.472
#3942,22397,66048
#3942,22481,66048
#3942,22323,66048
#3942,22293,66048
#3942,22239,66048
3942,22346.6,66048,168.787
#4139,25713,66048
#4139,25764,66048
#4139,25141,66048
#4139,24884,66048
#4139,24763,66048
4139,25253,66048,830.193
#4345,25899,66048
#4345,26188,66048
#4345,25716,66048
#4345,25574,66048
#4345,25481,66048
4345,25771.6,66048,502.955
#4562,29016,66048
#4562,29113,66048
#4562,28607,66048
#4562,28316,66048
#4562,28265,66048
4562,28663.4,66048,698.03
#4790,33328,66048
#4790,33518,66048
#4790,32395,66048
#4790,31816,66048
#4790,31498,66048
4790,32511,66048,1601.05
#5029,38091,66048
#5029,51068,66048
#5029,38146,66048
#5029,37456,66048
#5029,36999,66048
5029,40352,66048,10749.5
#5280,42388,66048
#5280,42295,66048
#5280,41139,66048
#5280,40447,66048
#5280,40060,66048
5280,41265.8,66048,1888.71
#5544,62336,66048
#5544,49042,66048
#5544,48009,66048
#5544,47611,66048
#5544,47290,66048
5544,50857.6,66048,11538.9
#5821,56429,66048
#5821,55993,66048
#5821,55237,66048
#5821,54654,66048
#5821,54150,66048
5821,55292.6,66048,1672.94
#6112,76140,66048
#6112,75827,66048
#6112,75474,66048
#6112,74672,66048
#6112,74639,66048
6112,75350.4,66048,1210.69
#6417,38871,131584
#6417,38820,131584
#6417,38709,131584
#6417,38599,131584
#6417,38636,131584
6417,38727,131584,208.565
#6737,39144,131584
#6737,39257,131584
#6737,39082,131584
#6737,38889,131584
#6737,39003,131584
6737,39075,131584,249.342
#7073,44021,131584
#7073,44247,131584
#7073,43878,131584
#7073,43759,131584
#7073,43709,131584
7073,43922.8,131584,389.15
#7426,46315,131584
#7426,46309,131584
#7426,46009,131584
#7426,45883,131584
#7426,45879,131584
7426,46079,131584,391.829
#7797,47091,131584
#7797,47208,131584
#7797,46585,131584
#7797,46626,131584
#7797,46428,131584
7797,46787.6,131584,610.089
#8186,53075,131584
#8186,53263,131584
#8186,52465,131584
#8186,52397,131584
#8186,52351,131584
8186,52710.2,131584,762.054
#8595,54095,131584
#8595,54302,131584
#8595,53623,131584
#8595,53213,131584
#8595,53178,131584
8595,53682.2,131584,908.813
#9024,61344,131584
#9024,63422,131584
#9024,60837,131584
#9024,60546,131584
#9024,60403,131584
9024,61310.4,131584,2207.58
#9475,69248,131584
#9475,69274,131584
#9475,68398,131584
#9475,68016,131584
#9475,67663,131584
9475,68519.8,131584,1296.72
#9948,77221,131584
#9948,77434,131584
#9948,76597,131584
#9948,76289,131584
#9948,75765,131584
9948,76661.2,131584,1218.66
#10445,83316,131584
#10445,83468,131584
#10445,82625,131584
#10445,82315,131584
#10445,82249,131584
10445,82794.6,131584,1012.63
#10967,115073,131584
#10967,101373,131584
#10967,100627,131584
#10967,100498,131584
#10967,100338,131584
10967,103582,131584,11513.1
#11515,119254,131584
#11515,119186,131584
#11515,118511,131584
#11515,118371,131584
#11515,118113,131584
11515,118687,131584,908.096
#12090,158701,131584
#12090,160697,131584
#12090,157753,131584
#12090,166706,131584
#12090,153415,131584
12090,159454,131584,8674.86
#12694,78394,262656
#12694,78608,262656
#12694,78190,262656
#12694,78205,262656
#12694,78351,262656
12694,78349.6,262656,303.48
#13328,83531,262656
#13328,83956,262656
#13328,83605,262656
#13328,83549,262656
#13328,83539,262656
13328,83636,262656,324.178
#13994,88714,262656
#13994,89041,262656
#13994,88473,262656
#13994,88362,262656
#13994,88493,262656
13994,88616.6,262656,481.93
#14693,94637,262656
#14693,94829,262656
#14693,94192,262656
#14693,94231,262656
#14693,94054,262656
14693,94388.6,262656,587.266
#15427,100163,262656
#15427,100243,262656
#15427,99654,262656
#15427,99598,262656
#15427,99501,262656
15427,99831.8,262656,616.106
#16198,107595,262656
#16198,107801,262656
#16198,107167,262656
#16198,106886,262656
#16198,106659,262656
16198,107222,262656,851.943
#17007,114098,262656
#17007,114441,262656
#17007,113701,262656
#17007,113475,262656
#17007,113558,262656
17007,113855,262656,725.958
#17857,123965,262656
#17857,124209,262656
#17857,123626,262656
#17857,123104,262656
#17857,123086,262656
17857,123598,262656,901.099
#18749,137203,262656
#18749,137417,262656
#18749,136627,262656
#18749,136554,262656
#18749,136612,262656
18749,136883,262656,712.614
#19686,150011,262656
#19686,150007,262656
#19686,149502,262656
#19686,149193,262656
#19686,149182,262656
19686,149579,262656,738.833
#20670,171760,262656
#20670,171903,262656
#20670,171280,262656
#20670,170969,262656
#20670,170972,262656
20670,171377,262656,781.416
#21703,199843,262656
#21703,199898,262656
#21703,199139,262656
#21703,199221,262656
#21703,198853,262656
21703,199391,262656,821.316
#22788,233261,262656
#22788,232804,262656
#22788,236282,262656
#22788,250529,262656
#22788,238341,262656
22788,238243,262656,12936.9
#23927,303152,262656
#23927,303815,262656
#23927,303226,262656
#23927,302939,262656
#23927,302642,262656
23927,303155,262656,774.842
#25123,172618,524800
#25123,172383,524800
#25123,173961,524800
#25123,171966,524800
#25123,171882,524800
25123,172562,524800,1499.33
#26379,177754,524800
#26379,177649,524800
#26379,177366,524800
#26379,181644,524800
#26379,177263,524800
26379,178335,524800,3328.16
#27697,186431,524800
#27697,186642,524800
#27697,186296,524800
#27697,186396,524800
#27697,186036,524800
27697,186360,524800,394.9
#29081,204597,524800
#29081,204506,524800
#29081,204094,524800
#29081,206035,524800
#29081,204065,524800
29081,204659,524800,1440.19
#30535,212281,524800
#30535,212239,524800
#30535,211538,524800
#30535,211622,524800
#30535,211506,524800
30535,211837,524800,695.084
#32061,229039,524800
#32061,229187,524800
#32061,228675,524800
#32061,228418,524800
#32061,230196,524800
32061,229103,524800,1219.25
#33664,246524,524800
#33664,246652,524800
#33664,246013,524800
#33664,245815,524800
#33664,246052,524800
33664,246211,524800,641.093
#35347,260541,524800
#35347,261898,524800
#35347,259745,524800
#35347,259571,524800
#35347,259257,524800
35347,260202,524800,1895.55
#37114,301169,524800
#37114,301378,524800
#37114,312398,524800
#37114,292790,524800
#37114,292692,524800
37114,300085,524800,14486.7
#38969,321845,524800
#38969,321821,524800
#38969,321577,524800
#38969,321442,524800
#38969,320915,524800
38969,321520,524800,676.215
#40917,356958,524800
#40917,356275,524800
#40917,356516,524800
#40917,356323,524800
#40917,355840,524800
40917,356382,524800,725.769
#42962,417340,524800
#42962,417475,524800
#42962,430341,524800
#42962,438245,524800
#42962,437734,524800
42962,428227,524800,18533.1
#45110,477386,524800
#45110,476762,524800
#45110,476328,524800
#45110,475539,524800
#45110,477592,524800
45110,476721,524800,1484.35
#47365,611647,524800
#47365,580101,524800
#47365,605900,524800
#47365,593090,524800
#47365,592917,524800
47365,596731,524800,22107.3
#49733,769669,524800
#49733,760934,524800
#49733,759625,524800
#49733,758751,524800
#49733,752881,524800
49733,760372,524800,10809.3
#52219,359066,1049088
#52219,373749,1049088
#52219,364201,1049088
#52219,363782,1049088
#52219,363464,1049088
52219,364852,1049088,9638.66
#54829,395893,1049088
#54829,387398,1049088
#54829,385050,1049088
#54829,385020,1049088
#54829,384800,1049088
54829,387632,1049088,8476.24
#57570,413283,1049088
#57570,412054,1049088
#57570,411414,1049088
#57570,414392,1049088
#57570,411552,1049088
57570,412539,1049088,2273.7
#60448,436711,1049088
#60448,435451,1049088
#60448,438743,1049088
#60448,439023,1049088
#60448,426888,1049088
60448,435363,1049088,8875.61
#63470,467969,1049088
#63470,466990,1049088
#63470,465845,1049088
#63470,465730,1049088
#63470,467678,1049088
63470,466842,1049088,1837.71
#66643,505945,1049088
#66643,505387,1049088
#66643,504764,1049088
#66643,506682,1049088
#66643,504993,1049088
66643,505554,1049088,1383.32
#69975,540721,1049088
#69975,537325,1049088
#69975,536959,1049088
#69975,537114,1049088
#69975,537015,1049088
69975,537827,1049088,2904.94
#73473,597023,1049088
#73473,594356,1049088
#73473,594315,1049088
#73473,593664,1049088
#73473,595722,1049088
73473,595016,1049088,2413.53
#77146,645608,1049088
#77146,643485,1049088
#77146,642630,1049088
#77146,642391,1049088
#77146,642827,1049088
77146,643388,1049088,2336
#81003,707841,1049088
#81003,710395,1049088
#81003,706265,1049088
#81003,705496,1049088
#81003,705906,1049088
81003,707181,1049088,3585.45
#85053,827949,1049088
#85053,829239,1049088
#85053,826710,1049088
#85053,826314,1049088
#85053,826208,1049088
85053,827284,1049088,2313.85
#89305,978945,1049088
#89305,969545,1049088
#89305,952530,1049088
#89305,951454,1049088
#89305,953406,1049088
89305,961176,1049088,22188.7
#93770,1176105,1049088
#93770,1179312,1049088
#93770,1174736,1049088
#93770,1148800,1049088
#93770,1149878,1049088
93770,1.16577e+06,1049088,26998.1
#98458,1508337,1049088
#98458,1491766,1049088
#98458,1468978,1049088
#98458,1469699,1049088
#98458,1468058,1049088
98458,1.48137e+06,1049088,32277.3
#103380,759118,2097664
#103380,731537,2097664
#103380,712059,2097664
#103380,716841,2097664
#103380,709160,2097664
103380,725743,2097664,36758.2
#108549,762368,2097664
#108549,754439,2097664
#108549,754754,2097664
#108549,752990,2097664
#108549,752816,2097664
108549,755473,2097664,7062.7
#113976,841624,2097664
#113976,829116,2097664
#113976,823272,2097664
#113976,825649,2097664
#113976,822926,2097664
113976,828517,2097664,13831.8
#119674,886667,2097664
#119674,865776,2097664
#119674,856471,2097664
#119674,859324,2097664
#119674,856856,2097664
119674,865019,2097664,22651.2
#125657,922725,2097664
#125657,917094,2097664
#125657,915241,2097664
#125657,939317,2097664
#125657,939637,2097664
125657,926803,2097664,21277
#131939,1016042,2097664
#131939,991277,2097664
#131939,983890,2097664
#131939,974009,2097664
#131939,976354,2097664
131939,988314,2097664,30263.7
#138535,1093038,2097664
#138535,1081849,2097664
#138535,1077494,2097664
#138535,1060336,2097664
#138535,1087955,2097664
138535,1.08013e+06,2097664,22442
#145461,1185125,2097664
#145461,1176677,2097664
#145461,1156618,2097664
#145461,1152396,2097664
#145461,1180060,2097664
145461,1.17018e+06,2097664,26281.2
#152734,1301302,2097664
#152734,1288438,2097664
#152734,1267725,2097664
#152734,1265806,2097664
#152734,1268942,2097664
152734,1.27844e+06,2097664,28103.7
#160370,1447075,2097664
#160370,1438390,2097664
#160370,1420324,2097664
#160370,1414094,2097664
#160370,1415120,2097664
160370,1.427e+06,2097664,26608.4
#168388,1643535,2097664
#168388,1636244,2097664
#168388,1612610,2097664
#168388,1611466,2097664
#168388,1612683,2097664
168388,1.62331e+06,2097664,27481.5
#176807,1905264,2097664
#176807,1895938,2097664
#176807,1874234,2097664
#176807,1871864,2097664
#176807,1873677,2097664
176807,1.8842e+06,2097664,27476.6
#185647,2287164,2097664
#185647,2278785,2097664
#185647,2260474,2097664
#185647,2254516,2097664
#185647,2302405,2097664
185647,2.27667e+06,2097664,34985.7
#194929,2885986,2097664
#194929,2868764,2097664
#194929,2852547,2097664
#194929,2851705,2097664
#194929,2847777,2097664
194929,2.86136e+06,2097664,28518.7
#204675,2017815,4194816
#204675,1461720,4194816
#204675,1437360,4194816
#204675,1432377,4194816
#204675,1433245,4194816
204675,1.5565e+06,4194816,461812
#214908,1980657,4194816
#214908,1553802,4194816
#214908,1559693,4194816
#214908,1557217,4194816
#214908,1557526,4194816
214908,1.64178e+06,4194816,338899
#225653,1832792,4194816
#225653,1637808,4194816
#225653,1606260,4194816
#225653,1610435,4194816
#225653,1601563,4194816
225653,1.65777e+06,4194816,176826
#236935,1934870,4194816
#236935,1795026,4194816
#236935,1710551,4194816
#236935,1722472,4194816
#236935,1778998,4194816
236935,1.78838e+06,4194816,159982
#248781,1912039,4194816
#248781,1854954,4194816
#248781,1853520,4194816
#248781,1869046,4194816
#248781,1826375,4194816
248781,1.86319e+06,4194816,56122.7
#261220,2009932,4194816
#261220,1960525,4194816
#261220,1922010,4194816
#261220,2010478,4194816
#261220,2008387,4194816
261220,1.98227e+06,4194816,71257.8
#274281,2208734,4194816
#274281,2182062,4194816
#274281,2132477,4194816
#274281,2164673,4194816
#274281,2125317,4194816
274281,2.16265e+06,4194816,62024.6
#287995,2304619,4194816
#287995,2275459,4194816
#287995,2315947,4194816
#287995,2363712,4194816
#287995,2283410,4194816
287995,2.30863e+06,4194816,62225.5
#302394,2562224,4194816
#302394,2579211,4194816
#302394,2577509,4194816
#302394,2577749,4194816
#302394,2607427,4194816
302394,2.58082e+06,4194816,29349.3
#317513,2854736,4194816
#317513,2842884,4194816
#317513,2849872,4194816
#317513,2862673,4194816
#317513,2931909,4194816
317513,2.86841e+06,4194816,64790.4
#333388,3167275,4194816
#333388,3195996,4194816
#333388,3216194,4194816
#333388,3179719,4194816
#333388,3205883,4194816
333388,3.19301e+06,4194816,35225.8
#350057,3758262,4194816
#350057,3740916,4194816
#350057,3794391,4194816
#350057,3712092,4194816
#350057,3757961,4194816
350057,3.75272e+06,4194816,53550.9
#367559,4431633,4194816
#367559,4514616,4194816
#367559,4482289,4194816
#367559,4463551,4194816
#367559,4469089,4194816
367559,4.47224e+06,4194816,53896.7
#385936,5456664,4194816
#385936,5527608,4194816
#385936,5667602,4194816
#385936,5552882,4194816
#385936,5532037,4194816
385936,5.54736e+06,4194816,136644
#405232,6864368,8389120
#405232,5733558,8389120
#405232,5835231,8389120
#405232,5767745,8389120
#405232,5840194,8389120
405232,6.00822e+06,8389120,859960
#425493,6467816,8389120
#425493,5947360,8389120
#425493,5883465,8389120
#425493,5894134,8389120
#425493,6070667,8389120
425493,6.05269e+06,8389120,435912
#446767,6578290,8389120
#446767,6243136,8389120
#446767,6212164,8389120
#446767,6278832,8389120
#446767,6481094,8389120
446767,6.3587e+06,8389120,289008
#469105,6664891,8389120
#469105,6565405,8389120
#469105,6521232,8389120
#469105,6988542,8389120
#469105,6680697,8389120
469105,6.68415e+06,8389120,327023
#492560,7620348,8389120
#492560,6871175,8389120
#492560,6775143,8389120
#492560,6907459,8389120
#492560,6937348,8389120
492560,7.02229e+06,8389120,607942
#517188,7364801,8389120
#517188,7271334,8389120
#517188,7343537,8389120
#517188,7539040,8389120
#517188,7284831,8389120
517188,7.36071e+06,8389120,191539
#543047,7772298,8389120
#543047,7763755,8389120
#543047,7897427,8389120
#543047,7982895,8389120
#543047,8861249,8389120
543047,8.05552e+06,8389120,822099
#570199,8183527,8389120
#570199,8235440,8389120
#570199,8144848,8389120
#570199,8165754,8389120
#570199,8085349,8389120
570199,8.16298e+06,8389120,98125.1
#598708,8840342,8389120
#598708,8997268,8389120
#598708,9403658,8389120
#598708,9236427,8389120
#598708,8761799,8389120
598708,9.0479e+06,8389120,481335
#628643,9513842,8389120
#628643,9585110,8389120
#628643,9688594,8389120
#628643,9517781,8389120
#628643,9527459,8389120
628643,9.56656e+06,8389120,132435
#660075,10482632,8389120
#660075,10428245,8389120
#660075,10733952,8389120
#660075,10481647,8389120
#660075,10205928,8389120
660075,1.04665e+07,8389120,336311
#693078,11510962,8389120
#693078,11456938,8389120
#693078,11315024,8389120
#693078,11579179,8389120
#693078,11483194,8389120
693078,1.14691e+07,8389120,174254
#727731,13364496,8389120
#727731,12937567,8389120
#727731,12724948,8389120
#727731,12717023,8389120
#727731,12727143,8389120
727731,1.28942e+07,8389120,498803
#764117,14964748,8389120
#764117,14866380,8389120
#764117,14898689,8389120
#764117,15034608,8389120
#764117,15555359,8389120
764117,1.5064e+07,8389120,504801
#802322,18715305,8389120
#802322,18632097,8389120
#802322,18261171,8389120
#802322,18186983,8389120
#802322,18230083,8389120
802322,1.84051e+07,8389120,444231
#842438,19871502,16777728
#842438,19881225,16777728
#842438,19553568,16777728
#842438,19551612,16777728
#842438,19660038,16777728
842438,1.97036e+07,16777728,292915
#884559,20991577,16777728
#884559,20967721,16777728
#884559,20667149,16777728
#884559,20728733,16777728
#884559,20574434,16777728
884559,2.07859e+07,16777728,331602
#928786,21900839,16777728
#928786,21938763,16777728
#928786,21726556,16777728
#928786,21723249,16777728
#928786,21756624,16777728
928786,2.18092e+07,16777728,183665
#975225,22926511,16777728
#975225,22891843,16777728
#975225,22958500,16777728
#975225,22922062,16777728
#975225,22923264,16777728
975225,2.29244e+07,16777728,42275.1
#1023986,24267157,16777728
#1023986,24396665,16777728
#1023986,24715156,16777728
#1023986,24178818,16777728
#1023986,24291039,16777728
1023986,2.43698e+07,16777728,372242
#1075185,25596729,16777728
#1075185,25701919,16777728
#1075185,25588702,16777728
#1075185,25517060,16777728
#1075185,25548839,16777728
1075185,2.55906e+07,16777728,125172
#1128944,27092000,16777728
#1128944,27007497,16777728
#1128944,27017575,16777728
#1128944,31900713,16777728
#1128944,33218587,16777728
1128944,2.92473e+07,16777728,5.47324e+06
#1185391,28978271,16777728
#1185391,28974944,16777728
#1185391,29116667,16777728
#1185391,28757946,16777728
#1185391,28792484,16777728
1185391,2.89241e+07,16777728,264623
#1244660,44401969,16777728
#1244660,40065056,16777728
#1244660,41740056,16777728
#1244660,41116004,16777728
#1244660,39716893,16777728
1244660,4.1408e+07,16777728,3.32538e+06
#1306893,42781959,16777728
#1306893,41716762,16777728
#1306893,43040619,16777728
#1306893,38167476,16777728
#1306893,38267098,16777728
1306893,4.07948e+07,16777728,4.30206e+06
#1372237,47125117,16777728
#1372237,45697599,16777728
#1372237,40836494,16777728
#1372237,40618810,16777728
#1372237,40735782,16777728
1372237,4.30028e+07,16777728,5.64065e+06
#1440848,45124100,16777728
#1440848,46797835,16777728
#1440848,46748316,16777728
#1440848,49743483,16777728
#1440848,45406095,16777728
1440848,4.6764e+07,16777728,3.27559e+06
#1512890,63425934,16777728
#1512890,55415458,16777728
#1512890,52174837,16777728
#1512890,51839756,16777728
#1512890,57180031,16777728
1512890,5.60072e+07,16777728,8.42937e+06
#1588534,61926877,16777728
#1588534,62217561,16777728
#1588534,61939152,16777728
#1588534,61973331,16777728
#1588534,68351655,16777728
1588534,6.32817e+07,16777728,5.07438e+06
#1667960,48717290,33554944
#1667960,48778036,33554944
#1667960,51052763,33554944
#1667960,51668607,33554944
#1667960,94669062,33554944
1667960,5.89772e+07,33554944,3.57705e+07
#1751358,51519168,33554944
#1751358,51273415,33554944
#1751358,54241510,33554944
#1751358,54743588,33554944
#1751358,51250323,33554944
1751358,5.26056e+07,33554944,3.10342e+06
#1838925,50305865,33554944
#1838925,52594402,33554944
#1838925,66290900,33554944
#1838925,50355503,33554944
#1838925,51292344,33554944
1838925,5.41678e+07,33554944,1.22364e+07
#1930871,55813602,33554944
#1930871,53108453,33554944
#1930871,53445712,33554944
#1930871,53937261,33554944
#1930871,54046984,33554944
1930871,5.40704e+07,33554944,1.87032e+06
#2027414,56342846,33554944
#2027414,54968618,33554944
#2027414,54545189,33554944
#2027414,54494741,33554944
#2027414,54674590,33554944
2027414,5.50052e+07,33554944,1.37757e+06
#2128784,59144299,33554944
#2128784,59238572,33554944
#2128784,59634968,33554944
#2128784,58764250,33554944
#2128784,58929886,33554944
2128784,5.91424e+07,33554944,593320
#2235223,62929180,33554944
#2235223,61889851,33554944
#2235223,61880148,33554944
#2235223,62074310,33554944
#2235223,62914470,33554944
2235223,6.23376e+07,33554944,964078
#2346984,66319126,33554944
#2346984,65759198,33554944
#2346984,66043640,33554944
#2346984,66056790,33554944
#2346984,66849359,33554944
2346984,6.62056e+07,33554944,734827
#2464333,71228731,33554944
#2464333,70583856,33554944
#2464333,70730096,33554944
#2464333,71018163,33554944
#2464333,70762372,33554944
2464333,7.08646e+07,33554944,459158
#2587549,91596409,33554944
#2587549,76352229,33554944
#2587549,75928580,33554944
#2587549,76818934,33554944
#2587549,76220163,33554944
2587549,7.93833e+07,33554944,1.22267e+07
#2716926,82732957,33554944
#2716926,82924998,33554944
#2716926,82837100,33554944
#2716926,82701380,33554944
#2716926,82767200,33554944
2716926,8.27927e+07,33554944,160082
#2852772,90604367,33554944
#2852772,90646949,33554944
#2852772,90661251,33554944
#2852772,90656435,33554944
#2852772,90710844,33554944
2852772,9.0656e+07,33554944,68020.6
#2995410,103321982,33554944
#2995410,103681263,33554944
#2995410,104249913,33554944
#2995410,103585946,33554944
#2995410,103992290,33554944
2995410,1.03766e+08,33554944,646300
#3145180,135481139,33554944
#3145180,125337576,33554944
#3145180,127052358,33554944
#3145180,133947147,33554944
#3145180,132854324,33554944
3145180,1.30935e+08,33554944,7.99151e+06
#3302439,95281759,67109376
#3302439,96228644,67109376
#3302439,96375758,67109376
#3302439,96863464,67109376
#3302439,96540438,67109376
3302439,9.6258e+07,67109376,1.06363e+06
#3467560,104405909,67109376
#3467560,106048002,67109376
#3467560,99994126,67109376
#3467560,103606236,67109376
#3467560,100885206,67109376
3467560,1.02988e+08,67109376,4.48476e+06
#3640938,106068461,67109376
#3640938,105452578,67109376
#3640938,105236401,67109376
#3640938,105034200,67109376
#3640938,106828567,67109376
3640938,1.05724e+08,67109376,1.30414e+06
#3822984,139300360,67109376
#3822984,139802100,67109376
#3822984,141082260,67109376
#3822984,118058475,67109376
#3822984,113465278,67109376
3822984,1.30342e+08,67109376,2.40135e+07
#4014133,117295270,67109376
#4014133,116666469,67109376
#4014133,116722354,67109376
#4014133,117180145,67109376
#4014133,118294200,67109376
4014133,1.17232e+08,67109376,1.17116e+06
#4214839,124947887,67109376
#4214839,123339190,67109376
#4214839,123647940,67109376
#4214839,123701369,67109376
#4214839,123403669,67109376
4214839,1.23808e+08,67109376,1.17289e+06
#4425580,131198364,67109376
#4425580,130866937,67109376
#4425580,130899790,67109376
#4425580,130987842,67109376
#4425580,132753960,67109376
4425580,1.31341e+08,67109376,1.43134e+06
#4646859,139482516,67109376
#4646859,138551751,67109376
#4646859,139987708,67109376
#4646859,139387012,67109376
#4646859,139240346,67109376
4646859,1.3933e+08,67109376,926413
#4879201,173182256,67109376
#4879201,157276641,67109376
#4879201,160325076,67109376
#4879201,157812669,67109376
#4879201,175231743,67109376
4879201,1.64766e+08,67109376,1.56084e+07
#5123161,158835789,67109376
#5123161,159264097,67109376
#5123161,159129577,67109376
#5123161,159361814,67109376
#5123161,159444153,67109376
5123161,1.59207e+08,67109376,426390
#5379319,172580483,67109376
#5379319,175212514,67109376
#5379319,194289743,67109376
#5379319,201091336,67109376
#5379319,247483311,67109376
5379319,1.98131e+08,67109376,5.39426e+07
#5648284,190397459,67109376
#5648284,190484619,67109376
#5648284,189761685,67109376
#5648284,190113415,67109376
#5648284,190524415,67109376
5648284,1.90256e+08,67109376,572015
#5930698,214058387,67109376
#5930698,213968141,67109376
#5930698,214765643,67109376
#5930698,235222773,67109376
#5930698,249225429,67109376
5930698,2.25448e+08,67109376,2.87963e+07
#6227232,285437185,67109376
#6227232,281806577,67109376
#6227232,290063619,67109376
#6227232,272613248,67109376
#6227232,253779925,67109376
6227232,2.7674e+08,67109376,2.56597e+07
#6538593,194021981,134218240
#6538593,194168540,134218240
#6538593,196193879,134218240
#6538593,193996017,134218240
#6538593,198511833,134218240
6538593,1.95378e+08,134218240,3.54379e+06
#6865522,204486052,134218240
#6865522,204565701,134218240
#6865522,206037556,134218240
#6865522,209858267,134218240
#6865522,242779215,134218240
6865522,2.13545e+08,134218240,2.94929e+07
#7208798,279117848,134218240
#7208798,264098529,134218240
#7208798,240147725,134218240
#7208798,241650130,134218240
#7208798,239396461,134218240
7208798,2.52882e+08,134218240,3.20538e+07
#7569237,228018595,134218240
#7569237,228323888,134218240
#7569237,227586326,134218240
#7569237,227607278,134218240
#7569237,227932279,134218240
7569237,2.27894e+08,134218240,550393
#7947698,241070411,134218240
#7947698,240271489,134218240
#7947698,241875146,134218240
#7947698,240358963,134218240
#7947698,240357406,134218240
7947698,2.40787e+08,134218240,1.2322e+06
#8345082,292821162,134218240
#8345082,290341615,134218240
#8345082,294929953,134218240
#8345082,281331407,134218240
#8345082,279469714,134218240
8345082,2.87779e+08,134218240,1.24496e+07
#8762336,268169880,134218240
#8762336,269592588,134218240
#8762336,268051464,134218240
#8762336,268157215,134218240
#8762336,268481926,134218240
8762336,2.68491e+08,134218240,1.13888e+06
#9200452,327718384,134218240
#9200452,323253446,134218240
#9200452,310043294,134218240
#9200452,294488001,134218240
#9200452,289675667,134218240
9200452,3.09036e+08,134218240,3.01814e+07
#9660474,331417086,134218240
#9660474,336341917,134218240
#9660474,346560683,134218240
#9660474,377663003,134218240
#9660474,426836506,134218240
9660474,3.63764e+08,134218240,7.07987e+07
