1,336,9
2,128,27
3,91,27
4,92,63
5,87,63
6,95,63
7,149,63
8,113,135
9,105,135
10,122,135
11,136,135
12,121,135
13,137,135
14,250,135
15,165,279
16,142,279
17,162,279
18,196,279
19,202,279
20,176,279
21,207,279
22,257,279
23,339,279
24,298,279
25,172,279
26,189,279
27,308,279
28,547,279
29,221,567
30,217,567
31,223,567
32,273,567
33,259,567
34,263,567
35,246,567
36,277,567
37,257,567
38,393,567
39,465,567
40,346,567
41,389,567
42,347,567
43,344,567
44,394,567
45,561,567
46,414,567
47,530,567
48,454,567
49,623,567
50,521,567
51,614,567
52,513,567
53,443,567
54,801,567
55,1323,567
56,830,567
57,336,1143
58,373,1143
59,448,1143
60,400,1143
61,410,1143
62,340,1143
63,496,1143
64,421,1143
65,361,1143
66,565,1143
67,436,1143
68,434,1143
69,556,1143
70,426,1143
71,388,1143
72,520,1143
73,532,1143
74,673,1143
75,475,1143
76,454,1143
77,433,1143
78,528,1143
79,634,1143
80,617,1143
81,558,1143
82,577,1143
83,653,1143
84,568,1143
85,660,1143
86,713,1143
87,649,1143
88,587,1143
89,747,1143
90,1003,1143
91,784,1143
92,766,1143
93,720,1143
94,1429,1143
95,635,1143
96,755,1143
97,1564,1143
98,1445,1143
99,1088,1143
100,1796,1143
101,1444,1143
102,1671,1143
103,2242,1143
104,1530,1143
105,3104,1143
106,1290,1143
107,2638,1143
108,1213,1143
109,2928,1143
110,1804,1143
111,2744,1143
112,2057,1143
113,679,2295
114,701,2295
115,613,2295
116,746,2295
117,691,2295
118,724,2295
119,760,2295
120,698,2295
121,856,2295
122,663,2295
123,723,2295
124,776,2295
125,875,2295
126,920,2295
127,833,2295
128,742,2295
129,799,2295
130,730,2295
131,880,2295
132,821,2295
133,910,2295
134,744,2295
135,893,2295
136,834,2295
137,828,2295
138,942,2295
139,960,2295
140,874,2295
141,827,2295
142,1022,2295
143,854,2295
144,1009,2295
145,937,2295
146,905,2295
147,1387,2295
148,907,2295
149,1090,2295
150,844,2295
151,996,2295
152,1182,2295
153,920,2295
154,1145,2295
155,1055,2295
156,1124,2295
157,1065,2295
158,1028,2295
159,1194,2295
160,1066,2295
161,1037,2295
162,1281,2295
163,978,2295
164,1496,2295
165,1090,2295
166,1791,2295
167,1429,2295
168,1094,2295
169,1279,2295
170,1125,2295
171,1473,2295
172,1126,2295
173,1388,2295
174,1173,2295
175,1561,2295
176,1814,2295
177,1288,2295
178,1473,2295
179,2027,2295
180,1416,2295
181,1516,2295
182,1861,2295
183,2075,2295
184,1430,2295
185,1237,2295
186,2113,2295
187,1567,2295
188,1266,2295
189,1712,2295
190,1880,2295
191,1411,2295
192,1832,2295
193,1992,2295
194,2225,2295
195,2721,2295
196,2621,2295
197,2965,2295
198,2881,2295
199,2389,2295
200,2187,2295
202,1944,2295
204,2277,2295
206,2839,2295
208,3078,2295
210,2435,2295
212,2568,2295
214,3739,2295
216,3701,2295
218,4042,2295
220,3945,2295
222,3979,2295
224,4383,2295
226,1309,4599
228,1266,4599
230,1275,4599
232,1346,4599
234,1140,4599
236,1275,4599
238,1394,4599
240,1188,4599
242,1379,4599
244,1297,4599
246,1392,4599
248,1277,4599
250,1431,4599
252,1395,4599
254,1527,4599
256,1493,4599
258,1355,4599
260,1724,4599
262,1552,4599
264,1486,4599
266,1722,4599
268,1551,4599
270,1561,4599
272,1491,4599
274,1520,4599
276,1616,4599
278,1508,4599
280,1551,4599
282,1950,4599
284,1629,4599
286,1569,4599
288,1480,4599
290,1528,4599
292,1555,4599
294,1928,4599
296,1996,4599
298,1665,4599
300,2081,4599
303,1757,4599
306,1717,4599
309,1960,4599
312,2160,4599
315,1816,4599
318,2417,4599
321,1980,4599
324,1966,4599
327,1930,4599
330,2158,4599
333,2405,4599
336,2112,4599
339,2267,4599
342,2527,4599
345,2421,4599
348,2152,4599
351,2551,4599
354,2620,4599
357,2372,4599
360,2394,4599
363,2562,4599
366,2559,4599
369,2685,4599
372,2559,4599
375,2896,4599
378,3493,4599
381,3022,4599
384,3746,4599
387,3273,4599
390,3589,4599
393,4044,4599
396,4090,4599
399,4303,4599
402,4648,4599
406,5081,4599
410,3336,4599
414,4016,4599
418,7690,4599
422,6084,4599
426,5529,4599
430,4724,4599
434,6409,4599
438,8916,4599
442,6562,4599
446,7643,4599
450,2525,9207
454,2276,9207
458,2125,9207
462,2009,9207
466,2171,9207
470,2116,9207
474,2178,9207
478,2190,9207
482,2232,9207
486,2370,9207
490,2397,9207
494,2688,9207
498,2490,9207
502,2383,9207
507,2322,9207
512,2505,9207
517,2526,9207
522,2506,9207
527,2547,9207
532,2651,9207
537,2712,9207
542,2564,9207
547,2539,9207
552,2709,9207
557,2794,9207
562,2662,9207
567,2851,9207
572,2690,9207
577,2646,9207
582,2918,9207
587,3138,9207
592,3031,9207
597,3099,9207
602,2762,9207
608,3087,9207
614,3567,9207
620,3273,9207
626,3062,9207
632,3453,9207
638,3331,9207
644,3217,9207
650,3493,9207
656,3099,9207
662,3413,9207
668,3755,9207
674,3577,9207
680,3739,9207
686,3386,9207
692,3701,9207
698,4027,9207
704,4329,9207
711,4376,9207
718,4249,9207
725,4142,9207
732,7044,9207
739,4892,9207
746,5186,9207
753,5125,9207
760,5653,9207
767,6637,9207
774,6688,9207
781,7188,9207
788,5763,9207
795,6786,9207
802,6388,9207
810,7855,9207
818,6950,9207
826,9650,9207
834,9585,9207
842,10911,9207
850,13230,9207
858,12232,9207
866,11429,9207
874,12185,9207
882,13965,9207
890,14513,9207
898,3810,18423
906,3405,18423
915,3599,18423
924,3527,18423
933,3546,18423
942,3478,18423
951,3680,18423
960,3770,18423
969,3757,18423
978,3973,18423
987,3807,18423
996,4020,18423
1005,4238,18423
1015,4039,18423
1025,3875,18423
1035,4108,18423
1045,4010,18423
1055,4073,18423
1065,4369,18423
1075,4187,18423
1085,4257,18423
1095,4382,18423
1105,4352,18423
1116,4232,18423
1127,4157,18423
1138,4361,18423
1149,4682,18423
1160,4572,18423
1171,4529,18423
1182,4576,18423
1193,5046,18423
1204,4554,18423
1216,5021,18423
1228,4790,18423
1240,5130,18423
1252,4914,18423
1264,5351,18423
1276,6073,18423
1288,5727,18423
1300,5221,18423
1313,5895,18423
1326,5578,18423
1339,5789,18423
1352,5806,18423
1365,6099,18423
1378,7065,18423
1391,7052,18423
1404,6641,18423
1418,7355,18423
1432,8516,18423
1446,7382,18423
1460,7019,18423
1474,7781,18423
1488,8641,18423
1502,8928,18423
1517,8649,18423
1532,8804,18423
1547,12134,18423
1562,9790,18423
1577,12886,18423
1592,10712,18423
1607,12191,18423
1623,13561,18423
1639,13574,18423
1655,16844,18423
1671,13326,18423
1687,20172,18423
1703,14393,18423
1720,19753,18423
1737,18030,18423
1754,16435,18423
1771,24469,18423
1788,24498,18423
1805,5401,36855
1823,5412,36855
1841,5307,36855
1859,5395,36855
1877,5593,36855
1895,5457,36855
1913,5909,36855
1932,5839,36855
1951,5824,36855
1970,5906,36855
1989,6175,36855
2008,5906,36855
2028,6078,36855
2048,6169,36855
2068,6338,36855
2088,6286,36855
2108,6207,36855
2129,6337,36855
2150,6873,36855
2171,6444,36855
2192,6682,36855
2213,6696,36855
2235,6709,36855
2257,6805,36855
2279,6907,36855
2301,6913,36855
2324,7030,36855
2347,6970,36855
2370,7245,36855
2393,7289,36855
2416,7430,36855
2440,7227,36855
2464,8285,36855
2488,7775,36855
2512,7316,36855
2537,7951,36855
2562,7677,36855
2587,8178,36855
2612,8152,36855
2638,8732,36855
2664,8085,36855
2690,8306,36855
2716,9290,36855
2743,9997,36855
2770,10050,36855
2797,10460,36855
2824,10023,36855
2852,10352,36855
2880,10903,36855
2908,11951,36855
2937,12872,36855
2966,13018,36855
2995,11607,36855
3024,13222,36855
3054,15050,36855
3084,13847,36855
3114,15875,36855
3145,15885,36855
3176,19366,36855
3207,17412,36855
3239,19987,36855
3271,21957,36855
3303,23150,36855
3336,24042,36855
3369,26676,36855
3402,29996,36855
3436,31087,36855
3470,37213,36855
3504,32560,36855
3539,39408,36855
3574,41935,36855
3609,8997,73719
3645,9016,73719
3681,9311,73719
3717,9234,73719
3754,9296,73719
3791,9793,73719
3828,9872,73719
3866,9612,73719
3904,9722,73719
3943,10255,73719
3982,10322,73719
4021,10253,73719
4061,10526,73719
4101,10289,73719
4142,10423,73719
4183,10856,73719
4224,11054,73719
4266,11145,73719
4308,11086,73719
4351,11780,73719
4394,11775,73719
4437,11958,73719
4481,11920,73719
4525,11917,73719
4570,12465,73719
4615,13035,73719
4661,12939,73719
4707,13371,73719
4754,13722,73719
4801,13386,73719
4849,13847,73719
4897,13414,73719
4945,14068,73719
4994,15033,73719
5043,14821,73719
5093,16122,73719
5143,15710,73719
5194,16316,73719
5245,16281,73719
5297,17296,73719
5349,18065,73719
5402,18783,73719
5456,18007,73719
5510,18898,73719
5565,21791,73719
5620,20166,73719
5676,23321,73719
5732,22111,73719
5789,21793,73719
5846,23083,73719
5904,25492,73719
5963,28120,73719
6022,25420,73719
6082,26038,73719
6142,30889,73719
6203,29641,73719
6265,33733,73719
6327,38416,73719
6390,37041,73719
6453,38598,73719
6517,48616,73719
6582,47323,73719
6647,46169,73719
6713,50543,73719
6780,51477,73719
6847,59031,73719
6915,66238,73719
6984,69877,73719
7053,75002,73719
7123,83493,73719
7194,17990,147447
7265,18048,147447
7337,18244,147447
7410,18475,147447
7484,18617,147447
7558,18863,147447
7633,18783,147447
7709,19554,147447
7786,19704,147447
7863,20197,147447
7941,20474,147447
8020,20575,147447
8100,20694,147447
8181,21304,147447
8262,21433,147447
8344,21741,147447
8427,21524,147447
8511,22465,147447
8596,22697,147447
8681,22575,147447
8767,23964,147447
8854,24134,147447
8942,23798,147447
9031,23797,147447
9121,24574,147447
9212,25361,147447
9304,25308,147447
9397,25717,147447
9490,26845,147447
9584,26900,147447
9679,28371,147447
9775,28084,147447
9872,28526,147447
9970,28900,147447
10069,30050,147447
10169,31046,147447
10270,31171,147447
10372,33242,147447
10475,32879,147447
10579,36373,147447
10684,34064,147447
10790,35242,147447
10897,37593,147447
11005,38188,147447
11115,39482,147447
11226,41039,147447
11338,42390,147447
11451,46173,147447
11565,44678,147447
11680,48297,147447
11796,48828,147447
11913,49143,147447
12032,51891,147447
12152,55790,147447
12273,64221,147447
12395,63905,147447
12518,63647,147447
12643,67077,147447
12769,76351,147447
12896,78213,147447
13024,82878,147447
13154,94622,147447
13285,95296,147447
13417,101788,147447
13551,110575,147447
13686,121507,147447
13822,130379,147447
13960,135217,147447
14099,154846,147447
14239,168422,147447
14381,39983,294903
14524,37143,294903
14669,37684,294903
14815,38408,294903
14963,38827,294903
15112,39347,294903
15263,39644,294903
15415,39588,294903
15569,40878,294903
15724,40442,294903
15881,41772,294903
16039,42442,294903
16199,43363,294903
16360,43067,294903
16523,43631,294903
16688,43746,294903
16854,45630,294903
17022,46290,294903
17192,46462,294903
17363,47712,294903
17536,48767,294903
17711,48280,294903
17888,50253,294903
18066,49572,294903
18246,51673,294903
18428,51260,294903
18612,54170,294903
18798,53088,294903
18985,55108,294903
19174,55701,294903
19365,57219,294903
19558,57084,294903
19753,59550,294903
19950,59650,294903
20149,60520,294903
20350,63307,294903
20553,65015,294903
20758,66009,294903
20965,66461,294903
21174,71691,294903
21385,73291,294903
21598,72383,294903
21813,75254,294903
22031,77223,294903
22251,78799,294903
22473,82378,294903
22697,86394,294903
22923,91590,294903
23152,95387,294903
23383,101641,294903
23616,102855,294903
23852,106090,294903
24090,112749,294903
24330,113946,294903
24573,126049,294903
24818,125411,294903
25066,138611,294903
25316,142650,294903
25569,159131,294903
25824,164144,294903
26082,185536,294903
26342,186435,294903
26605,205377,294903
26871,226812,294903
27139,229133,294903
27410,260732,294903
27684,272755,294903
27960,290071,294903
28239,319944,294903
28521,339642,294903
28806,75792,589815
29094,77817,589815
29384,78436,589815
29677,79735,589815
29973,80697,589815
30272,82150,589815
30574,83599,589815
30879,83092,589815
31187,85518,589815
31498,86594,589815
31812,87183,589815
32130,87512,589815
32451,91904,589815
32775,90165,589815
33102,91014,589815
33433,93660,589815
33767,93597,589815
34104,95934,589815
34445,99410,589815
34789,97843,589815
35136,99126,589815
35487,102581,589815
35841,102565,589815
36199,105672,589815
36560,108147,589815
36925,108318,589815
37294,110684,589815
37666,111501,589815
38042,119466,589815
38422,130305,589815
38806,118347,589815
39194,119558,589815
39585,124766,589815
39980,129797,589815
40379,129376,589815
40782,134681,589815
41189,147173,589815
41600,139372,589815
42016,140386,589815
42436,146512,589815
42860,153719,589815
43288,151239,589815
43720,160236,589815
44157,166489,589815
44598,168890,589815
45043,179530,589815
45493,185074,589815
45947,188977,589815
46406,199780,589815
46870,204665,589815
47338,206661,589815
47811,224806,589815
48289,230176,589815
48771,247421,589815
49258,296399,589815
49750,270105,589815
50247,283202,589815
50749,306391,589815
51256,308849,589815
51768,342470,589815
52285,379289,589815
52807,386474,589815
53335,423921,589815
53868,443905,589815
54406,500631,589815
54950,520543,589815
55499,586463,589815
56053,613852,589815
56613,693356,589815
57179,770289,589815
57750,157929,1179639
58327,158409,1179639
58910,161146,1179639
59499,162514,1179639
60093,163860,1179639
60693,165751,1179639
61299,169196,1179639
61911,169704,1179639
62530,174140,1179639
63155,174841,1179639
63786,177360,1179639
64423,180558,1179639
65067,181840,1179639
65717,185473,1179639
66374,188892,1179639
67037,190826,1179639
67707,192810,1179639
68384,196369,1179639
69067,198962,1179639
69757,203856,1179639
70454,205617,1179639
71158,208859,1179639
71869,212714,1179639
72587,216479,1179639
73312,223341,1179639
74045,225434,1179639
74785,229629,1179639
75532,230373,1179639
76287,237154,1179639
77049,239855,1179639
77819,250429,1179639
78597,247522,1179639
79382,255222,1179639
80175,264801,1179639
80976,269486,1179639
81785,304614,1179639
82602,285699,1179639
83428,290378,1179639
84262,294859,1179639
85104,300926,1179639
85955,308433,1179639
86814,318394,1179639
87682,326619,1179639
88558,340788,1179639
89443,357093,1179639
90337,362453,1179639
91240,379201,1179639
92152,395671,1179639
93073,412240,1179639
94003,421344,1179639
94943,449420,1179639
95892,461089,1179639
96850,506584,1179639
97818,504023,1179639
98796,539753,1179639
99783,568247,1179639
100780,601819,1179639
101787,626388,1179639
102804,664715,1179639
103832,715489,1179639
104870,774231,1179639
105918,826892,1179639
106977,901912,1179639
108046,987681,1179639
109126,1031381,1179639
110217,1118634,1179639
111319,1189948,1179639
112432,1305708,1179639
113556,1386443,1179639
114691,616898,2359287
115837,485771,2359287
116995,381551,2359287
118164,394917,2359287
119345,373975,2359287
120538,418006,2359287
121743,449273,2359287
122960,396503,2359287
124189,463646,2359287
125430,411785,2359287
126684,406309,2359287
127950,433685,2359287
129229,465101,2359287
130521,539402,2359287
131826,540566,2359287
133144,518861,2359287
134475,600243,2359287
135819,535847,2359287
137177,564668,2359287
138548,605482,2359287
139933,546671,2359287
141332,580161,2359287
142745,695740,2359287
144172,514448,2359287
145613,547610,2359287
147069,650045,2359287
148539,530996,2359287
150024,552823,2359287
151524,592837,2359287
153039,568712,2359287
154569,598283,2359287
156114,609316,2359287
157675,605359,2359287
159251,613112,2359287
160843,655681,2359287
162451,632908,2359287
164075,653281,2359287
165715,669277,2359287
167372,677386,2359287
169045,701360,2359287
170735,744198,2359287
172442,736520,2359287
174166,724830,2359287
175907,807299,2359287
177666,805718,2359287
179442,820999,2359287
181236,878386,2359287
183048,867517,2359287
184878,873222,2359287
186726,916904,2359287
188593,967942,2359287
190478,997906,2359287
192382,1039026,2359287
194305,1075433,2359287
196248,1151530,2359287
198210,1206155,2359287
200192,1296127,2359287
202193,1335124,2359287
204214,1431979,2359287
206256,1550162,2359287
208318,1551085,2359287
210401,1678416,2359287
212505,1806103,2359287
214630,1845726,2359287
216776,2018490,2359287
218943,2204381,2359287
221132,2412633,2359287
223343,2638910,2359287
225576,2778546,2359287
227831,2985502,2359287
230109,1339339,4718583
232410,1175380,4718583
234734,1321030,4718583
237081,1347849,4718583
239451,1341233,4718583
241845,1485695,4718583
244263,1264298,4718583
246705,1340227,4718583
249172,1325888,4718583
251663,1353782,4718583
254179,1247154,4718583
256720,1327274,4718583
259287,1373828,4718583
261879,1239883,4718583
264497,1387900,4718583
267141,1323541,4718583
269812,1316708,4718583
272510,1325257,4718583
275235,1349453,4718583
277987,1332008,4718583
280766,1337979,4718583
283573,1354332,4718583
286408,1361717,4718583
289272,1356156,4718583
292164,1372067,4718583
295085,1371156,4718583
298035,1375846,4718583
301015,1400795,4718583
304025,1405591,4718583
307065,1414014,4718583
310135,1440080,4718583
313236,1529373,4718583
316368,1468984,4718583
319531,1479636,4718583
322726,1490662,4718583
325953,1792752,4718583
329212,1514154,4718583
332504,1547906,4718583
335829,1562277,4718583
339187,1604203,4718583
342578,1641672,4718583
346003,1673240,4718583
349463,1689274,4718583
352957,1754995,4718583
356486,1776187,4718583
360050,1811454,4718583
363650,1870865,4718583
367286,1996123,4718583
370958,2016048,4718583
374667,2096979,4718583
378413,2131532,4718583
382197,2178130,4718583
386018,2272052,4718583
389878,2362077,4718583
393776,2468005,4718583
397713,2595364,4718583
401690,2707345,4718583
405706,2856132,4718583
409763,2985959,4718583
413860,3205193,4718583
417998,3410380,4718583
422177,3553823,4718583
426398,3805951,4718583
430661,4111376,4718583
434967,4448995,4718583
439316,4756272,4718583
443709,5124440,4718583
448146,5501468,4718583
452627,5942529,4718583
457153,6448594,4718583
461724,2848837,9437175
466341,2816901,9437175
471004,2821751,9437175
475714,2848203,9437175
480471,2846906,9437175
485275,2937013,9437175
490127,2870674,9437175
495028,2911338,9437175
499978,2896500,9437175
504977,2871201,9437175
510026,2916384,9437175
515126,2914452,9437175
520277,2935352,9437175
525479,3185412,9437175
530733,3038321,9437175
536040,3019067,9437175
541400,3102570,9437175
546814,2989008,9437175
552282,3020201,9437175
557804,3086262,9437175
563382,3026844,9437175
569015,3029881,9437175
574705,3196290,9437175
580452,3091437,9437175
586256,3135235,9437175
592118,3274657,9437175
598039,3175018,9437175
604019,3213575,9437175
610059,3390353,9437175
616159,3227427,9437175
622320,3307071,9437175
628543,3532667,9437175
634828,3432007,9437175
641176,3472216,9437175
647587,3655425,9437175
654062,3611373,9437175
660602,3589908,9437175
667208,3868946,9437175
673880,3742383,9437175
680618,3790590,9437175
687424,4518623,9437175
694298,3955139,9437175
701240,4040753,9437175
708252,4333392,9437175
715334,4374423,9437175
722487,4469663,9437175
729711,4899733,9437175
737008,4717724,9437175
744378,6016090,9437175
751821,5263332,9437175
759339,5640140,9437175
766932,5433520,9437175
774601,6060184,9437175
782347,5823313,9437175
790170,6360330,9437175
798071,6509238,9437175
806051,6566956,9437175
814111,6820797,9437175
822252,7511686,9437175
830474,7659265,9437175
838778,8034180,9437175
847165,10170698,9437175
855636,9202947,9437175
864192,9800912,9437175
872833,10903463,9437175
881561,11547952,9437175
890376,15818830,9437175
899279,17075835,9437175
908271,15553268,9437175
917353,16792784,9437175
926526,6244716,18874359
935791,6651158,18874359
945148,6691818,18874359
954599,6268468,18874359
964144,14109783,18874359
973785,6828563,18874359
983522,6439727,18874359
993357,6993839,18874359
1003290,6625822,18874359
1013322,6732477,18874359
1023455,7274698,18874359
1033689,6886902,18874359
1044025,6846284,18874359
1054465,6844148,18874359
1065009,7469037,18874359
1075659,7085725,18874359
1086415,7220698,18874359
1097279,7592094,18874359
1108251,7419979,18874359
1119333,7515973,18874359
1130526,7778082,18874359
1141831,7700760,18874359
1153249,7829584,18874359
1164781,8121929,18874359
1176428,8130842,18874359
1188192,8258848,18874359
1200073,9002276,18874359
1212073,8581743,18874359
1224193,8575014,18874359
1236434,8841364,18874359
1248798,9103422,18874359
1261285,9325081,18874359
1273897,9171760,18874359
1286635,9489833,18874359
1299501,9706217,18874359
1312496,11382230,18874359
1325620,9975790,18874359
1338876,10237156,18874359
1352264,10388255,18874359
1365786,10886256,18874359
1379443,10812117,18874359
1393237,11253986,18874359
1407169,11457987,18874359
1421240,11658595,18874359
1435452,11970142,18874359
1449806,12271237,18874359
1464304,12691721,18874359
1478947,13308794,18874359
1493736,13317794,18874359
1508673,13857796,18874359
1523759,14412223,18874359
1538996,14707259,18874359
1554385,15379379,18874359
1569928,15912139,18874359
1585627,16130506,18874359
1601483,16626649,18874359
1617497,17494544,18874359
1633671,18773284,18874359
1650007,19430349,18874359
1666507,20413726,18874359
1683172,21188879,18874359
1700003,22061728,18874359
1717003,23402741,18874359
1734173,24543300,18874359
1751514,26069124,18874359
1769029,27775804,18874359
1786719,29968586,18874359
1804586,31616899,18874359
1822631,33260415,18874359
1840857,14835201,37748727
1859265,16125485,37748727
1877857,19218013,37748727
1896635,17318050,37748727
1915601,16501399,37748727
1934757,16949567,37748727
1954104,16970711,37748727
1973645,17029955,37748727
1993381,17748705,37748727
2013314,18393983,37748727
2033447,18446150,37748727
2053781,18854497,37748727
2074318,19339063,37748727
2095061,20174898,37748727
2116011,20328964,37748727
2137171,20221067,37748727
2158542,24131195,37748727
2180127,17882755,37748727
2201928,17973429,37748727
2223947,17099104,37748727
2246186,18702227,37748727
2268647,22376459,37748727
2291333,24058056,37748727
2314246,24317179,37748727
2337388,24440680,37748727
2360761,25142618,37748727
2384368,24632128,37748727
2408211,25708338,37748727
2432293,27988362,37748727
2456615,27285601,37748727
2481181,27597767,37748727
2505992,28308083,37748727
2531051,28448901,37748727
2556361,28926302,37748727
2581924,29476056,37748727
2607743,30669943,37748727
2633820,30910135,37748727
2660158,35434414,37748727
2686759,31651290,37748727
2713626,33115207,37748727
2740762,33570247,37748727
2768169,31943599,37748727
2795850,35843526,37748727
2823808,34468113,37748727
2852046,38175465,37748727
2880566,37374394,37748727
2909371,38317858,37748727
2938464,39980439,37748727
2967848,40022246,37748727
2997526,42265033,37748727
3027501,42327302,37748727
3057776,35445264,37748727
3088353,36289609,37748727
3119236,35350640,37748727
3150428,42094636,37748727
3181932,49060655,37748727
3213751,52860922,37748727
3245888,53111636,37748727
3278346,52993723,37748727
3311129,58149942,37748727
3344240,59271964,37748727
3377682,62725510,37748727
3411458,63576863,37748727
3445572,70626413,37748727
3480027,71065066,37748727
3514827,77832549,37748727
3549975,78674519,37748727
3585474,82571657,37748727
3621328,89271346,37748727
3657541,92481796,37748727
3694116,57640220,75497463
3731057,62949393,75497463
3768367,60149651,75497463
3806050,59887757,75497463
3844110,52775387,75497463
3882551,52757345,75497463
3921376,65905907,75497463
3960589,66957035,75497463
4000194,77223693,75497463
4040195,68965705,75497463
4080596,71455814,75497463
4121401,71436708,75497463
4162615,73750775,75497463
4204241,73329104,75497463
4246283,74947594,75497463
4288745,75575000,75497463
4331632,76529708,75497463
4374948,78220440,75497463
4418697,62851320,75497463
4462883,64934713,75497463
4507511,81605654,75497463
4552586,82584468,75497463
4598111,83522438,75497463
4644092,88270400,75497463
4690532,85188941,75497463
4737437,87201757,75497463
4784811,90180245,75497463
4832659,94296957,75497463
4880985,92685397,75497463
4929794,98076022,75497463
4979091,93730300,75497463
5028881,78472009,75497463
5079169,77791582,75497463
5129960,99854582,75497463
5181259,99202594,75497463
5233071,107658015,75497463
5285401,103874062,75497463
5338255,111825240,75497463
5391637,105159374,75497463
5445553,106855780,75497463
5500008,108105505,75497463
5555008,113224474,75497463
5610558,90370405,75497463
5666663,115487296,75497463
5723329,114705450,75497463
5780562,117820806,75497463
5838367,120341343,75497463
5896750,123746329,75497463
5955717,125519881,75497463
6015274,129439277,75497463
6075426,133469027,75497463
6136180,130019795,75497463
6197541,154757382,75497463
6259516,142638593,75497463
6322111,146106551,75497463
6385332,151257509,75497463
6449185,148076969,75497463
6513676,162999592,75497463
6578812,170870676,75497463
6644600,179455391,75497463
6711046,137208480,75497463
6778156,245119514,75497463
6845937,198913783,75497463
6914396,208697158,75497463
6983539,204613211,75497463
7053374,227817518,75497463
7123907,228934096,75497463
7195146,253314632,75497463
7267097,198249495,75497463
7339767,258292194,75497463
7413164,166292508,150994935
7487295,169326324,150994935
7562167,171944525,150994935
7637788,176372862,150994935
7714165,145993280,150994935
7791306,185723866,150994935
7869219,183407286,150994935
7947911,186616224,150994935
8027390,187221933,150994935
8107663,190132074,150994935
8188739,156086586,150994935
8270626,194520413,150994935
8353332,201819504,150994935
8436865,199577460,150994935
8521233,206807926,150994935
8606445,204664110,150994935
8692509,207362038,150994935
8779434,208571847,150994935
8867228,263344687,150994935
8955900,212882428,150994935
9045459,215850998,150994935
9135913,219901566,150994935
9227272,223584058,150994935
9319544,181725877,150994935
9412739,227287089,150994935
9506866,229981583,150994935
9601934,233307327,150994935
9697953,235011123,150994935
9794932,237557637,150994935
9892881,242976906,150994935
9991809,245557670,150994935
