#1,250,9
#1,108,9
#1,55,9
#1,55,9
#1,54,9
1,104.4,9,151.349
#2,110,27
#2,91,27
#2,66,27
#2,62,27
#2,60,27
2,77.8,27,39.1592
#3,95,27
#3,70,27
#3,57,27
#3,61,27
#3,67,27
3,70,27,26.5932
#4,96,63
#4,84,63
#4,76,63
#4,64,63
#4,81,63
4,80.2,63,20.8768
#5,92,63
#5,86,63
#5,88,63
#5,78,63
#5,87,63
5,86.2,63,9.15642
#6,109,63
#6,110,63
#6,88,63
#6,94,63
#6,89,63
6,98,63,19.225
#7,110,63
#7,94,63
#7,71,63
#7,99,63
#7,91,63
7,93,63,25.5186
#8,207,135
#8,169,135
#8,118,135
#8,99,135
#8,97,135
8,138,135,86.3667
#9,161,135
#9,119,135
#9,106,135
#9,110,135
#9,119,135
9,123,135,39.3345
#10,219,135
#10,147,135
#10,123,135
#10,129,135
#10,116,135
10,146.8,135,75.0722
#11,130,135
#11,188,135
#11,134,135
#11,125,135
#11,114,135
11,138.2,135,51.5736
#12,142,135
#12,220,135
#12,117,135
#12,137,135
#12,130,135
12,149.2,135,72.767
#13,166,135
#13,176,135
#13,152,135
#13,165,135
#13,123,135
13,156.4,135,36.7173
#14,250,135
#14,198,135
#14,153,135
#14,161,135
#14,169,135
14,186.2,135,70.6699
#15,180,279
#15,194,279
#15,175,279
#15,141,279
#15,151,279
15,168.2,279,38.8515
#16,174,279
#16,167,279
#16,204,279
#16,168,279
#16,143,279
16,171.2,279,39.0569
#17,172,279
#17,174,279
#17,190,279
#17,180,279
#17,150,279
17,173.2,279,26.3636
#18,262,279
#18,265,279
#18,199,279
#18,184,279
#18,204,279
18,222.8,279,67.7808
#19,218,279
#19,245,279
#19,223,279
#19,196,279
#19,221,279
19,220.6,279,31.1538
#20,208,279
#20,211,279
#20,196,279
#20,183,279
#20,183,279
20,196.2,279,23.779
#21,268,279
#21,240,279
#21,175,279
#21,196,279
#21,152,279
21,206.2,279,84.7434
#22,186,279
#22,229,279
#22,225,279
#22,202,279
#22,202,279
22,208.8,279,32.035
#23,311,279
#23,286,279
#23,205,279
#23,213,279
#23,195,279
23,242,279,94.3016
#24,424,279
#24,481,279
#24,485,279
#24,265,279
#24,231,279
24,377.2,279,216.423
#25,412,279
#25,340,279
#25,330,279
#25,250,279
#25,224,279
25,311.2,279,134.738
#26,455,279
#26,410,279
#26,366,279
#26,254,279
#26,249,279
26,346.8,279,165.522
#27,515,279
#27,552,279
#27,469,279
#27,368,279
#27,250,279
27,430.8,279,218.853
#28,444,279
#28,321,279
#28,286,279
#28,244,279
#28,245,279
28,308,279,147.551
#29,326,567
#29,292,567
#29,274,567
#29,267,567
#29,254,567
29,282.6,567,49.8574
#30,284,567
#30,291,567
#30,287,567
#30,204,567
#30,251,567
30,263.4,567,65.8799
#31,364,567
#31,331,567
#31,357,567
#31,267,567
#31,230,567
31,309.8,567,105.128
#32,303,567
#32,309,567
#32,301,567
#32,240,567
#32,273,567
32,285.2,567,51.5736
#33,329,567
#33,354,567
#33,331,567
#33,283,567
#33,255,567
33,310.4,567,72.0622
#34,393,567
#34,411,567
#34,381,567
#34,284,567
#34,321,567
34,358,567,95.5322
#35,455,567
#35,348,567
#35,351,567
#35,275,567
#35,290,567
35,343.8,567,126.69
#36,525,567
#36,421,567
#36,393,567
#36,333,567
#36,343,567
36,403,567,138.009
#37,448,567
#37,379,567
#37,395,567
#37,358,567
#37,295,567
37,375,567,99.7357
#38,372,567
#38,418,567
#38,435,567
#38,327,567
#38,327,567
38,375.8,567,89.7231
#39,413,567
#39,334,567
#39,365,567
#39,319,567
#39,363,567
39,358.8,567,64.4534
#40,452,567
#40,426,567
#40,303,567
#40,296,567
#40,240,567
40,343.4,567,162.941
#42,458,567
#42,408,567
#42,370,567
#42,377,567
#42,264,567
42,375.4,567,127.522
#44,448,567
#44,415,567
#44,365,567
#44,316,567
#44,352,567
44,379.2,567,93.5983
#46,619,567
#46,530,567
#46,452,567
#46,413,567
#46,361,567
46,475,567,181.395
#48,590,567
#48,543,567
#48,546,567
#48,452,567
#48,329,567
48,492,567,186.097
#50,458,567
#50,450,567
#50,348,567
#50,380,567
#50,293,567
50,385.8,567,124.608
#52,1036,567
#52,938,567
#52,623,567
#52,584,567
#52,405,567
52,717.2,567,468.59
#54,870,567
#54,800,567
#54,560,567
#54,436,567
#54,561,567
54,645.4,567,325.713
#56,776,567
#56,770,567
#56,603,567
#56,592,567
#56,415,567
56,631.2,567,267.293
#58,447,1143
#58,486,1143
#58,488,1143
#58,459,1143
#58,406,1143
58,457.2,1143,60.0453
#60,505,1143
#60,536,1143
#60,515,1143
#60,434,1143
#60,474,1143
60,492.8,1143,71.0988
#63,458,1143
#63,559,1143
#63,614,1143
#63,532,1143
#63,489,1143
63,530.4,1143,108.684
#66,525,1143
#66,571,1143
#66,525,1143
#66,465,1143
#66,368,1143
66,490.8,1143,140.048
#69,560,1143
#69,563,1143
#69,563,1143
#69,550,1143
#69,540,1143
69,555.2,1143,17.951
#72,625,1143
#72,638,1143
#72,610,1143
#72,536,1143
#72,493,1143
72,580.4,1143,112.404
#75,719,1143
#75,710,1143
#75,620,1143
#75,567,1143
#75,572,1143
75,637.6,1143,131.043
#78,717,1143
#78,750,1143
#78,628,1143
#78,574,1143
#78,556,1143
78,645,1143,153.519
#81,836,1143
#81,878,1143
#81,741,1143
#81,553,1143
#81,557,1143
81,713,1143,272.872
#85,636,1143
#85,586,1143
#85,703,1143
#85,633,1143
#85,603,1143
85,632.2,1143,80.074
#89,627,1143
#89,627,1143
#89,442,1143
#89,342,1143
#89,330,1143
89,473.6,1143,262.299
#93,673,1143
#93,678,1143
#93,523,1143
#93,386,1143
#93,366,1143
93,525.2,1143,268.207
#97,840,1143
#97,794,1143
#97,592,1143
#97,482,1143
#97,439,1143
97,629.4,1143,323.51
#101,771,1143
#101,699,1143
#101,532,1143
#101,398,1143
#101,382,1143
101,556.4,1143,313.036
#106,764,1143
#106,776,1143
#106,548,1143
#106,457,1143
#106,402,1143
106,589.4,1143,309.409
#111,1520,1143
#111,1104,1143
#111,662,1143
#111,579,1143
#111,528,1143
111,878.6,1143,759.892
#116,743,2295
#116,629,2295
#116,559,2295
#116,463,2295
#116,442,2295
116,567.2,2295,221.495
#121,667,2295
#121,624,2295
#121,537,2295
#121,492,2295
#121,474,2295
121,558.8,2295,149.898
#127,648,2295
#127,614,2295
#127,542,2295
#127,471,2295
#127,440,2295
127,543,2295,159.65
#133,726,2295
#133,678,2295
#133,590,2295
#133,526,2295
#133,489,2295
133,601.8,2295,178.529
#139,935,2295
#139,937,2295
#139,696,2295
#139,610,2295
#139,527,2295
139,741,2295,335.898
#145,815,2295
#145,801,2295
#145,739,2295
#145,590,2295
#145,530,2295
145,695,2295,229.472
#152,1108,2295
#152,941,2295
#152,716,2295
#152,745,2295
#152,572,2295
152,816.4,2295,374.663
#159,913,2295
#159,885,2295
#159,655,2295
#159,635,2295
#159,594,2295
159,736.4,2295,269.006
#166,824,2295
#166,791,2295
#166,696,2295
#166,604,2295
#166,624,2295
166,707.8,2295,175.182
#174,1356,2295
#174,1205,2295
#174,704,2295
#174,663,2295
#174,627,2295
174,911,2295,612.843
#182,1453,2295
#182,1159,2295
#182,818,2295
#182,701,2295
#182,662,2295
182,958.6,2295,605.765
#191,2177,2295
#191,1788,2295
#191,1002,2295
#191,842,2295
#191,763,2295
191,1314.4,2295,1128.95
#200,2031,2295
#200,1643,2295
#200,1045,2295
#200,903,2295
#200,813,2295
200,1287,2295,942.748
#210,3589,2295
#210,2844,2295
#210,2296,2295
#210,1788,2295
#210,1681,2295
210,2439.6,2295,1415.72
#220,5150,2295
#220,3982,2295
#220,2879,2295
#220,2595,2295
#220,2320,2295
220,3385.2,2295,2094.95
#231,1751,4599
#231,1554,4599
#231,1616,4599
#231,1597,4599
#231,1404,4599
231,1584.4,4599,223.394
#242,1989,4599
#242,2000,4599
#242,1642,4599
#242,1822,4599
#242,1765,4599
242,1843.6,4599,272.601
#254,1729,4599
#254,1821,4599
#254,1771,4599
#254,1826,4599
#254,1820,4599
254,1793.4,4599,75.7955
#266,2035,4599
#266,2079,4599
#266,1708,4599
#266,2107,4599
#266,1620,4599
266,1909.8,4599,407.822
#279,2248,4599
#279,2086,4599
#279,2273,4599
#279,2120,4599
#279,1842,4599
279,2113.8,4599,307.299
#292,2200,4599
#292,2066,4599
#292,1925,4599
#292,2004,4599
#292,2037,4599
292,2046.4,4599,180.225
#306,2416,4599
#306,2391,4599
#306,2052,4599
#306,2084,4599
#306,1962,4599
306,2181,4599,372.383
#321,2236,4599
#321,2333,4599
#321,2154,4599
#321,2029,4599
#321,2004,4599
321,2151.2,4599,247.953
#337,3111,4599
#337,2937,4599
#337,2518,4599
#337,2042,4599
#337,2104,4599
337,2542.4,4599,858.932
#353,3742,4599
#353,3598,4599
#353,2727,4599
#353,2574,4599
#353,2436,4599
353,3015.4,4599,1088.52
#370,4089,4599
#370,3931,4599
#370,3033,4599
#370,2651,4599
#370,2635,4599
370,3267.8,4599,1249.07
#388,4193,4599
#388,3928,4599
#388,3145,4599
#388,2717,4599
#388,2610,4599
388,3318.6,4599,1274.4
#407,4984,4599
#407,4445,4599
#407,3285,4599
#407,3105,4599
#407,2806,4599
407,3725,4599,1679.53
#427,6915,4599
#427,5776,4599
#427,4407,4599
#427,4004,4599
#427,4272,4599
427,5074.8,4599,2211.8
#448,9721,4599
#448,8170,4599
#448,6289,4599
#448,4824,4599
#448,4474,4599
448,6695.6,4599,3993.06
#470,3272,9207
#470,3327,9207
#470,2958,9207
#470,3014,9207
#470,2786,9207
470,3071.4,9207,403.167
#493,3454,9207
#493,3409,9207
#493,3254,9207
#493,3150,9207
#493,3052,9207
493,3263.8,9207,303.532
#517,3467,9207
#517,3527,9207
#517,3455,9207
#517,3369,9207
#517,2943,9207
517,3352.2,9207,421.453
#542,4257,9207
#542,3958,9207
#542,3974,9207
#542,3854,9207
#542,3831,9207
542,3974.8,9207,303.567
#569,4391,9207
#569,4451,9207
#569,4151,9207
#569,3968,9207
#569,3912,9207
569,4174.6,9207,433.982
#597,4584,9207
#597,4841,9207
#597,4443,9207
#597,4277,9207
#597,4046,9207
597,4438.2,9207,539.136
#626,5008,9207
#626,4924,9207
#626,4487,9207
#626,4162,9207
#626,3858,9207
626,4487.8,9207,878.031
#657,4987,9207
#657,4844,9207
#657,4225,9207
#657,4231,9207
#657,4122,9207
657,4481.8,9207,718.175
#689,5646,9207
#689,5611,9207
#689,4928,9207
#689,4560,9207
#689,4596,9207
689,5068.2,9207,950.529
#723,8263,9207
#723,7522,9207
#723,6058,9207
#723,6022,9207
#723,5575,9207
723,6688,9207,2050.45
#759,7293,9207
#759,6297,9207
#759,4795,9207
#759,3907,9207
#759,3603,9207
759,5179,9207,2823.92
#796,7888,9207
#796,6344,9207
#796,4869,9207
#796,4344,9207
#796,4133,9207
796,5515.6,9207,2830.81
#835,7305,9207
#835,6182,9207
#835,4952,9207
#835,4255,9207
#835,3884,9207
835,5315.6,9207,2532.18
#876,13069,9207
#876,10250,9207
#876,7884,9207
#876,6387,9207
#876,5593,9207
876,8636.6,9207,5450.86
#919,3626,18423
#919,3530,18423
#919,3305,18423
#919,3229,18423
#919,3227,18423
919,3383.4,18423,328.382
#964,3834,18423
#964,3775,18423
#964,3535,18423
#964,3355,18423
#964,3517,18423
964,3603.2,18423,353.801
#1012,4135,18423
#1012,4100,18423
#1012,3831,18423
#1012,3590,18423
#1012,3514,18423
1012,3834,18423,508.568
#1062,4161,18423
#1062,4138,18423
#1062,3824,18423
#1062,3768,18423
#1062,3558,18423
1062,3889.8,18423,459.921
#1115,4741,18423
#1115,4589,18423
#1115,4130,18423
#1115,3921,18423
#1115,3893,18423
1115,4254.8,18423,696.262
#1170,4797,18423
#1170,4716,18423
#1170,4347,18423
#1170,4160,18423
#1170,4156,18423
1170,4435.2,18423,544.951
#1228,5207,18423
#1228,5205,18423
#1228,4739,18423
#1228,4430,18423
#1228,4308,18423
1228,4777.8,18423,753.602
#1289,6090,18423
#1289,5598,18423
#1289,5051,18423
#1289,4844,18423
#1289,4798,18423
1289,5276.2,18423,992.779
#1353,8153,18423
#1353,7152,18423
#1353,6608,18423
#1353,5697,18423
#1353,5271,18423
1353,6576.2,18423,2058.23
#1420,9904,18423
#1420,8923,18423
#1420,7465,18423
#1420,6876,18423
#1420,6259,18423
1420,7885.4,18423,2682.11
#1491,9117,18423
#1491,8373,18423
#1491,6995,18423
#1491,6380,18423
#1491,5881,18423
1491,7349.2,18423,2432.07
#1565,13614,18423
#1565,12276,18423
#1565,10178,18423
#1565,9394,18423
#1565,8488,18423
1565,10790,18423,3774.2
#1643,14409,18423
#1643,12202,18423
#1643,9793,18423
#1643,8480,18423
#1643,8124,18423
1643,10601.6,18423,4762.44
#1725,23673,18423
#1725,20377,18423
#1725,18083,18423
#1725,16792,18423
#1725,15909,18423
1725,18966.8,18423,5585.55
#1811,6410,36855
#1811,6247,36855
#1811,6152,36855
#1811,5985,36855
#1811,5853,36855
1811,6129.4,36855,390.205
#1901,7245,36855
#1901,6967,36855
#1901,6694,36855
#1901,6408,36855
#1901,6500,36855
1901,6762.8,36855,615.724
#1996,7537,36855
#1996,7452,36855
#1996,6904,36855
#1996,6637,36855
#1996,6568,36855
1996,7019.6,36855,809.129
#2095,8194,36855
#2095,8108,36855
#2095,7538,36855
#2095,7772,36855
#2095,7215,36855
2095,7765.4,36855,724.302
#2199,8527,36855
#2199,8459,36855
#2199,7756,36855
#2199,7469,36855
#2199,7426,36855
2199,7927.4,36855,952.063
#2308,9469,36855
#2308,9332,36855
#2308,8385,36855
#2308,8057,36855
#2308,8087,36855
2308,8666,36855,1224.24
#2423,10045,36855
#2423,9716,36855
#2423,8874,36855
#2423,8506,36855
#2423,8386,36855
2423,9105.4,36855,1322.44
#2544,11339,36855
#2544,11017,36855
#2544,9929,36855
#2544,9244,36855
#2544,8998,36855
2544,10105.4,36855,1865.96
#2671,10963,36855
#2671,10794,36855
#2671,9716,36855
#2671,9279,36855
#2671,9115,36855
2671,9973.4,36855,1533.1
#2804,12700,36855
#2804,12471,36855
#2804,11305,36855
#2804,10549,36855
#2804,10230,36855
2804,11451,36855,1985.18
#2944,14968,36855
#2944,14484,36855
#2944,13346,36855
#2944,12161,36855
#2944,11425,36855
2944,13276.8,36855,2682.75
#3091,20932,36855
#3091,20019,36855
#3091,17859,36855
#3091,16041,36855
#3091,14917,36855
3091,17953.6,36855,4562.86
#3245,21659,36855
#3245,20893,36855
#3245,18240,36855
#3245,16721,36855
#3245,15848,36855
3245,18672.2,36855,4545.15
#3407,40911,36855
#3407,62841,36855
#3407,34930,36855
#3407,32926,36855
#3407,31925,36855
3407,40706.6,36855,22995.6
#3577,58934,36855
#3577,56394,36855
#3577,54486,36855
#3577,51830,36855
#3577,66002,36855
3577,57529.2,36855,9666.12
#3755,11627,73719
#3755,11532,73719
#3755,11126,73719
#3755,11069,73719
#3755,11062,73719
3755,11283.2,73719,489.59
#3942,12364,73719
#3942,12402,73719
#3942,12040,73719
#3942,11916,73719
#3942,11801,73719
3942,12104.6,73719,479.709
#4139,13632,73719
#4139,13507,73719
#4139,12953,73719
#4139,12697,73719
#4139,12661,73719
4139,13090,73719,812.361
#4345,14157,73719
#4345,14286,73719
#4345,13587,73719
#4345,13311,73719
#4345,13222,73719
4345,13712.6,73719,869.034
#4562,15783,73719
#4562,15586,73719
#4562,14972,73719
#4562,14772,73719
#4562,14695,73719
4562,15161.6,73719,881.683
#4790,16044,73719
#4790,15818,73719
#4790,15263,73719
#4790,14905,73719
#4790,14849,73719
4790,15375.8,73719,960.802
#5029,18672,73719
#5029,18445,73719
#5029,17208,73719
#5029,16816,73719
#5029,16569,73719
5029,17542,73719,1715.27
#5280,21088,73719
#5280,20762,73719
#5280,19488,73719
#5280,18723,73719
#5280,18500,73719
5280,19712.2,73719,2096.3
#5544,23949,73719
#5544,23531,73719
#5544,22007,73719
#5544,21238,73719
#5544,20809,73719
5544,22306.8,73719,2477.27
#5821,29051,73719
#5821,28513,73719
#5821,26304,73719
#5821,25118,73719
#5821,24585,73719
5821,26714.2,73719,3571.66
#6112,37418,73719
#6112,36685,73719
#6112,33980,73719
#6112,32175,73719
#6112,31537,73719
6112,34359,73719,4702.76
#6417,47238,73719
#6417,40731,73719
#6417,37894,73719
#6417,36360,73719
#6417,34944,73719
6417,39433.4,73719,8697.85
#6737,62539,73719
#6737,61368,73719
#6737,58941,73719
#6737,57576,73719
#6737,56092,73719
6737,59303.2,73719,4746.37
#7073,84238,73719
#7073,82899,73719
#7073,80986,73719
#7073,80266,73719
#7073,78209,73719
7073,81319.6,73719,4186.53
#7426,20069,147447
#7426,19956,147447
#7426,19541,147447
#7426,19294,147447
#7426,19342,147447
7426,19640.4,147447,633.856
#7797,21121,147447
#7797,21015,147447
#7797,20718,147447
#7797,20457,147447
#7797,20469,147447
7797,20756,147447,546.641
#8186,21533,147447
#8186,21453,147447
#8186,21027,147447
#8186,20968,147447
#8186,20854,147447
8186,21167,147447,546.203
#8595,22672,147447
#8595,22520,147447
#8595,21977,147447
#8595,21817,147447
#8595,21756,147447
8595,22148.4,147447,751.226
#9024,24622,147447
#9024,24474,147447
#9024,23952,147447
#9024,23623,147447
#9024,23415,147447
9024,24017.2,147447,936.692
#9475,26418,147447
#9475,26312,147447
#9475,25837,147447
#9475,25330,147447
#9475,25259,147447
9475,25831.2,147447,960.896
#9948,28214,147447
#9948,27949,147447
#9948,27095,147447
#9948,26913,147447
#9948,26703,147447
9948,27374.8,147447,1192.25
#10445,32316,147447
#10445,32109,147447
#10445,30937,147447
#10445,30445,147447
#10445,30311,147447
10445,31223.6,147447,1672.95
#10967,37981,147447
#10967,37761,147447
#10967,36005,147447
#10967,35244,147447
#10967,35115,147447
10967,36421.2,147447,2448.38
#11515,46774,147447
#11515,46544,147447
#11515,44510,147447
#11515,43412,147447
#11515,42884,147447
11515,44824.8,147447,3177.02
#12090,54012,147447
#12090,53747,147447
#12090,51374,147447
#12090,50355,147447
#12090,49809,147447
12090,51859.4,147447,3452.5
#12694,80432,147447
#12694,78838,147447
#12694,77707,147447
#12694,75637,147447
#12694,75195,147447
12694,77561.8,147447,3918.61
#13328,98260,147447
#13328,98005,147447
#13328,96195,147447
#13328,94911,147447
#13328,95254,147447
13328,96525,147447,2761.15
#13994,146970,147447
#13994,145077,147447
#13994,144902,147447
#13994,144050,147447
#13994,144309,147447
13994,145062,147447,2050.84
#14693,39150,294903
#14693,37670,294903
#14693,37206,294903
#14693,37234,294903
#14693,37080,294903
14693,37668,294903,1534.63
#15427,40335,294903
#15427,40367,294903
#15427,39894,294903
#15427,39900,294903
#15427,39925,294903
15427,40084.2,294903,436.648
#16198,42838,294903
#16198,42659,294903
#16198,42153,294903
#16198,41897,294903
#16198,41884,294903
16198,42286.2,294903,787.12
#17007,47342,294903
#17007,47091,294903
#17007,46678,294903
#17007,46450,294903
#17007,46433,294903
17007,46798.8,294903,721.394
#17857,49737,294903
#17857,49604,294903
#17857,49007,294903
#17857,48815,294903
#17857,48605,294903
17857,49153.6,294903,885.582
#18749,53903,294903
#18749,53595,294903
#18749,52833,294903
#18749,52378,294903
#18749,52226,294903
18749,52987,294903,1321.34
#19686,60422,294903
#19686,60261,294903
#19686,59405,294903
#19686,58893,294903
#19686,58623,294903
19686,59520.8,294903,1434.89
#20670,65837,294903
#20670,65409,294903
#20670,64261,294903
#20670,63797,294903
#20670,63392,294903
20670,64539.2,294903,1873
#21703,74074,294903
#21703,73569,294903
#21703,72470,294903
#21703,71862,294903
#21703,71382,294903
21703,72671.4,294903,2026.07
#22788,89915,294903
#22788,88996,294903
#22788,88095,294903
#22788,87941,294903
#22788,86941,294903
22788,88377.6,294903,2016
#23927,113087,294903
#23927,111637,294903
#23927,110954,294903
#23927,110617,294903
#23927,109645,294903
23927,111188,294903,2292.5
#25123,137738,294903
#25123,136505,294903
#25123,134546,294903
#25123,134357,294903
#25123,134176,294903
25123,135464,294903,2825.86
#26379,195225,294903
#26379,194460,294903
#26379,194712,294903
#26379,192796,294903
#26379,192931,294903
26379,194025,294903,1961.32
#27697,267686,294903
#27697,265784,294903
#27697,267822,294903
#27697,267077,294903
#27697,266328,294903
27697,266939,294903,1565.65
#29081,77845,589815
#29081,77736,589815
#29081,77405,589815
#29081,77186,589815
#29081,77179,589815
29081,77470.2,589815,552.046
#30535,81618,589815
#30535,81270,589815
#30535,81107,589815
#30535,80828,589815
#30535,80960,589815
30535,81156.6,589815,547.605
#32061,88396,589815
#32061,88282,589815
#32061,87721,589815
#32061,87583,589815
#32061,87403,589815
32061,87877,589815,784.262
#33664,95227,589815
#33664,94891,589815
#33664,94505,589815
#33664,94069,589815
#33664,93962,589815
33664,94530.8,589815,959.957
#35347,102999,589815
#35347,101003,589815
#35347,100238,589815
#35347,100090,589815
#35347,100080,589815
35347,100882,589815,2223.79
#37114,109552,589815
#37114,109549,589815
#37114,109001,589815
#37114,108477,589815
#37114,107904,589815
37114,108897,589815,1273.54
#38969,121541,589815
#38969,120975,589815
#38969,120378,589815
#38969,119728,589815
#38969,120201,589815
38969,120565,589815,1261.34
#40917,133930,589815
#40917,135765,589815
#40917,132380,589815
#40917,131899,589815
#40917,131956,589815
40917,133186,589815,2969.67
#42962,151144,589815
#42962,150221,589815
#42962,149293,589815
#42962,148861,589815
#42962,148961,589815
42962,149696,589815,1737.17
#45110,177506,589815
#45110,176405,589815
#45110,175394,589815
#45110,175278,589815
#45110,174824,589815
45110,175881,589815,1925.25
#47365,221431,589815
#47365,216826,589815
#47365,216303,589815
#47365,214887,589815
#47365,214956,589815
47365,216881,589815,4793.43
#49733,264819,589815
#49733,261302,589815
#49733,265940,589815
#49733,261625,589815
#49733,261247,589815
49733,262987,589815,3979.78
#52219,371483,589815
#52219,371535,589815
#52219,371119,589815
#52219,368499,589815
#52219,366675,589815
52219,369862,589815,3900.91
#54829,523731,589815
#54829,496751,589815
#54829,594476,589815
#54829,496500,589815
#54829,496434,589815
54829,521578,589815,75875
#57570,178456,1179639
#57570,167698,1179639
#57570,162975,1179639
#57570,163109,1179639
#57570,163088,1179639
57570,167065,1179639,11944.9
#60448,176640,1179639
#60448,174991,1179639
#60448,173787,1179639
#60448,173455,1179639
#60448,173223,1179639
60448,174419,1179639,2532.85
#63470,189417,1179639
#63470,187730,1179639
#63470,186616,1179639
#63470,186582,1179639
#63470,188667,1179639
63470,187802,1179639,2237.25
#66643,205875,1179639
#66643,198901,1179639
#66643,196035,1179639
#66643,195321,1179639
#66643,195438,1179639
66643,198314,1179639,7996.83
#69975,207394,1179639
#69975,206638,1179639
#69975,206138,1179639
#69975,206044,1179639
#69975,205929,1179639
69975,206429,1179639,1079.93
#73473,235212,1179639
#73473,233725,1179639
#73473,232799,1179639
#73473,236079,1179639
#73473,243530,1179639
73473,236269,1179639,7609.9
#77146,247955,1179639
#77146,258523,1179639
#77146,240920,1179639
#77146,240396,1179639
#77146,240392,1179639
77146,245637,1179639,14103.9
#81003,281414,1179639
#81003,280929,1179639
#81003,280208,1179639
#81003,282923,1179639
#81003,279285,1179639
81003,280952,1179639,2438.24
#85053,328123,1179639
#85053,326825,1179639
#85053,328207,1179639
#85053,312433,1179639
#85053,312307,1179639
85053,321579,1179639,15070.3
#89305,359699,1179639
#89305,356307,1179639
#89305,355598,1179639
#89305,355203,1179639
#89305,355440,1179639
89305,356449,1179639,3331.96
#93770,435111,1179639
#93770,433353,1179639
#93770,432580,1179639
#93770,432159,1179639
#93770,432729,1179639
93770,433186,1179639,2071.58
#98458,565911,1179639
#98458,554469,1179639
#98458,553435,1179639
#98458,572950,1179639
#98458,547642,1179639
98458,558881,1179639,18391.2
#103380,724383,1179639
#103380,723107,1179639
#103380,722933,1179639
#103380,760299,1179639
#103380,768921,1179639
103380,739929,1179639,40684.1
#108549,987880,1179639
#108549,997660,1179639
#108549,962770,1179639
#108549,968542,1179639
#108549,963652,1179639
108549,976101,1179639,28190.3
#113976,1494851,1179639
#113976,1514287,1179639
#113976,1525784,1179639
#113976,1517219,1179639
#113976,1523645,1179639
113976,1.51516e+06,1179639,21951.2
#119674,534290,2359287
#119674,478858,2359287
#119674,393131,2359287
#119674,403449,2359287
#119674,381888,2359287
119674,438323,2359287,117631
#125657,434772,2359287
#125657,418914,2359287
#125657,401002,2359287
#125657,399916,2359287
#125657,399736,2359287
125657,410868,2359287,27962
#131939,569534,2359287
#131939,529939,2359287
#131939,435478,2359287
#131939,435445,2359287
#131939,444290,2359287
131939,482937,2359287,112106
#138535,535065,2359287
#138535,516491,2359287
#138535,474457,2359287
#138535,467021,2359287
#138535,469809,2359287
138535,492569,2359287,55691.5
#145461,575887,2359287
#145461,549577,2359287
#145461,531924,2359287
#145461,499524,2359287
#145461,498125,2359287
145461,531007,2359287,59547
#152734,620884,2359287
#152734,594373,2359287
#152734,549103,2359287
#152734,546959,2359287
#152734,550474,2359287
152734,572359,2359287,60028.3
#160370,650841,2359287
#160370,649936,2359287
#160370,601350,2359287
#160370,595140,2359287
#160370,622959,2359287
160370,624045,2359287,46819.7
#168388,729373,2359287
#168388,709356,2359287
#168388,677607,2359287
#168388,668284,2359287
#168388,713206,2359287
168388,699565,2359287,45879.1
#176807,822875,2359287
#176807,802037,2359287
#176807,772590,2359287
#176807,764110,2359287
#176807,799493,2359287
176807,792221,2359287,42563
#185647,998336,2359287
#185647,990923,2359287
#185647,937852,2359287
#185647,942949,2359287
#185647,910696,2359287
185647,956151,2359287,66717.1
#194929,1149504,2359287
#194929,1137676,2359287
#194929,1119607,2359287
#194929,1153290,2359287
#194929,1161567,2359287
194929,1.14433e+06,2359287,29115.9
#204675,1555089,2359287
#204675,1541705,2359287
#204675,1518470,2359287
#204675,1513726,2359287
#204675,1477846,2359287
204675,1.52137e+06,2359287,53003.1
#214908,2081071,2359287
#214908,1963915,2359287
#214908,1934777,2359287
#214908,1928856,2359287
#214908,1930136,2359287
214908,1.96775e+06,2359287,116176
#225653,3217554,2359287
#225653,2993761,2359287
#225653,2924598,2359287
#225653,2926704,2359287
#225653,2869844,2359287
225653,2.98649e+06,2359287,244057
#236935,1399224,4718583
#236935,1257936,4718583
#236935,868671,4718583
#236935,846612,4718583
#236935,845263,4718583
236935,1.04354e+06,4718583,474258
#248781,1398809,4718583
#248781,1279732,4718583
#248781,916416,4718583
#248781,906554,4718583
#248781,960062,4718583
248781,1.09231e+06,4718583,411827
#261220,1383768,4718583
#261220,1290480,4718583
#261220,973386,4718583
#261220,955374,4718583
#261220,954832,4718583
261220,1.11157e+06,4718583,373266
#274281,1414084,4718583
#274281,1329504,4718583
#274281,1041981,4718583
#274281,1026053,4718583
#274281,1038063,4718583
274281,1.16994e+06,4718583,334108
#287995,1431091,4718583
#287995,1338557,4718583
#287995,1224808,4718583
#287995,1285786,4718583
#287995,1364094,4718583
287995,1.32887e+06,4718583,139911
#302394,1508800,4718583
#302394,1433162,4718583
#302394,1205573,4718583
#302394,1207981,4718583
#302394,1192168,4718583
302394,1.30954e+06,4718583,268159
#317513,1551921,4718583
#317513,1496932,4718583
#317513,1364832,4718583
#317513,1340087,4718583
#317513,1312700,4718583
317513,1.41329e+06,4718583,187701
#333388,1696018,4718583
#333388,1632217,4718583
#333388,1471197,4718583
#333388,1444604,4718583
#333388,1436397,4718583
333388,1.53609e+06,4718583,214172
#350057,1844816,4718583
#350057,1800699,4718583
#350057,1747151,4718583
#350057,1669918,4718583
#350057,1683252,4718583
350057,1.74917e+06,4718583,133966
#367559,3149585,4718583
#367559,2903077,4718583
#367559,2788733,4718583
#367559,2921029,4718583
#367559,3222749,4718583
367559,2.99703e+06,4718583,325224
#385936,5074983,4718583
#385936,4363532,4718583
#385936,3835669,4718583
#385936,3210376,4718583
#385936,2890444,4718583
385936,3.875e+06,4718583,1.57258e+06
#405232,2983751,4718583
#405232,3023587,4718583
#405232,2937113,4718583
#405232,3030036,4718583
#405232,2973660,4718583
405232,2.98963e+06,4718583,68313.2
#425493,4125036,4718583
#425493,4118787,4718583
#425493,4095106,4718583
#425493,4037274,4718583
#425493,4075203,4718583
425493,4.09028e+06,4718583,63755
#446767,7543311,4718583
#446767,7066247,4718583
#446767,6363476,4718583
#446767,5897470,4718583
#446767,6060611,4718583
446767,6.58622e+06,4718583,1.24794e+06
#469105,3223404,9437175
#469105,2841670,9437175
#469105,2276666,9437175
#469105,2018756,9437175
#469105,2014491,9437175
469105,2.475e+06,9437175,960882
#492560,3098071,9437175
#492560,2881296,9437175
#492560,2151558,9437175
#492560,2095030,9437175
#492560,2056760,9437175
492560,2.45654e+06,9437175,883406
#517188,3126631,9437175
#517188,2896107,9437175
#517188,2294747,9437175
#517188,2152244,9437175
#517188,2135153,9437175
517188,2.52098e+06,9437175,821483
#543047,3201263,9437175
#543047,2976532,9437175
#543047,2483283,9437175
#543047,2309534,9437175
#543047,2375683,9437175
543047,2.66926e+06,9437175,708588
#570199,4216795,9437175
#570199,4324415,9437175
#570199,4541427,9437175
#570199,4814615,9437175
#570199,5445204,9437175
570199,4.66849e+06,9437175,877815
#598708,3558264,9437175
#598708,3447268,9437175
#598708,3139378,9437175
#598708,5390002,9437175
#598708,4592299,9437175
598708,4.02544e+06,9437175,1.67833e+06
#628643,3756423,9437175
#628643,3721529,9437175
#628643,3358289,9437175
#628643,3348156,9437175
#628643,3307172,9437175
628643,3.49831e+06,9437175,395105
#660075,4303631,9437175
#660075,3901834,9437175
#660075,3696039,9437175
#660075,3381688,9437175
#660075,3490973,9437175
660075,3.75483e+06,9437175,654281
#693078,5287088,9437175
#693078,5015355,9437175
#693078,4557650,9437175
#693078,4448254,9437175
#693078,5084667,9437175
693078,4.8786e+06,9437175,642641
#727731,5059424,9437175
#727731,4901014,9437175
#727731,4951756,9437175
#727731,4910577,9437175
#727731,4718310,9437175
727731,4.90822e+06,9437175,220692
#764117,8796828,9437175
#764117,8403975,9437175
#764117,7787248,9437175
#764117,7671603,9437175
#764117,7308501,9437175
764117,7.99363e+06,9437175,1.06928e+06
#802322,7065795,9437175
#802322,7178707,9437175
#802322,7009765,9437175
#802322,6935389,9437175
#802322,6986436,9437175
802322,7.03522e+06,9437175,166174
#842438,11059920,9437175
#842438,10875121,9437175
#842438,10761370,9437175
#842438,11914776,9437175
#842438,13294382,9437175
842438,1.15811e+07,9437175,1.89498e+06
#884559,11934599,9437175
#884559,12158286,9437175
#884559,15212385,9437175
#884559,15090812,9437175
#884559,14373123,9437175
884559,1.37538e+07,9437175,2.85009e+06
#928786,6520182,18874359
#928786,6220175,18874359
#928786,6368081,18874359
#928786,6439528,18874359
#928786,6358303,18874359
928786,6.38125e+06,18874359,198683
#975225,6929086,18874359
#975225,6901671,18874359
#975225,6930777,18874359
#975225,6900445,18874359
#975225,6918974,18874359
975225,6.91619e+06,18874359,26008.4
#1023986,9928740,18874359
#1023986,10594195,18874359
#1023986,10583776,18874359
#1023986,9733591,18874359
#1023986,9575371,18874359
1023986,1.00831e+07,18874359,855882
#1075185,7593600,18874359
#1075185,7987078,18874359
#1075185,8056534,18874359
#1075185,7917036,18874359
#1075185,8131407,18874359
1075185,7.93713e+06,18874359,371927
#1128944,8948067,18874359
#1128944,8594583,18874359
#1128944,8646365,18874359
#1128944,8441304,18874359
#1128944,8365490,18874359
1128944,8.59916e+06,18874359,403490
#1185391,8876401,18874359
#1185391,9585098,18874359
#1185391,9733699,18874359
#1185391,11248877,18874359
#1185391,14069942,18874359
1185391,1.07028e+07,18874359,3.70513e+06
#1244660,9868920,18874359
#1244660,9728773,18874359
#1244660,10120487,18874359
#1244660,10300485,18874359
#1244660,10436581,18874359
1244660,1.0091e+07,18874359,525134
#1306893,10414052,18874359
#1306893,11197741,18874359
#1306893,11466631,18874359
#1306893,11593253,18874359
#1306893,15384623,18874359
1306893,1.20113e+07,18874359,3.47146e+06
#1372237,12132550,18874359
#1372237,13067340,18874359
#1372237,15724615,18874359
#1372237,18466570,18874359
#1372237,15599900,18874359
1372237,1.49982e+07,18874359,4.45955e+06
#1440848,14134698,18874359
#1440848,15042145,18874359
#1440848,14863800,18874359
#1440848,15059619,18874359
#1440848,15121425,18874359
1440848,1.48443e+07,18874359,730051
#1512890,21648546,18874359
#1512890,18803183,18874359
#1512890,18223634,18874359
#1512890,17920220,18874359
#1512890,18060279,18874359
1512890,1.89312e+07,18874359,2.78303e+06
#1588534,18772696,18874359
#1588534,20991244,18874359
#1588534,22482252,18874359
#1588534,22878051,18874359
#1588534,28095439,18874359
1588534,2.26439e+07,18874359,6.16556e+06
#1667960,22137658,18874359
#1667960,22903611,18874359
#1667960,23397867,18874359
#1667960,24856409,18874359
#1667960,24323063,18874359
1667960,2.35237e+07,18874359,1.9466e+06
#1751358,31474605,18874359
#1751358,29905992,18874359
#1751358,29741507,18874359
#1751358,31299337,18874359
#1751358,33916015,18874359
1751358,3.12675e+07,18874359,2.99879e+06
#1838925,19793249,37748727
#1838925,18018688,37748727
#1838925,18154988,37748727
#1838925,17604333,37748727
#1838925,17178988,37748727
1838925,1.815e+07,37748727,1.77947e+06
#1930871,18282753,37748727
#1930871,26370104,37748727
#1930871,22819519,37748727
#1930871,21855678,37748727
#1930871,19810429,37748727
1930871,2.18277e+07,37748727,5.53201e+06
#2027414,16571780,37748727
#2027414,17569151,37748727
#2027414,18282834,37748727
#2027414,18524813,37748727
#2027414,18587313,37748727
2027414,1.79072e+07,37748727,1.51861e+06
#2128784,20918338,37748727
#2128784,21880630,37748727
#2128784,22651528,37748727
#2128784,23964133,37748727
#2128784,25203984,37748727
2128784,2.29237e+07,37748727,3.02863e+06
#2235223,21285097,37748727
#2235223,22798920,37748727
#2235223,25279118,37748727
#2235223,27772903,37748727
#2235223,28603918,37748727
2235223,2.5148e+07,37748727,5.60649e+06
#2346984,25079416,37748727
#2346984,25807732,37748727
#2346984,32648897,37748727
#2346984,27503621,37748727
#2346984,26668317,37748727
2346984,2.75416e+07,37748727,5.36039e+06
#2464333,30246026,37748727
#2464333,39778523,37748727
#2464333,29243087,37748727
#2464333,33983874,37748727
#2464333,32973386,37748727
2464333,3.3245e+07,37748727,7.39274e+06
#2587549,29348195,37748727
#2587549,30033275,37748727
#2587549,30491784,37748727
#2587549,32544657,37748727
#2587549,31390901,37748727
2587549,3.07618e+07,37748727,2.22284e+06
#2716926,32399245,37748727
#2716926,45664365,37748727
#2716926,36354310,37748727
#2716926,34398346,37748727
#2716926,34184266,37748727
2716926,3.66001e+07,37748727,9.40436e+06
#2852772,46254110,37748727
#2852772,42669085,37748727
#2852772,42778200,37748727
#2852772,41616313,37748727
#2852772,46880934,37748727
2852772,4.40397e+07,37748727,4.22554e+06
#2995410,44463026,37748727
#2995410,42783090,37748727
#2995410,46714411,37748727
#2995410,47060892,37748727
#2995410,51468737,37748727
2995410,4.6498e+07,37748727,5.86608e+06
#3145180,47877356,37748727
#3145180,47444712,37748727
#3145180,52698845,37748727
#3145180,49162763,37748727
#3145180,54954908,37748727
3145180,5.04277e+07,37748727,5.84166e+06
#3302439,73304493,37748727
#3302439,59880747,37748727
#3302439,63266939,37748727
#3302439,56142266,37748727
#3302439,56345119,37748727
3302439,6.17879e+07,37748727,1.26476e+07
#3467560,70666164,37748727
#3467560,69169985,37748727
#3467560,68794023,37748727
#3467560,76578795,37748727
#3467560,71774450,37748727
3467560,7.13967e+07,37748727,5.60447e+06
#3640938,107832671,37748727
#3640938,84937332,37748727
#3640938,84673850,37748727
#3640938,95302875,37748727
#3640938,91571196,37748727
3640938,9.28636e+07,37748727,1.7008e+07
#3822984,74014021,75497463
#3822984,73506242,75497463
#3822984,74438131,75497463
#3822984,73995237,75497463
#3822984,80335138,75497463
3822984,7.52578e+07,75497463,5.11157e+06
#4014133,76219271,75497463
#4014133,82764817,75497463
#4014133,79613406,75497463
#4014133,77253231,75497463
#4014133,77082546,75497463
4014133,7.85867e+07,75497463,4.74604e+06
#4214839,77675563,75497463
#4214839,87585156,75497463
#4214839,83165289,75497463
#4214839,82017042,75497463
#4214839,80247344,75497463
4214839,8.21381e+07,75497463,6.58662e+06
#4425580,123208325,75497463
#4425580,102880672,75497463
#4425580,96482488,75497463
#4425580,97758773,75497463
#4425580,121294262,75497463
4425580,1.08325e+08,75497463,2.31732e+07
#4646859,88180775,75497463
#4646859,101916179,75497463
#4646859,91907551,75497463
#4646859,90524881,75497463
#4646859,89908376,75497463
4646859,9.24876e+07,75497463,9.72781e+06
#4879201,110678507,75497463
#4879201,137300558,75497463
#4879201,118845385,75497463
#4879201,140327950,75497463
#4879201,106990466,75497463
4879201,1.22829e+08,75497463,2.72764e+07
#5123161,108448788,75497463
#5123161,117174869,75497463
#5123161,115740772,75497463
#5123161,108082708,75497463
#5123161,108748851,75497463
5123161,1.11639e+08,75497463,7.93211e+06
#5379319,126948893,75497463
#5379319,126640962,75497463
#5379319,137586157,75497463
#5379319,123473095,75497463
#5379319,116241588,75497463
5379319,1.26178e+08,75497463,1.37696e+07
#5648284,138917786,75497463
#5648284,133838442,75497463
#5648284,127019793,75497463
#5648284,124951077,75497463
#5648284,126461855,75497463
5648284,1.30238e+08,75497463,1.06158e+07
#5930698,152920555,75497463
#5930698,138341417,75497463
#5930698,133410067,75497463
#5930698,133797358,75497463
#5930698,138455588,75497463
5930698,1.39385e+08,75497463,1.4201e+07
#6227232,143125170,75497463
#6227232,146598657,75497463
#6227232,141775262,75497463
#6227232,169397313,75497463
#6227232,217575338,75497463
6227232,1.63694e+08,75497463,5.74908e+07
#6538593,161648961,75497463
#6538593,164767281,75497463
#6538593,174825431,75497463
#6538593,156692004,75497463
#6538593,156236206,75497463
6538593,1.62834e+08,75497463,1.35703e+07
#6865522,193738160,75497463
#6865522,192485126,75497463
#6865522,187761516,75497463
#6865522,188898842,75497463
#6865522,188725251,75497463
6865522,1.90322e+08,75497463,4.68874e+06
#7208798,238251135,75497463
#7208798,233680204,75497463
#7208798,234892359,75497463
#7208798,236883363,75497463
#7208798,236020257,75497463
7208798,2.35945e+08,75497463,3.15491e+06
#7569237,180133443,150994935
#7569237,184721298,150994935
#7569237,184431305,150994935
#7569237,184090421,150994935
#7569237,184265463,150994935
7569237,1.83528e+08,150994935,3.4203e+06
#7947698,201623478,150994935
#7947698,204517054,150994935
#7947698,203447735,150994935
#7947698,204592680,150994935
#7947698,215451116,150994935
7947698,2.05926e+08,150994935,9.76296e+06
#8345082,234798171,150994935
#8345082,232278262,150994935
#8345082,219482410,150994935
#8345082,236884495,150994935
#8345082,212318365,150994935
8345082,2.27152e+08,150994935,1.91483e+07
#8762336,248789329,150994935
#8762336,248510244,150994935
#8762336,241857251,150994935
#8762336,245741529,150994935
#8762336,245011744,150994935
8762336,2.45982e+08,150994935,5.0822e+06
#9200452,252995601,150994935
#9200452,254107439,150994935
#9200452,252880770,150994935
#9200452,257998713,150994935
#9200452,268153579,150994935
9200452,2.57227e+08,150994935,1.15416e+07
#9660474,364665644,150994935
#9660474,310799303,150994935
#9660474,341663028,150994935
#9660474,307356027,150994935
#9660474,366448095,150994935
9660474,3.38186e+08,150994935,5.06954e+07
