#1,493,256
#1,111,256
#1,51,256
#1,52,256
#1,50,256
1,151.4,256,344.749
#2,133,256
#2,72,256
#2,66,256
#2,67,256
#2,66,256
2,80.8,256,52.3893
#3,75,256
#3,63,256
#3,64,256
#3,61,256
#3,61,256
3,64.8,256,10.4614
#4,70,256
#4,75,256
#4,69,256
#4,69,256
#4,68,256
4,70.2,256,4.96387
#5,78,256
#5,80,256
#5,73,256
#5,75,256
#5,72,256
5,75.6,256,6.01332
#6,131,256
#6,129,256
#6,86,256
#6,86,256
#6,87,256
6,103.8,256,42.8093
#7,114,256
#7,120,256
#7,94,256
#7,93,256
#7,90,256
7,102.2,256,24.6057
#8,100,256
#8,121,256
#8,116,256
#8,109,256
#8,112,256
8,111.6,256,14.1195
#9,122,256
#9,115,256
#9,108,256
#9,112,256
#9,106,256
9,112.6,256,11.2854
#10,152,256
#10,139,256
#10,138,256
#10,137,256
#10,136,256
10,140.4,256,11.7712
#11,156,256
#11,173,256
#11,113,256
#11,116,256
#11,113,256
11,134.2,256,50.6818
#12,136,256
#12,138,256
#12,124,256
#12,127,256
#12,125,256
12,130,256,11.6619
#13,141,384
#13,142,384
#13,148,384
#13,137,384
#13,132,384
13,140,384,10.6583
#14,142,384
#14,154,384
#14,147,384
#14,138,384
#14,143,384
14,144.8,384,10.837
#15,227,384
#15,199,384
#15,140,384
#15,147,384
#15,148,384
15,172.2,384,69.1595
#16,249,384
#16,259,384
#16,145,384
#16,147,384
#16,151,384
16,190.2,384,104.448
#17,196,384
#17,201,384
#17,189,384
#17,189,384
#17,187,384
17,192.4,384,10.5527
#18,166,384
#18,174,384
#18,188,384
#18,174,384
#18,169,384
18,174.2,384,15.0944
#19,218,384
#19,187,384
#19,199,384
#19,180,384
#19,179,384
19,192.6,384,29.1369
#20,196,384
#20,204,384
#20,191,384
#20,188,384
#20,168,384
20,189.4,384,23.9867
#21,441,384
#21,428,384
#21,337,384
#21,251,384
#21,196,384
21,330.6,384,192.186
#22,311,384
#22,257,384
#22,261,384
#22,214,384
#22,183,384
22,245.2,384,87.4565
#23,222,384
#23,240,384
#23,241,384
#23,242,384
#23,187,384
23,226.4,384,42.078
#24,236,384
#24,210,384
#24,204,384
#24,191,384
#24,196,384
24,207.4,384,31.435
#25,278,640
#25,257,640
#25,251,640
#25,251,640
#25,252,640
25,257.8,640,20.6843
#26,251,640
#26,233,640
#26,251,640
#26,240,640
#26,218,640
26,238.6,640,24.7419
#27,302,640
#27,303,640
#27,285,640
#27,287,640
#27,279,640
27,291.2,640,19.2
#28,295,640
#28,291,640
#28,250,640
#28,245,640
#28,246,640
28,265.4,640,45.2654
#29,372,640
#29,359,640
#29,330,640
#29,302,640
#29,253,640
29,323.2,640,85.261
#30,530,640
#30,467,640
#30,395,640
#30,266,640
#30,275,640
30,386.6,640,208.033
#31,299,640
#31,291,640
#31,304,640
#31,317,640
#31,278,640
31,297.8,640,26.0277
#32,473,640
#32,478,640
#32,359,640
#32,294,640
#32,287,640
32,378.2,640,166.668
#33,356,640
#33,362,640
#33,327,640
#33,285,640
#33,266,640
33,319.2,640,76.1409
#34,628,640
#34,581,640
#34,454,640
#34,359,640
#34,288,640
34,462,640,257.163
#35,434,640
#35,387,640
#35,380,640
#35,260,640
#35,293,640
35,350.8,640,128.595
#36,783,640
#36,652,640
#36,380,640
#36,349,640
#36,365,640
36,505.8,640,356.035
#37,355,896
#37,368,896
#37,355,896
#37,321,896
#37,316,896
37,343,896,41.2408
#38,359,896
#38,376,896
#38,343,896
#38,339,896
#38,310,896
38,345.4,896,44.0109
#39,603,896
#39,473,896
#39,376,896
#39,359,896
#39,328,896
39,427.8,896,200.229
#40,438,896
#40,452,896
#40,324,896
#40,349,896
#40,341,896
40,380.8,896,106.444
#42,396,896
#42,391,896
#42,395,896
#42,382,896
#42,370,896
42,386.8,896,19.4895
#44,608,896
#44,598,896
#44,462,896
#44,385,896
#44,384,896
44,487.4,896,197.178
#46,444,896
#46,451,896
#46,446,896
#46,402,896
#46,357,896
46,420,896,72.1443
#48,673,896
#48,644,896
#48,536,896
#48,433,896
#48,424,896
48,542,896,206.7
#50,798,1152
#50,767,1152
#50,486,1152
#50,395,1152
#50,454,1152
50,580,1152,336.369
#52,802,1152
#52,808,1152
#52,556,1152
#52,427,1152
#52,436,1152
52,605.8,1152,337.829
#54,1139,1152
#54,541,1152
#54,506,1152
#54,434,1152
#54,431,1152
54,610.2,1152,535.488
#56,18702,1152
#56,739,1152
#56,520,1152
#56,434,1152
#56,448,1152
56,4168.6,1152,14535
#58,787,1152
#58,766,1152
#58,584,1152
#58,425,1152
#58,430,1152
58,598.4,1152,312.785
#60,1062,1152
#60,969,1152
#60,494,1152
#60,531,1152
#60,482,1152
60,707.6,1152,507.257
#63,646,1280
#63,615,1280
#63,565,1280
#63,518,1280
#63,503,1280
63,569.4,1280,109.607
#66,973,1280
#66,895,1280
#66,733,1280
#66,580,1280
#66,549,1280
66,746,1280,334.979
#69,943,1280
#69,961,1280
#69,736,1280
#69,646,1280
#69,594,1280
69,776,1280,301.646
#72,897,1280
#72,758,1280
#72,583,1280
#72,606,1280
#72,518,1280
72,672.4,1280,274.245
#75,638,1536
#75,703,1536
#75,655,1536
#75,591,1536
#75,578,1536
75,633,1536,90.3239
#78,811,1536
#78,812,1536
#78,728,1536
#78,589,1536
#78,592,1536
78,706.4,1536,198.855
#81,804,1536
#81,846,1536
#81,656,1536
#81,598,1536
#81,632,1536
81,707.2,1536,197.66
#85,1000,1536
#85,870,1536
#85,691,1536
#85,686,1536
#85,589,1536
85,767.2,1536,295.186
#89,825,1536
#89,846,1536
#89,700,1536
#89,640,1536
#89,659,1536
89,734,1536,170.744
#93,808,1536
#93,771,1536
#93,767,1536
#93,784,1536
#93,766,1536
93,779.2,1536,31.5316
#97,1348,1536
#97,1261,1536
#97,1060,1536
#97,865,1536
#97,814,1536
97,1069.6,1536,420.88
#101,1162,1792
#101,1049,1792
#101,849,1792
#101,750,1792
#101,730,1792
101,908,1792,340.031
#106,870,1792
#106,861,1792
#106,879,1792
#106,786,1792
#106,774,1792
106,834,1792,89.2368
#111,1057,1792
#111,1046,1792
#111,777,1792
#111,788,1792
#111,732,1792
111,880,1792,282.647
#116,2061,1792
#116,1815,1792
#116,1214,1792
#116,1033,1792
#116,987,1792
116,1422,1792,870.209
#121,2086,1792
#121,1526,1792
#121,1057,1792
#121,1018,1792
#121,969,1792
121,1331.2,1792,854.231
#127,1600,2048
#127,1398,2048
#127,1019,2048
#127,978,2048
#127,908,2048
127,1180.6,2048,540.097
#133,1494,2048
#133,1364,2048
#133,1127,2048
#133,995,2048
#133,979,2048
133,1191.8,2048,409.088
#139,1542,2048
#139,1511,2048
#139,1208,2048
#139,1129,2048
#139,1094,2048
139,1296.8,2048,382.805
#145,2011,2048
#145,1712,2048
#145,1161,2048
#145,1054,2048
#145,1052,2048
145,1398,2048,784.136
#152,1201,2432
#152,1165,2432
#152,1070,2432
#152,1029,2432
#152,1021,2432
152,1097.2,2432,145.791
#159,1737,2432
#159,1696,2432
#159,1101,2432
#159,1100,2432
#159,1155,2432
159,1357.8,2432,587.678
#166,2215,2432
#166,2092,2432
#166,1592,2432
#166,1391,2432
#166,1236,2432
166,1705.2,2432,770.036
#174,2763,2432
#174,2457,2432
#174,1722,2432
#174,1526,2432
#174,1410,2432
174,1975.6,2432,1072.6
#182,3862,2432
#182,3285,2432
#182,2582,2432
#182,2430,2432
#182,2172,2432
182,2866.2,2432,1239.34
#191,1783,2816
#191,1497,2816
#191,1453,2816
#191,1385,2816
#191,1387,2816
191,1501,2816,294.341
#200,1970,2816
#200,1832,2816
#200,1594,2816
#200,1478,2816
#200,1455,2816
200,1665.8,2816,404.99
#210,2077,2816
#210,2018,2816
#210,1609,2816
#210,1509,2816
#210,1444,2816
210,1731.4,2816,528.107
#220,3359,2816
#220,2926,2816
#220,2145,2816
#220,1869,2816
#220,1692,2816
220,2398.2,2816,1278.93
#231,2268,3328
#231,2108,3328
#231,1747,3328
#231,1692,3328
#231,1625,3328
231,1888,3328,506.175
#242,2453,3328
#242,2305,3328
#242,1836,3328
#242,1760,3328
#242,1748,3328
242,2020.4,3328,596.089
#254,3207,3328
#254,2816,3328
#254,2196,3328
#254,2029,3328
#254,1929,3328
254,2435.4,3328,987.578
#266,3479,3328
#266,2878,3328
#266,2338,3328
#266,2094,3328
#266,1963,3328
266,2550.4,3328,1120.03
#279,3020,3840
#279,2849,3840
#279,2291,3840
#279,2273,3840
#279,2172,3840
279,2521,3840,688.645
#292,3504,3840
#292,3227,3840
#292,2550,3840
#292,2348,3840
#292,2423,3840
292,2810.4,3840,932.239
#306,4421,3840
#306,3803,3840
#306,3026,3840
#306,2671,3840
#306,2477,3840
306,3279.6,3840,1457.56
#321,3199,4480
#321,2927,4480
#321,2559,4480
#321,2508,4480
#321,2425,4480
321,2723.6,4480,586.594
#337,5608,4480
#337,4766,4480
#337,4025,4480
#337,3491,4480
#337,3376,4480
337,4253.2,4480,1673.55
#353,4367,4480
#353,4161,4480
#353,3572,4480
#353,3222,4480
#353,2995,4480
353,3663.4,4480,1055.5
#370,6604,4480
#370,5630,4480
#370,4479,4480
#370,4196,4480
#370,4115,4480
370,5004.8,4480,1933.01
#388,4590,5248
#388,4073,5248
#388,3364,5248
#388,3104,5248
#388,3028,5248
388,3631.8,5248,1209.19
#407,5241,5248
#407,4639,5248
#407,3997,5248
#407,3755,5248
#407,3471,5248
407,4220.6,5248,1279.05
#427,7333,5248
#427,6435,5248
#427,5441,5248
#427,4955,5248
#427,4681,5248
427,5769,5248,1968.47
#448,6498,5248
#448,5600,5248
#448,4719,5248
#448,4333,5248
#448,4131,5248
448,5056.2,5248,1758.91
#470,4383,6144
#470,3856,6144
#470,3594,6144
#470,3477,6144
#470,3300,6144
470,3722,6144,753.323
#493,5237,6144
#493,4771,6144
#493,4138,6144
#493,3909,6144
#493,3546,6144
493,4320.2,6144,1215.04
#517,4805,6144
#517,4571,6144
#517,4098,6144
#517,3865,6144
#517,3902,6144
517,4248.2,6144,750.191
#542,4455,7168
#542,4439,7168
#542,4051,7168
#542,3676,7168
#542,3678,7168
542,4059.8,7168,688.841
#569,6491,7168
#569,6033,7168
#569,5296,7168
#569,5032,7168
#569,4798,7168
569,5530,7168,1269.68
#597,6640,7168
#597,6196,7168
#597,5696,7168
#597,5144,7168
#597,4814,7168
597,5698,7168,1333.79
#626,9744,7168
#626,9130,7168
#626,8471,7168
#626,7918,7168
#626,7579,7168
626,8568.4,7168,1577.05
#657,7342,8320
#657,6806,8320
#657,5780,8320
#657,5369,8320
#657,5110,8320
657,6081.4,8320,1710.24
#689,6937,8320
#689,6651,8320
#689,5932,8320
#689,5302,8320
#689,5129,8320
689,5990.2,8320,1428.78
#723,9260,8320
#723,8135,8320
#723,7440,8320
#723,6921,8320
#723,6723,8320
723,7695.8,8320,1844.28
#759,6849,9728
#759,6639,9728
#759,6008,9728
#759,5669,9728
#759,5654,9728
759,6163.8,9728,989.671
#796,8662,9728
#796,8404,9728
#796,7695,9728
#796,7153,9728
#796,6662,9728
796,7715.2,9728,1495.75
#835,9601,9728
#835,9131,9728
#835,8000,9728
#835,7668,9728
#835,7518,9728
835,8383.6,9728,1661.12
#876,12749,9728
#876,12385,9728
#876,11382,9728
#876,10775,9728
#876,9981,9728
876,11454.4,9728,2035.63
#919,10521,11392
#919,9376,11392
#919,8582,11392
#919,8004,11392
#919,7571,11392
919,8810.8,11392,2094.68
#964,11847,11392
#964,11551,11392
#964,10406,11392
#964,9700,11392
#964,9464,11392
964,10593.6,11392,1917.78
#1012,15336,11392
#1012,14715,11392
#1012,13693,11392
#1012,12628,11392
#1012,12024,11392
1012,13679.2,11392,2475.93
#1062,10743,13312
#1062,10248,13312
#1062,9419,13312
#1062,8762,13312
#1062,8478,13312
1062,9530,13312,1719.47
#1115,12916,13312
#1115,12732,13312
#1115,11585,13312
#1115,10617,13312
#1115,10070,13312
1115,11584,13312,2248.45
#1170,13294,13312
#1170,12594,13312
#1170,11976,13312
#1170,11187,13312
#1170,10771,13312
1170,11964.4,13312,1831.48
#1228,10791,15488
#1228,10428,15488
#1228,9667,15488
#1228,8879,15488
#1228,8672,15488
1228,9687.4,15488,1661.66
#1289,13222,15488
#1289,12848,15488
#1289,11657,15488
#1289,10789,15488
#1289,10523,15488
1289,11807.8,15488,2152.84
#1353,15052,15488
#1353,14360,15488
#1353,13019,15488
#1353,12280,15488
#1353,11760,15488
1353,13294.2,15488,2479.34
#1420,22805,15488
#1420,21882,15488
#1420,19814,15488
#1420,19536,15488
#1420,18608,15488
1420,20529,15488,3123.88
#1491,15018,18048
#1491,14377,18048
#1491,13027,18048
#1491,12351,18048
#1491,12260,18048
1491,13406.6,18048,2211.13
#1565,16867,18048
#1565,16489,18048
#1565,15194,18048
#1565,14261,18048
#1565,13629,18048
1565,15288,18048,2490.22
#1643,21026,18048
#1643,20293,18048
#1643,18673,18048
#1643,17601,18048
#1643,17190,18048
1643,18956.6,18048,2980.92
#1725,14286,20992
#1725,14129,20992
#1725,13131,20992
#1725,12369,20992
#1725,12250,20992
1725,13233,20992,1705.24
#1811,22147,20992
#1811,21446,20992
#1811,19885,20992
#1811,19057,20992
#1811,18199,20992
1811,20146.8,20992,2931.05
#1901,20817,20992
#1901,20505,20992
#1901,18738,20992
#1901,17625,20992
#1901,17516,20992
1901,19040.2,20992,2788.54
#1996,16838,24448
#1996,16273,24448
#1996,15351,24448
#1996,14827,24448
#1996,14759,24448
1996,15609.6,24448,1637.54
#2095,20133,24448
#2095,19964,24448
#2095,18648,24448
#2095,17942,24448
#2095,17606,24448
2095,18858.6,24448,2059.03
#2199,25025,24448
#2199,24795,24448
#2199,23293,24448
#2199,22291,24448
#2199,21820,24448
2199,23444.8,24448,2579.05
#2308,20042,28544
#2308,19578,28544
#2308,18486,28544
#2308,17688,28544
#2308,17293,28544
2308,18617.4,28544,2114.2
#2423,22701,28544
#2423,22433,28544
#2423,21209,28544
#2423,20449,28544
#2423,20279,28544
2423,21414.2,28544,1991.22
#2544,27660,28544
#2544,26650,28544
#2544,25156,28544
#2544,24063,28544
#2544,23480,28544
2544,25401.8,28544,3124.56
#2671,28236,28544
#2671,27762,28544
#2671,26021,28544
#2671,25297,28544
#2671,24819,28544
2671,26427,28544,2695.49
#2804,22625,33280
#2804,22374,33280
#2804,21325,33280
#2804,20953,33280
#2804,20649,33280
2804,21585.2,33280,1561.34
#2944,29097,33280
#2944,28966,33280
#2944,27184,33280
#2944,26238,33280
#2944,25938,33280
2944,27484.6,33280,2657.93
#3091,40667,33280
#3091,39784,33280
#3091,37480,33280
#3091,36329,33280
#3091,35199,33280
3091,37891.8,33280,4112.93
#3245,27126,38784
#3245,26731,38784
#3245,25197,38784
#3245,24395,38784
#3245,23963,38784
3245,25482.4,38784,2503.26
#3407,29062,38784
#3407,28942,38784
#3407,27401,38784
#3407,26273,38784
#3407,25899,38784
3407,27515.4,38784,2622.45
#3577,37378,38784
#3577,37443,38784
#3577,35364,38784
#3577,34354,38784
#3577,33441,38784
3577,35596,38784,3203.42
#3755,27199,45184
#3755,27087,45184
#3755,26284,45184
#3755,25646,45184
#3755,25282,45184
3755,26299.6,45184,1521.02
#3942,35911,45184
#3942,35705,45184
#3942,34050,45184
#3942,32845,45184
#3942,32185,45184
3942,34139.2,45184,2978.97
#4139,40632,45184
#4139,40368,45184
#4139,41361,45184
#4139,36885,45184
#4139,50825,45184
4139,42014.2,45184,9337.49
#4345,30538,52736
#4345,30492,52736
#4345,29330,52736
#4345,28820,52736
#4345,28500,52736
4345,29536,52736,1684.36
#4562,35166,52736
#4562,35011,52736
#4562,33404,52736
#4562,32687,52736
#4562,32453,52736
4562,33744.2,52736,2285.07
#4790,46064,52736
#4790,45380,52736
#4790,43851,52736
#4790,42138,52736
#4790,41789,52736
4790,43844.4,52736,3396.61
#5029,33116,61568
#5029,33075,61568
#5029,31749,61568
#5029,31116,61568
#5029,30843,61568
5029,31979.8,61568,1914.61
#5280,42385,61568
#5280,41998,61568
#5280,40833,61568
#5280,39902,61568
#5280,39104,61568
5280,40844.4,61568,2469.25
#5544,48961,61568
#5544,48246,61568
#5544,46753,61568
#5544,45805,61568
#5544,44920,61568
5544,46937,61568,2992.47
#5821,70557,61568
#5821,69952,61568
#5821,68136,61568
#5821,67398,61568
#5821,66541,61568
5821,68516.8,61568,3036.15
#6112,44303,71808
#6112,44048,71808
#6112,42762,71808
#6112,41972,71808
#6112,41427,71808
6112,42902.4,71808,2251.44
#6417,52711,71808
#6417,52225,71808
#6417,50625,71808
#6417,49191,71808
#6417,48691,71808
6417,50688.6,71808,3185.95
#6737,66467,71808
#6737,66125,71808
#6737,64641,71808
#6737,62979,71808
#6737,61569,71808
6737,64356.2,71808,3723.48
#7073,43884,83712
#7073,43544,83712
#7073,42364,83712
#7073,42015,83712
#7073,54202,83712
7073,45201.8,83712,9108.12
#7426,58063,83712
#7426,57341,83712
#7426,55861,83712
#7426,54555,83712
#7426,54418,83712
7426,56047.6,83712,2919.31
#7797,72921,83712
#7797,72322,83712
#7797,71103,83712
#7797,70295,83712
#7797,68736,83712
7797,71075.4,83712,2972.25
#8186,50548,97664
#8186,50284,97664
#8186,51566,97664
#8186,49513,97664
#8186,48092,97664
8186,50000.6,97664,2317.06
#8595,61709,97664
#8595,61112,97664
#8595,59883,97664
#8595,58825,97664
#8595,58358,97664
8595,59977.4,97664,2568.29
#9024,81450,97664
#9024,80884,97664
#9024,78597,97664
#9024,84386,97664
#9024,77085,97664
9024,80480.4,97664,5014.59
#9475,54789,113920
#9475,54604,113920
#9475,53358,113920
#9475,52535,113920
#9475,52289,113920
9475,53515,113920,2058.57
#9948,69270,113920
#9948,68950,113920
#9948,67362,113920
#9948,66188,113920
#9948,65511,113920
9948,67456.2,113920,2955.99
#10445,91810,113920
#10445,92084,113920
#10445,89935,113920
#10445,89392,113920
#10445,89341,113920
10445,90512.4,113920,2385.72
#10967,59706,132864
#10967,62029,132864
#10967,58527,132864
#10967,57768,132864
#10967,57570,132864
10967,59120,132864,3272.64
#11515,79424,132864
#11515,79146,132864
#11515,77299,132864
#11515,76409,132864
#11515,76094,132864
11515,77674.4,132864,2751.95
#12090,93877,132864
#12090,93517,132864
#12090,91975,132864
#12090,90202,132864
#12090,90222,132864
12090,91958.6,132864,3125.45
#12694,71994,155008
#12694,71771,155008
#12694,70756,155008
#12694,69923,155008
#12694,69767,155008
12694,70842.2,155008,1832.53
#13328,85201,155008
#13328,85186,155008
#13328,83677,155008
#13328,82654,155008
#13328,82154,155008
13328,83774.4,155008,2516.87
#13994,105789,155008
#13994,105772,155008
#13994,104036,155008
#13994,102529,155008
#13994,102213,155008
13994,104068,155008,3056.28
#14693,161954,155008
#14693,158115,155008
#14693,156724,155008
#14693,156495,155008
#14693,156139,155008
14693,157885,155008,4283.76
#15427,95893,180864
#15427,95625,180864
#15427,94614,180864
#15427,93832,180864
#15427,96346,180864
15427,95262,180864,1826.43
#16198,126368,180864
#16198,126061,180864
#16198,124886,180864
#16198,123734,180864
#16198,123572,180864
16198,124924,180864,2301.89
#17007,167654,180864
#17007,168201,180864
#17007,166686,180864
#17007,166200,180864
#17007,166377,180864
17007,167024,180864,1547.66
#17857,125096,210944
#17857,110521,210944
#17857,109557,210944
#17857,109125,210944
#17857,108683,210944
17857,112596,210944,12558.7
#18749,152133,210944
#18749,151510,210944
#18749,150869,210944
#18749,149872,210944
#18749,149930,210944
18749,150863,210944,1762.75
#19686,186672,210944
#19686,185782,210944
#19686,184521,210944
#19686,183519,210944
#19686,193539,210944
19686,186807,210944,7066.85
#20670,134360,246144
#20670,134393,246144
#20670,132677,246144
#20670,132328,246144
#20670,131985,246144
20670,133149,246144,2052.47
#21703,170624,246144
#21703,168109,246144
#21703,167360,246144
#21703,166596,246144
#21703,166109,246144
21703,167760,246144,3170.49
#22788,243173,246144
#22788,243575,246144
#22788,241660,246144
#22788,241099,246144
#22788,241209,246144
22788,242143,246144,2060.51
#23927,160343,287104
#23927,159085,287104
#23927,157741,287104
#23927,157052,287104
#23927,156529,287104
23927,158150,287104,2783.38
#25123,197734,287104
#25123,198748,287104
#25123,204086,287104
#25123,188465,287104
#25123,187611,287104
25123,195329,287104,12675.7
#26379,251421,287104
#26379,250380,287104
#26379,249212,287104
#26379,247823,287104
#26379,246994,287104
26379,249166,287104,3235.08
#27697,183999,334976
#27697,183616,334976
#27697,181757,334976
#27697,181172,334976
#27697,185089,334976
27697,183127,334976,2904.87
#29081,223043,334976
#29081,222977,334976
#29081,221949,334976
#29081,224806,334976
#29081,221140,334976
29081,222783,334976,2464.59
#30535,273961,334976
#30535,272659,334976
#30535,278105,334976
#30535,271201,334976
#30535,289277,334976
30535,277041,334976,13073.5
#32061,214681,390784
#32061,214803,390784
#32061,213037,390784
#32061,212688,390784
#32061,211743,390784
32061,213390,390784,2365.29
#33664,272590,390784
#33664,253005,390784
#33664,252201,390784
#33664,255257,390784
#33664,269310,390784
33664,260473,390784,17350.9
#35347,340984,390784
#35347,326298,390784
#35347,325031,390784
#35347,325681,390784
#35347,325886,390784
35347,328776,390784,12235.4
#37114,434466,390784
#37114,439695,390784
#37114,436081,390784
#37114,435294,390784
#37114,441790,390784
37114,437465,390784,5607.23
#38969,293994,455936
#38969,290472,455936
#38969,288925,455936
#38969,289650,455936
#38969,288598,455936
38969,290328,455936,3886.52
#40917,390160,455936
#40917,391878,455936
#40917,376392,455936
#40917,395776,455936
#40917,386161,455936
40917,388073,455936,13214.3
#42962,463870,455936
#42962,463390,455936
#42962,470806,455936
#42962,487576,455936
#42962,476034,455936
42962,472335,455936,17888
#45110,340092,531968
#45110,339556,531968
#45110,337492,531968
#45110,356231,531968
#45110,345037,531968
45110,343682,531968,13492
#47365,514126,531968
#47365,444173,531968
#47365,465685,531968
#47365,454683,531968
#47365,453315,531968
47365,466396,531968,49645.4
#49733,555398,531968
#49733,553645,531968
#49733,581249,531968
#49733,568538,531968
#49733,566209,531968
49733,565008,531968,19982.9
#52219,393196,620672
#52219,392204,620672
#52219,392431,620672
#52219,394302,620672
#52219,395195,620672
52219,393466,620672,2267.18
#54829,486743,620672
#54829,488371,620672
#54829,484842,620672
#54829,502640,620672
#54829,497366,620672
54829,491992,620672,13683.4
#57570,606145,620672
#57570,657958,620672
#57570,586990,620672
#57570,683421,620672
#57570,607397,620672
57570,628382,620672,72399.9
#60448,473757,724096
#60448,451951,724096
#60448,463056,724096
#60448,453790,724096
#60448,455108,724096
60448,459532,724096,16119.1
#63470,564709,724096
#63470,561111,724096
#63470,550115,724096
#63470,577132,724096
#63470,564041,724096
63470,563422,724096,17260.8
#66643,739256,724096
#66643,756352,724096
#66643,744030,724096
#66643,784623,724096
#66643,770206,724096
66643,758893,724096,33502.2
#69975,556030,844800
#69975,549747,844800
#69975,541219,844800
#69975,583950,844800
#69975,571365,844800
69975,560462,844800,30663.4
#73473,642235,844800
#73473,659445,844800
#73473,664645,844800
#73473,680627,844800
#73473,676803,844800
73473,664751,844800,27312
#77146,828926,844800
#77146,858102,844800
#77146,837252,844800
#77146,834226,844800
#77146,827911,844800
77146,837283,844800,21917.1
#81003,584819,985600
#81003,578439,985600
#81003,579168,985600
#81003,578897,985600
#81003,592945,985600
81003,582854,985600,11114.9
#85053,699518,985600
#85053,696335,985600
#85053,697650,985600
#85053,727887,985600
#85053,743366,985600
85053,712951,985600,38354.3
#89305,903990,985600
#89305,929369,985600
#89305,950166,985600
#89305,952861,985600
#89305,926618,985600
89305,932601,985600,35595.8
#93770,1218387,985600
#93770,1205556,985600
#93770,1243634,985600
#93770,1242786,985600
#93770,1202838,985600
93770,1.22264e+06,985600,35198.6
#98458,817171,1149824
#98458,773488,1149824
#98458,798325,1149824
#98458,785348,1149824
#98458,786796,1149824
98458,792226,1149824,29493.8
#103380,1018879,1149824
#103380,1013933,1149824
#103380,1032821,1149824
#103380,1052884,1149824
#103380,1070309,1149824
103380,1.03777e+06,1149824,42301.6
#108549,1306178,1149824
#108549,1332092,1149824
#108549,1341407,1149824
#108549,1379680,1149824
#108549,1357078,1149824
108549,1.34329e+06,1149824,49157.6
#113976,908491,1341440
#113976,907691,1341440
#113976,895196,1341440
#113976,895788,1341440
#113976,952149,1341440
113976,911863,1341440,41837.1
#119674,1157818,1341440
#119674,1153329,1341440
#119674,1151369,1341440
#119674,1188520,1341440
#119674,1197252,1341440
119674,1.16966e+06,1341440,38559.2
#125657,1495705,1341440
#125657,1489553,1341440
#125657,1524502,1341440
#125657,1574082,1341440
#125657,1534191,1341440
125657,1.52361e+06,1341440,60654.7
#131939,1010940,1565056
#131939,1034840,1565056
#131939,1003679,1565056
#131939,1043174,1565056
#131939,1019225,1565056
131939,1.02237e+06,1565056,29369.3
#138535,1215846,1565056
#138535,1238815,1565056
#138535,1212961,1565056
#138535,1259885,1565056
#138535,1245984,1565056
138535,1.2347e+06,1565056,35850.8
#145461,1621810,1565056
#145461,1663174,1565056
#145461,1645964,1565056
#145461,1656667,1565056
#145461,1689494,1565056
145461,1.65542e+06,1565056,44197.4
#152734,1196032,1825920
#152734,1228063,1825920
#152734,1210603,1825920
#152734,1199355,1825920
#152734,1177696,1825920
152734,1.20235e+06,1825920,33298.4
#160370,1484942,1825920
#160370,1498975,1825920
#160370,1492965,1825920
#160370,1469119,1825920
#160370,1492235,1825920
160370,1.48765e+06,1825920,20557.4
#168388,1911564,1825920
#168388,1945409,1825920
#168388,1930797,1825920
#168388,1975011,1825920
#168388,1967048,1825920
168388,1.94597e+06,1825920,46492.7
#176807,1304629,2130176
#176807,1295007,2130176
#176807,1302846,2130176
#176807,1308515,2130176
#176807,1303937,2130176
176807,1.30299e+06,2130176,8847.95
#185647,1576359,2130176
#185647,1602644,2130176
#185647,1636821,2130176
#185647,1620435,2130176
#185647,1618547,2130176
185647,1.61096e+06,2130176,40816.8
#194929,2046767,2130176
#194929,2103380,2130176
#194929,2056464,2130176
#194929,2129704,2130176
#194929,2068158,2130176
194929,2.08089e+06,2130176,62043.3
#204675,1512328,2485248
#204675,1467322,2485248
#204675,1479643,2485248
#204675,1465327,2485248
#204675,1465264,2485248
204675,1.47798e+06,2485248,35977.1
#214908,1782736,2485248
#214908,1837653,2485248
#214908,1797392,2485248
#214908,1790310,2485248
#214908,1793781,2485248
214908,1.80037e+06,2485248,38517.2
#225653,2282798,2485248
#225653,2299337,2485248
#225653,2257048,2485248
#225653,2242726,2485248
#225653,2268304,2485248
225653,2.27004e+06,2485248,39384.7
#236935,3078867,2485248
#236935,2980806,2485248
#236935,3043404,2485248
#236935,3089597,2485248
#236935,3049279,2485248
236935,3.04839e+06,2485248,76000.6
#248781,2084378,2899456
#248781,2103843,2899456
#248781,2132692,2899456
#248781,2195003,2899456
#248781,2163724,2899456
248781,2.13593e+06,2899456,79798.7
#261220,2644482,2899456
#261220,2746718,2899456
#261220,2714343,2899456
#261220,2712320,2899456
#261220,2736375,2899456
261220,2.71085e+06,2899456,71314
#274281,3475454,2899456
#274281,3591223,2899456
#274281,3530997,2899456
#274281,3540685,2899456
#274281,3677885,2899456
274281,3.56325e+06,2899456,136180
#287995,2315187,3382656
#287995,2350447,3382656
#287995,2323974,3382656
#287995,2348340,3382656
#287995,2421953,3382656
287995,2.35198e+06,3382656,75099.3
#302394,2982041,3382656
#302394,2909208,3382656
#302394,2926671,3382656
#302394,2942448,3382656
#302394,2960898,3382656
302394,2.94425e+06,3382656,50955.1
#317513,3779066,3382656
#317513,3797883,3382656
#317513,3768524,3382656
#317513,3803853,3382656
#317513,3895712,3382656
317513,3.80901e+06,3382656,90347.8
#333388,2808075,3946368
#333388,2643016,3946368
#333388,2665752,3946368
#333388,2597538,3946368
#333388,2698319,3946368
333388,2.68254e+06,3946368,141640
#350057,3514966,3946368
#350057,3325321,3946368
#350057,3357542,3946368
#350057,3419349,3946368
#350057,3369852,3946368
350057,3.39741e+06,3946368,132201
#367559,4187815,3946368
#367559,4307838,3946368
#367559,4294213,3946368
#367559,4407809,3946368
#367559,4399697,3946368
367559,4.31947e+06,3946368,160864
#385936,3405730,4604032
#385936,3125700,4604032
#385936,3371648,4604032
#385936,3207639,4604032
#385936,3185396,4604032
385936,3.25922e+06,4604032,219168
#405232,3782964,4604032
#405232,3724255,4604032
#405232,3801979,4604032
#405232,3805999,4604032
#405232,3804192,4604032
405232,3.78388e+06,4604032,61873.3
#425493,4902389,4604032
#425493,4896241,4604032
#425493,4948658,4604032
#425493,4992310,4604032
#425493,4993320,4604032
425493,4.94658e+06,4604032,83747.4
#446767,4055985,5371392
#446767,3521803,5371392
#446767,3680310,5371392
#446767,3595826,5371392
#446767,3623069,5371392
446767,3.6954e+06,5371392,374734
#469105,4194119,5371392
#469105,4198601,5371392
#469105,4254473,5371392
#469105,4302534,5371392
#469105,4306388,5371392
469105,4.25122e+06,5371392,96815.3
#492560,5333892,5371392
#492560,5480726,5371392
#492560,5494107,5371392
#492560,5529567,5371392
#492560,5559296,5371392
492560,5.47952e+06,5371392,155668
#517188,4714941,6266624
#517188,3880701,6266624
#517188,3959025,6266624
#517188,3984538,6266624
#517188,4018227,6266624
517188,4.11149e+06,6266624,610231
#543047,4967616,6266624
#543047,4895313,6266624
#543047,4894756,6266624
#543047,4931452,6266624
#543047,4898605,6266624
543047,4.91755e+06,6266624,57081.2
#570199,6028817,6266624
#570199,6342846,6266624
#570199,6300212,6266624
#570199,6302528,6266624
#570199,6354851,6266624
570199,6.26585e+06,6266624,240932
#598708,7778855,6266624
#598708,7966928,6266624
#598708,8180154,6266624
#598708,8186676,6266624
#598708,8213444,6266624
598708,8.06521e+06,6266624,336569
#628643,6797859,7311104
#628643,6620613,7311104
#628643,6525360,7311104
#628643,7125586,7311104
#628643,6560477,7311104
628643,6.72598e+06,7311104,441446
#660075,8328801,7311104
#660075,7911666,7311104
#660075,7883051,7311104
#660075,7776222,7311104
#660075,7940624,7311104
660075,7.96807e+06,7311104,377460
#693078,9874636,7311104
#693078,10010040,7311104
#693078,10668930,7311104
#693078,10171591,7311104
#693078,10076842,7311104
693078,1.01604e+07,7311104,544043
#727731,11813532,8529664
#727731,9544672,8529664
#727731,10124375,8529664
#727731,9998270,8529664
#727731,9418052,8529664
727731,1.01798e+07,8529664,1.71785e+06
#764117,9994960,8529664
#764117,9844116,8529664
#764117,10555808,8529664
#764117,10344741,8529664
#764117,11160113,8529664
764117,1.03799e+07,8529664,927860
#802322,13243954,8529664
#802322,12498000,8529664
#802322,12531681,8529664
#802322,12351797,8529664
#802322,14988828,8529664
802322,1.31229e+07,8529664,1.96591e+06
#842438,14562242,9951232
#842438,15639798,9951232
#842438,16244948,9951232
#842438,17097070,9951232
#842438,16939306,9951232
842438,1.60967e+07,9951232,1.85387e+06
#884559,18770562,9951232
#884559,18121337,9951232
#884559,18789386,9951232
#884559,19078337,9951232
#884559,18975703,9951232
884559,1.87471e+07,9951232,666870
#928786,18519897,9951232
#928786,22453593,9951232
#928786,21393252,9951232
#928786,23131575,9951232
#928786,23018056,9951232
928786,2.17033e+07,9951232,3.41311e+06
#975225,19028817,11609728
#975225,20485726,11609728
#975225,21489505,11609728
#975225,22016044,11609728
#975225,22186678,11609728
975225,2.10414e+07,11609728,2.33609e+06
#1023986,22997890,11609728
#1023986,23552909,11609728
#1023986,24408785,11609728
#1023986,25134011,11609728
#1023986,25086912,11609728
1023986,2.42361e+07,11609728,1.68757e+06
#1075185,25649511,11609728
#1075185,27509634,11609728
#1075185,28993385,11609728
#1075185,29084009,11609728
#1075185,29257119,11609728
1075185,2.80987e+07,11609728,2.75082e+06
#1128944,24165803,13544704
#1128944,27351847,13544704
#1128944,28043202,13544704
#1128944,28953674,13544704
#1128944,28527730,13544704
1128944,2.74085e+07,13544704,3.41308e+06
#1185391,27607489,13544704
#1185391,30369012,13544704
#1185391,31493641,13544704
#1185391,31640612,13544704
#1185391,31786896,13544704
1185391,3.05795e+07,13544704,3.13644e+06
#1244660,32651563,13544704
#1244660,35265242,13544704
#1244660,36378028,13544704
#1244660,36658936,13544704
#1244660,37667288,13544704
1244660,3.57242e+07,13544704,3.43261e+06
#1306893,31370751,15802112
#1306893,35448381,15802112
#1306893,36805347,15802112
#1306893,36798247,15802112
#1306893,36737258,15802112
1306893,3.5432e+07,15802112,4.19051e+06
#1372237,36479450,15802112
#1372237,40264275,15802112
#1372237,40946079,15802112
#1372237,40903412,15802112
#1372237,41439010,15802112
1372237,4.00064e+07,15802112,3.60509e+06
#1440848,42765696,15802112
#1440848,46232866,15802112
#1440848,46579811,15802112
#1440848,46712421,15802112
#1440848,46750593,15802112
1440848,4.58083e+07,15802112,3.06441e+06
#1512890,37817868,18435840
#1512890,41622669,18435840
#1512890,42481404,18435840
#1512890,42560742,18435840
#1512890,45412378,18435840
1512890,4.1979e+07,18435840,4.88433e+06
#1588534,45315606,18435840
#1588534,50002673,18435840
#1588534,51149711,18435840
#1588534,50813922,18435840
#1588534,50859984,18435840
1588534,4.96284e+07,18435840,4.37967e+06
#1667960,53718030,18435840
#1667960,54117327,18435840
#1667960,55107986,18435840
#1667960,57218344,18435840
#1667960,55924572,18435840
1667960,5.52173e+07,18435840,2.52573e+06
#1751358,75260473,18435840
#1751358,73792119,18435840
#1751358,72524731,18435840
#1751358,74496624,18435840
#1751358,75261502,18435840
1751358,7.42671e+07,18435840,2.05714e+06
#1838925,54062197,21508480
#1838925,59370136,21508480
#1838925,60577719,21508480
#1838925,59921535,21508480
#1838925,60277692,21508480
1838925,5.88419e+07,21508480,4.84684e+06
#1930871,63868420,21508480
#1930871,68522867,21508480
#1930871,68641826,21508480
#1930871,70191939,21508480
#1930871,69044845,21508480
1930871,6.8054e+07,21508480,4.34852e+06
#2027414,79049933,21508480
#2027414,82311438,21508480
#2027414,82988820,21508480
#2027414,83355543,21508480
#2027414,83259009,21508480
2027414,8.21929e+07,21508480,3.22665e+06
#2128784,70572968,25093248
#2128784,77509394,25093248
#2128784,77322320,25093248
#2128784,77110628,25093248
#2128784,77706347,25093248
2128784,7.60443e+07,25093248,5.4856e+06
#2235223,78085594,25093248
#2235223,83338887,25093248
#2235223,83063126,25093248
#2235223,82887295,25093248
#2235223,83881872,25093248
2235223,8.22514e+07,25093248,4.21979e+06
#2346984,93102050,25093248
#2346984,97698787,25093248
#2346984,97154209,25093248
#2346984,97981419,25093248
#2346984,98778796,25093248
2346984,9.69431e+07,25093248,3.98168e+06
#2464333,77032417,29275392
#2464333,83669575,29275392
#2464333,87997788,29275392
#2464333,85599559,29275392
#2464333,84877660,29275392
2464333,8.38354e+07,29275392,7.36652e+06
#2587549,88351474,29275392
#2587549,94087667,29275392
#2587549,93783002,29275392
#2587549,94805553,29275392
#2587549,93834526,29275392
2587549,9.29724e+07,29275392,4.67825e+06
#2716926,110164969,29275392
#2716926,114479374,29275392
#2716926,113461879,29275392
#2716926,113730374,29275392
#2716926,113931092,29275392
2716926,1.13154e+08,29275392,3.06226e+06
#2852772,98812092,34154624
#2852772,106647799,34154624
#2852772,105287668,34154624
#2852772,105194825,34154624
#2852772,105193380,34154624
2852772,1.04227e+08,34154624,5.52645e+06
#2995410,103423643,34154624
#2995410,109979146,34154624
#2995410,110755164,34154624
#2995410,110430734,34154624
#2995410,109154649,34154624
2995410,1.08749e+08,34154624,5.43251e+06
#3145180,121335046,34154624
#3145180,126450675,34154624
#3145180,126139463,34154624
#3145180,127148822,34154624
#3145180,125769129,34154624
3145180,1.25369e+08,34154624,4.13418e+06
#3302439,116631987,39847040
#3302439,124161907,39847040
#3302439,123068041,39847040
#3302439,122552844,39847040
#3302439,123056596,39847040
3302439,1.21894e+08,39847040,5.36628e+06
#3467560,136551195,39847040
#3467560,139978287,39847040
#3467560,139861750,39847040
#3467560,140254974,39847040
#3467560,140856462,39847040
3467560,1.39501e+08,39847040,3.02854e+06
#3640938,162255941,39847040
#3640938,165522134,39847040
#3640938,165953207,39847040
#3640938,165238434,39847040
#3640938,165056733,39847040
3640938,1.64805e+08,39847040,2.62017e+06
#3822984,127918144,46488192
#3822984,134701253,46488192
#3822984,134051338,46488192
#3822984,133781335,46488192
#3822984,134033605,46488192
3822984,1.32897e+08,46488192,5.01603e+06
#4014133,158563981,46488192
#4014133,162456268,46488192
#4014133,161958697,46488192
#4014133,162031131,46488192
#4014133,162024045,46488192
4014133,1.61407e+08,46488192,2.86473e+06
#4214839,168570848,46488192
#4214839,172032239,46488192
#4214839,172522981,46488192
#4214839,173492869,46488192
#4214839,174084391,46488192
4214839,1.72141e+08,46488192,3.84791e+06
#4425580,218992353,46488192
#4425580,220310043,46488192
#4425580,222443632,46488192
#4425580,217930497,46488192
#4425580,221625868,46488192
4425580,2.2026e+08,46488192,3.30695e+06
#4646859,183884257,54236160
#4646859,186308643,54236160
#4646859,186028435,54236160
#4646859,186065005,54236160
#4646859,186070615,54236160
4646859,1.85671e+08,54236160,1.79816e+06
#4879201,216114210,54236160
#4879201,217926893,54236160
#4879201,217710451,54236160
#4879201,219331958,54236160
#4879201,218275561,54236160
4879201,2.17872e+08,54236160,2.08101e+06
#5123161,270834899,54236160
#5123161,271639567,54236160
#5123161,268039954,54236160
#5123161,272263360,54236160
#5123161,271622538,54236160
5123161,2.7088e+08,54236160,2.98126e+06
#5379319,196801370,63275520
#5379319,196401725,63275520
#5379319,196344123,63275520
#5379319,196466685,63275520
#5379319,203089146,63275520
5379319,1.97821e+08,63275520,5.27808e+06
#5648284,227146240,63275520
#5648284,228385848,63275520
#5648284,228237251,63275520
#5648284,228939399,63275520
#5648284,228906103,63275520
5648284,2.28323e+08,63275520,1.30108e+06
#5930698,280557054,63275520
#5930698,284017213,63275520
#5930698,281972538,63275520
#5930698,280431542,63275520
#5930698,279033059,63275520
5930698,2.81202e+08,63275520,3.37438e+06
#6227232,247755569,73821440
#6227232,251243069,73821440
#6227232,250899006,73821440
#6227232,250956560,73821440
#6227232,250423731,73821440
6227232,2.50256e+08,73821440,2.55481e+06
#6538593,287831270,73821440
#6538593,287407099,73821440
#6538593,286754765,73821440
#6538593,287503233,73821440
#6538593,288176164,73821440
6538593,2.87535e+08,73821440,948683
#6865522,279967281,73821440
#6865522,275253662,73821440
#6865522,285987309,73821440
#6865522,321744973,73821440
#6865522,345959760,73821440
6865522,3.01783e+08,73821440,5.49858e+07
#7208798,286901670,86125056
#7208798,296941120,86125056
#7208798,297963064,86125056
#7208798,290538389,86125056
#7208798,290863488,86125056
7208798,2.92642e+08,86125056,8.35875e+06
#7569237,333833096,86125056
#7569237,331041281,86125056
#7569237,334138625,86125056
#7569237,330984565,86125056
#7569237,330443764,86125056
7569237,3.32088e+08,86125056,3.13268e+06
#7947698,394588464,86125056
#7947698,396141078,86125056
#7947698,395346891,86125056
#7947698,396368399,86125056
#7947698,393697543,86125056
7947698,3.95228e+08,86125056,1.97983e+06
#8345082,330950250,100479232
#8345082,335773460,100479232
#8345082,333862198,100479232
#8345082,381969052,100479232
#8345082,339916575,100479232
8345082,3.44494e+08,100479232,3.79246e+07
#8762336,372380082,100479232
#8762336,375673641,100479232
#8762336,371552480,100479232
#8762336,371693233,100479232
#8762336,374615223,100479232
8762336,3.73183e+08,100479232,3.31991e+06
#9200452,447415190,100479232
#9200452,438804660,100479232
#9200452,439182000,100479232
#9200452,438174748,100479232
#9200452,439249984,100479232
9200452,4.40565e+08,100479232,6.89227e+06
#9660474,374457065,117225728
#9660474,386760189,117225728
#9660474,388702280,117225728
#9660474,383485716,117225728
#9660474,391646887,117225728
9660474,3.8501e+08,117225728,1.1813e+07
