#1,430,536
#1,160,536
#1,103,536
#1,104,536
1,199.25,536,270.412
#2,223,544
#2,132,544
#2,105,544
#2,104,544
2,141,544,97.3139
#3,239,552
#3,144,552
#3,115,552
#3,114,552
3,153,552,102.186
#4,252,568
#4,176,568
#4,132,568
#4,130,568
4,172.5,568,98.8888
#5,232,576
#5,180,576
#5,141,576
#5,138,576
5,172.75,576,76.0181
#6,346,584
#6,210,584
#6,164,584
#6,178,584
6,224.5,584,144.205
#7,375,600
#7,227,600
#7,208,600
#7,192,600
7,250.5,600,145.88
#8,332,608
#8,236,608
#8,199,608
#8,188,608
8,238.75,608,113.396
#9,334,608
#9,215,608
#9,193,608
#9,202,608
9,236,608,114.237
#10,1149,616
#10,269,616
#10,204,616
#10,191,616
10,453.25,616,805.554
#12,460,640
#12,316,640
#12,239,640
#12,245,640
12,315,640,178.051
#14,494,664
#14,264,664
#14,231,664
#14,252,664
14,310.25,664,213.487
#16,1037,680
#16,485,680
#16,330,680
#16,330,680
16,545.5,680,581.475
#19,599,704
#19,299,704
#19,320,704
#19,293,704
19,377.75,704,256.263
#22,743,736
#22,416,736
#22,352,736
#22,351,736
22,465.5,736,324.729
#26,1076,768
#26,627,768
#26,460,768
#26,436,768
26,649.75,768,513.713
#31,1030,824
#31,515,824
#31,473,824
#31,442,824
31,615,824,481.994
#37,1686,872
#37,1010,872
#37,784,872
#37,639,872
37,1029.75,872,802.579
#44,1666,936
#44,886,936
#44,722,936
#44,719,936
44,998.25,936,782.806
#52,1688,1016
#52,998,1016
#52,853,1016
#52,708,1016
52,1061.75,1016,751.644
#62,1963,1112
#62,1234,1112
#62,907,1112
#62,880,1112
62,1246,1112,873.562
#74,2518,1216
#74,1704,1216
#74,1343,1216
#74,1157,1216
74,1680.5,1216,1043.99
#88,2725,1352
#88,1912,1352
#88,1403,1352
#88,1295,1352
88,1833.75,1352,1129.71
#105,3434,1504
#105,2252,1504
#105,1763,1504
#105,1560,1504
105,2252.25,1504,1454.34
#126,5768,1704
#126,4482,1704
#126,3849,1704
#126,3491,1704
126,4397.5,1704,1734.36
#151,4743,1944
#151,3382,1944
#151,2674,1944
#151,2300,1944
151,3274.75,1944,1865.02
#181,5512,2216
#181,3929,2216
#181,3147,2216
#181,2765,2216
181,3838.25,2216,2106.98
#217,6371,2552
#217,5002,2552
#217,4056,2552
#217,3632,2552
217,4765.25,2552,2102.8
#260,7915,2952
#260,5830,2952
#260,4602,2952
#260,4058,2952
260,5601.25,2952,2964.1
#312,10781,3448
#312,9276,3448
#312,8110,3448
#312,7011,3448
312,8794.5,3448,2797.76
#374,10035,4024
#374,8437,4024
#374,7260,4024
#374,6636,4024
374,8092,4024,2589.68
#448,15129,4712
#448,12774,4712
#448,11163,4712
#448,10491,4712
448,12389.2,4712,3572.3
#537,18001,5536
#537,15062,5536
#537,13351,5536
#537,12454,5536
537,14717,5536,4229.75
#644,19585,6536
#644,17452,6536
#644,15535,6536
#644,14788,6536
644,16840,6536,3717.97
#772,25319,7736
#772,22969,7736
#772,21698,7736
#772,19863,7736
772,22462.2,7736,3969.63
#926,31346,9176
#926,28888,9176
#926,27332,9176
#926,25889,9176
926,28363.8,9176,4044.45
#1111,39168,10904
#1111,37334,10904
#1111,35509,10904
#1111,34331,10904
1111,36585.5,10904,3670.31
#1333,43317,12968
#1333,40683,12968
#1333,39235,12968
#1333,37685,12968
1333,40230,12968,4147.51
#1599,61447,15456
#1599,55696,15456
#1599,53459,15456
#1599,52210,15456
1599,55703,15456,7087.32
#1918,67139,18432
#1918,65814,18432
#1918,63594,18432
#1918,61960,18432
1918,64626.8,18432,3987.37
#2301,77076,22008
#2301,75878,22008
#2301,73675,22008
#2301,72739,22008
2301,74842,22008,3442.17
#2761,92897,26296
#2761,91334,26296
#2761,90156,26296
#2761,88383,26296
2761,90692.5,26296,3300.45
#3313,104927,31448
#3313,103856,31448
#3313,101772,31448
#3313,100999,31448
3313,102888,31448,3147.75
#3975,141912,37632
#3975,140379,37632
#3975,140337,37632
#3975,139520,37632
3975,140537,37632,1729.13
#4770,185040,45048
#4770,168500,45048
#4770,167335,45048
#4770,166505,45048
4770,171845,45048,15302.1
#5724,191798,53952
#5724,189902,53952
#5724,188659,53952
#5724,188394,53952
5724,189688,53952,2689.08
#6868,232898,64632
#6868,231810,64632
#6868,231731,64632
#6868,231430,64632
6868,231967,64632,1111.52
#8241,287321,77440
#8241,286431,77440
#8241,287264,77440
#8241,286688,77440
8241,286926,77440,756.266
#9889,348482,92824
#9889,347149,92824
#9889,348324,92824
#9889,348086,92824
9889,348010,92824,1033.67
#11866,422583,111272
#11866,433967,111272
#11866,411592,111272
#11866,414645,111272
11866,420697,111272,17296.8
#14239,512713,133432
#14239,506169,133432
#14239,506214,133432
#14239,505383,133432
14239,507620,133432,5918.2
#17086,622713,160000
#17086,620069,160000
#17086,616175,160000
#17086,602442,160000
17086,615350,160000,15613.4
#20503,719239,191896
#20503,748772,191896
#20503,736383,191896
#20503,737576,191896
20503,735492,191896,21110.6
#24603,889859,230152
#24603,887485,230152
#24603,895990,230152
#24603,863820,230152
24603,884288,230152,24436.3
#29523,1086594,276072
#29523,1099865,276072
#29523,1059394,276072
#29523,1054983,276072
29523,1.07521e+06,276072,37373
#35427,1312003,331176
#35427,1313071,331176
#35427,1307782,331176
#35427,1310589,331176
35427,1.31086e+06,331176,3967.68
#42512,1605342,397312
#42512,1605823,397312
#42512,1608231,397312
#42512,1604559,397312
42512,1.60599e+06,397312,2741.83
#51014,1933395,476664
#51014,1947498,476664
#51014,1896672,476664
#51014,1892470,476664
51014,1.91751e+06,476664,47040.8
#61216,2299523,571880
#61216,2299211,571880
#61216,2303550,571880
#61216,2305098,571880
61216,2.30185e+06,571880,5081.21
#73459,2840859,686144
#73459,2849465,686144
#73459,2794192,686144
#73459,2778148,686144
73459,2.81567e+06,686144,60380.4
#88150,3297990,823264
#88150,3307681,823264
#88150,3310554,823264
#88150,3313501,823264
88150,3.30743e+06,823264,11653
#105780,4097327,987808
#105780,4099079,987808
#105780,4095930,987808
#105780,4096895,987808
105780,4.09731e+06,987808,2281.72
#126936,4838100,1185272
#126936,4846239,1185272
#126936,4830762,1185272
#126936,4847889,1185272
126936,4.84075e+06,1185272,13706.8
#152323,5835139,1422208
#152323,5864965,1422208
#152323,5841669,1422208
#152323,5837468,1422208
152323,5.84481e+06,1422208,23738.6
#182787,7115282,1706536
#182787,7108669,1706536
#182787,7099436,1706536
#182787,7090108,1706536
182787,7.10337e+06,1706536,19008.7
#219344,8561076,2047744
#219344,8543854,2047744
#219344,8549711,2047744
#219344,8550343,2047744
219344,8.55125e+06,2047744,12427.5
#263212,10066032,2457176
#263212,10037451,2457176
#263212,10333918,2457176
#263212,10167721,2457176
263212,1.01513e+07,2457176,232059
#315854,16272998,2948504
#315854,29237013,2948504
#315854,17381673,2948504
#315854,21945746,2948504
315854,2.12094e+07,2948504,1.01983e+07
#379024,15360409,3538088
#379024,15229943,3538088
#379024,15220711,3538088
#379024,15234018,3538088
379024,1.52613e+07,3538088,114881
#454828,18561756,4245592
#454828,18161683,4245592
#454828,18087632,4245592
#454828,18039737,4245592
454828,1.82127e+07,4245592,412312
#545793,21991482,5094592
#545793,22041400,5094592
#545793,22264187,5094592
#545793,22143992,5094592
545793,2.21103e+07,5094592,209001
#654951,26537473,6113408
#654951,26936453,6113408
#654951,26730305,6113408
#654951,26908169,6113408
654951,2.67781e+07,6113408,319655
#785941,33572078,7335976
#785941,38385775,7335976
#785941,41516322,7335976
#785941,35236453,7335976
785941,3.71777e+07,7335976,6.08704e+06
#943129,43057203,8803064
#943129,43138829,8803064
#943129,43069275,8803064
#943129,42929816,8803064
943129,4.30488e+07,8803064,150838
#1131754,56648634,10563560
#1131754,56335980,10563560
#1131754,60758433,10563560
#1131754,56306440,10563560
1131754,5.75124e+07,10563560,3.75781e+06
#1358104,73839137,12676168
#1358104,73684461,12676168
#1358104,73706676,12676168
#1358104,74209951,12676168
1358104,7.38601e+07,12676168,420979
#1629724,95785786,15211288
#1629724,96495124,15211288
#1629724,97048349,15211288
#1629724,96069967,15211288
1629724,9.63498e+07,15211288,951582
#1955668,122696332,18253432
#1955668,123133412,18253432
#1955668,122694908,18253432
#1955668,122233847,18253432
1955668,1.2269e+08,18253432,636202
#2346801,154769296,21904000
#2346801,154170587,21904000
#2346801,154227139,21904000
#2346801,158484943,21904000
2346801,1.55413e+08,21904000,3.57785e+06
#2816161,192318769,26284696
#2816161,194802837,26284696
#2816161,192972282,26284696
#2816161,193255163,26284696
2816161,1.93337e+08,26284696,1.82351e+06
#3379393,237269069,31541528
#3379393,238343845,31541528
#3379393,237964769,31541528
#3379393,237973421,31541528
3379393,2.37888e+08,31541528,777213
#4055271,300681629,37849728
#4055271,301579425,37849728
#4055271,301077968,37849728
#4055271,300033753,37849728
4055271,3.00843e+08,37849728,1.13069e+06
#4866325,368710538,45419560
#4866325,368874122,45419560
#4866325,370525370,45419560
#4866325,368799738,45419560
4866325,3.69227e+08,45419560,1.50319e+06
#5839590,449450789,54503368
#5839590,448621161,54503368
#5839590,452960083,54503368
#5839590,452490960,54503368
5839590,4.50881e+08,54503368,3.75059e+06
#7007508,544351444,65403936
#7007508,545929485,65403936
#7007508,550394492,65403936
#7007508,545652511,65403936
7007508,5.46582e+08,65403936,4.56072e+06
#8409009,666094706,78484608
#8409009,665613710,78484608
#8409009,667212992,78484608
#8409009,667397094,78484608
8409009,6.6658e+08,78484608,1.49584e+06
