#1,358,256
#1,47,256
#1,30,256
#1,31,256
#1,33,256
1,99.8,256,258.492
#2,50,256
#2,60,256
#2,42,256
#2,41,256
#2,47,256
2,48,256,13.6821
#3,70,256
#3,58,256
#3,61,256
#3,50,256
#3,55,256
3,58.8,256,13.3507
#4,52,256
#4,56,256
#4,57,256
#4,65,256
#4,67,256
4,59.4,256,11.3561
#5,69,256
#5,65,256
#5,67,256
#5,64,256
#5,65,256
5,66,256,3.57771
#6,71,256
#6,70,256
#6,75,256
#6,74,256
#6,70,256
6,72,256,4.19524
#7,85,256
#7,79,256
#7,79,256
#7,79,256
#7,88,256
7,82,256,7.58947
#8,88,256
#8,88,256
#8,95,256
#8,90,256
#8,91,256
8,90.4,256,5.15364
#9,152,256
#9,123,256
#9,100,256
#9,108,256
#9,105,256
9,117.6,256,37.6638
#10,129,256
#10,113,256
#10,112,256
#10,112,256
#10,106,256
10,114.4,256,15.4195
#11,140,256
#11,116,256
#11,122,256
#11,115,256
#11,123,256
11,123.2,256,17.951
#12,139,256
#12,143,256
#12,140,256
#12,129,256
#12,124,256
12,135,256,14.4776
#13,388,384
#13,281,384
#13,262,384
#13,255,384
#13,284,384
13,294,384,96.5401
#14,278,384
#14,261,384
#14,337,384
#14,258,384
#14,262,384
14,279.2,384,59.4562
#15,181,384
#15,156,384
#15,135,384
#15,138,384
#15,135,384
15,149,384,35.6202
#16,179,384
#16,137,384
#16,136,384
#16,138,384
#16,141,384
16,146.2,384,32.9703
#17,190,384
#17,151,384
#17,137,384
#17,140,384
#17,140,384
17,151.6,384,39.5697
#18,146,384
#18,155,384
#18,155,384
#18,154,384
#18,159,384
18,153.8,384,8.52291
#19,215,384
#19,155,384
#19,140,384
#19,138,384
#19,148,384
19,159.2,384,57.095
#20,203,384
#20,160,384
#20,156,384
#20,163,384
#20,164,384
20,169.2,384,34.2555
#21,152,384
#21,157,384
#21,152,384
#21,156,384
#21,153,384
21,154,384,4.19524
#22,238,384
#22,176,384
#22,168,384
#22,176,384
#22,177,384
22,187,384,51.4121
#23,290,384
#23,199,384
#23,185,384
#23,183,384
#23,183,384
23,208,384,82.8686
#24,189,384
#24,190,384
#24,186,384
#24,199,384
#24,178,384
24,188.4,384,13.541
#25,598,640
#25,555,640
#25,441,640
#25,424,640
#25,428,640
25,489.2,640,145.566
#26,526,640
#26,448,640
#26,673,640
#26,417,640
#26,417,640
26,496.2,640,193.938
#27,504,640
#27,425,640
#27,599,640
#27,412,640
#27,410,640
27,470,640,146.386
#28,483,640
#28,440,640
#28,511,640
#28,441,640
#28,425,640
28,460,640,63.975
#29,293,640
#29,207,640
#29,188,640
#29,281,640
#29,188,640
29,231.4,640,92.1616
#30,296,640
#30,243,640
#30,231,640
#30,232,640
#30,230,640
30,246.4,640,50.4793
#31,238,640
#31,241,640
#31,240,640
#31,232,640
#31,226,640
31,235.4,640,11.2854
#32,305,640
#32,272,640
#32,258,640
#32,229,640
#32,238,640
32,260.4,640,53.7937
#33,346,640
#33,237,640
#33,240,640
#33,225,640
#33,232,640
33,256,640,90.5715
#34,246,640
#34,256,640
#34,260,640
#34,238,640
#34,235,640
34,247,640,19.5141
#35,236,640
#35,251,640
#35,235,640
#35,242,640
#35,235,640
35,239.8,640,12.3548
#36,312,640
#36,283,640
#36,273,640
#36,268,640
#36,265,640
36,280.2,640,34.0682
#37,4771,896
#37,793,896
#37,687,896
#37,623,896
#37,613,896
37,1497.4,896,3276.11
#38,713,896
#38,634,896
#38,638,896
#38,650,896
#38,637,896
38,654.4,896,59.6067
#39,878,896
#39,722,896
#39,656,896
#39,653,896
#39,650,896
39,711.8,896,174.624
#40,796,896
#40,664,896
#40,662,896
#40,665,896
#40,663,896
40,690,896,106.019
#42,778,896
#42,720,896
#42,704,896
#42,692,896
#42,674,896
42,713.6,896,71.0785
#44,288,896
#44,274,896
#44,285,896
#44,273,896
#44,295,896
44,283,896,16.8285
#46,450,896
#46,325,896
#46,312,896
#46,312,896
#46,304,896
46,340.6,896,110.226
#48,376,896
#48,363,896
#48,329,896
#48,331,896
#48,320,896
48,343.8,896,43.4032
#50,1091,1152
#50,906,1152
#50,787,1152
#50,803,1152
#50,776,1152
50,872.6,1152,237.179
#52,906,1152
#52,814,1152
#52,813,1152
#52,790,1152
#52,783,1152
52,821.2,1152,88.285
#54,976,1152
#54,849,1152
#54,818,1152
#54,848,1152
#54,812,1152
54,860.6,1152,119.289
#56,1030,1152
#56,875,1152
#56,863,1152
#56,873,1152
#56,861,1152
56,900.4,1152,130.056
#58,470,1152
#58,409,1152
#58,395,1152
#58,389,1152
#58,392,1152
58,411,1152,60.5706
#60,518,1152
#60,437,1152
#60,399,1152
#60,393,1152
#60,392,1152
60,427.8,1152,96.095
#63,1219,1280
#63,1062,1280
#63,957,1280
#63,956,1280
#63,947,1280
63,1028.2,1280,208.658
#66,1056,1280
#66,969,1280
#66,967,1280
#66,953,1280
#66,955,1280
66,980,1280,77.0454
#69,1298,1280
#69,1144,1280
#69,1054,1280
#69,1058,1280
#69,1041,1280
69,1119,1280,193.279
#72,537,1280
#72,483,1280
#72,477,1280
#72,474,1280
#72,469,1280
72,488,1280,49.8317
#75,1185,1536
#75,1119,1536
#75,1107,1536
#75,1097,1536
#75,1083,1536
75,1118.2,1536,70.8621
#78,1239,1536
#78,1221,1536
#78,1169,1536
#78,1174,1536
#78,1142,1536
78,1189,1536,71.319
#81,1287,1536
#81,1210,1536
#81,1154,1536
#81,1151,1536
#81,1121,1536
81,1184.6,1536,117.443
#85,598,1408
#85,561,1408
#85,569,1408
#85,551,1408
#85,544,1408
85,564.6,1408,37.4935
#89,1476,1664
#89,1382,1664
#89,1302,1664
#89,1281,1664
#89,1307,1664
89,1349.6,1664,143.703
#93,1481,1664
#93,1453,1664
#93,1370,1664
#93,1348,1664
#93,1304,1664
93,1391.2,1664,132.069
#97,1626,1664
#97,1525,1664
#97,1391,1664
#97,1345,1664
#97,1331,1664
97,1443.6,1664,228.146
#101,1794,1792
#101,1510,1792
#101,1461,1792
#101,1476,1792
#101,1450,1792
101,1538.2,1792,258.978
#106,1747,1792
#106,1679,1792
#106,1537,1792
#106,1463,1792
#106,1485,1792
106,1582.2,1792,223.121
#111,1797,1792
#111,1655,1792
#111,1523,1792
#111,1490,1792
#111,1487,1792
111,1590.4,1792,240.285
#116,2019,1920
#116,1728,1920
#116,1684,1920
#116,1616,1920
#116,1624,1920
116,1734.2,1920,296.358
#121,1937,1920
#121,1781,1920
#121,1680,1920
#121,1676,1920
#121,1625,1920
121,1739.8,1920,221.65
#127,2009,2048
#127,1921,2048
#127,1757,2048
#127,1747,2048
#127,1720,2048
127,1830.8,2048,227.397
#133,1997,2048
#133,1900,2048
#133,1786,2048
#133,1769,2048
#133,1765,2048
133,1843.4,2048,182.807
#139,2028,2048
#139,1916,2048
#139,1819,2048
#139,1823,2048
#139,1828,2048
139,1882.8,2048,162.074
#145,2240,2176
#145,2092,2176
#145,2002,2176
#145,1981,2176
#145,1946,2176
145,2052.2,2176,211.132
#152,2561,2176
#152,2302,2176
#152,2078,2176
#152,2037,2176
#152,2016,2176
152,2198.8,2176,415.718
#159,2543,2432
#159,2338,2432
#159,2200,2432
#159,2135,2432
#159,2102,2432
159,2263.6,2432,322.859
#166,2871,2432
#166,2643,2432
#166,2296,2432
#166,2156,2432
#166,2136,2432
166,2420.4,2432,578.866
#174,2650,2560
#174,2411,2560
#174,2379,2560
#174,2327,2560
#174,2351,2560
174,2423.6,2560,233.25
#182,2621,2560
#182,2509,2560
#182,2432,2560
#182,2374,2560
#182,2367,2560
182,2460.6,2560,190.051
#191,3066,2688
#191,2786,2688
#191,2486,2688
#191,2470,2688
#191,2456,2688
191,2652.8,2688,480.371
#200,2715,2816
#200,2642,2816
#200,2616,2816
#200,2580,2816
#200,2574,2816
200,2625.4,2816,102.353
#210,2980,2816
#210,2796,2816
#210,2640,2816
#210,2671,2816
#210,2736,2816
210,2764.6,2816,240.811
#220,3248,2944
#220,3021,2944
#220,2768,2944
#220,2803,2944
#220,2727,2944
220,2913.4,2944,391.519
#231,3430,3072
#231,3202,3072
#231,3016,3072
#231,3022,3072
#231,2998,3072
231,3133.6,3072,331.304
#242,3192,3328
#242,3096,3328
#242,2995,3328
#242,2990,3328
#242,2941,3328
242,3042.8,3328,180.06
#254,5070,3456
#254,3594,3456
#254,3389,3456
#254,3264,3456
#254,3203,3456
254,3704,3456,1391.94
#266,3995,3456
#266,3685,3456
#266,3429,3456
#266,3415,3456
#266,3358,3456
266,3576.4,3456,475.391
#279,4348,3584
#279,3914,3584
#279,3655,3584
#279,3543,3584
#279,3387,3584
279,3769.4,3584,673.059
#292,4056,3712
#292,3772,3712
#292,3599,3712
#292,3548,3712
#292,3521,3712
292,3699.2,3712,397.253
#306,4573,3840
#306,4223,3840
#306,3890,3840
#306,3826,3840
#306,3816,3840
306,4065.6,3840,588.403
#321,5412,3968
#321,4810,3968
#321,4448,3968
#321,4325,3968
#321,4161,3968
321,4631.2,3968,889.956
#337,4942,4352
#337,4640,4352
#337,4418,4352
#337,4332,4352
#337,4310,4352
337,4528.4,4352,474.956
#353,4986,4480
#353,4739,4480
#353,4565,4480
#353,4505,4480
#353,4481,4480
353,4655.2,4480,376.821
#370,5222,4608
#370,4972,4608
#370,4790,4608
#370,4658,4608
#370,4590,4608
370,4846.4,4608,457.18
#388,5535,4736
#388,5325,4736
#388,5126,4736
#388,5002,4736
#388,4900,4736
388,5177.6,4736,456.089
#407,5648,5120
#407,5461,5120
#407,5209,5120
#407,5200,5120
#407,5100,5120
407,5323.6,5120,402.513
#427,6299,5248
#427,5796,5248
#427,5477,5248
#427,5341,5248
#427,5243,5248
427,5631.2,5248,765.145
#448,6000,5376
#448,5893,5376
#448,5662,5376
#448,5622,5376
#448,5556,5376
448,5746.6,5376,340.183
#470,6960,5632
#470,6435,5632
#470,5925,5632
#470,5914,5632
#470,5837,5632
470,6214.2,5632,858.374
#493,7754,6016
#493,6797,6016
#493,6330,6016
#493,6345,6016
#493,6257,6016
493,6696.6,6016,1124.08
#517,7150,6144
#517,6705,6144
#517,6429,6144
#517,6321,6144
#517,6347,6144
517,6590.4,6144,622.354
#542,7992,6400
#542,7495,6400
#542,7185,6400
#542,6827,6400
#542,6748,6400
542,7249.4,6400,914.656
#569,8817,6656
#569,8049,6656
#569,7573,6656
#569,7317,6656
#569,7154,6656
569,7782,6656,1198.93
#597,9901,7040
#597,8695,7040
#597,7977,7040
#597,7777,7040
#597,7629,7040
597,8395.8,7040,1673.66
#626,8998,7296
#626,8427,7296
#626,8111,7296
#626,7869,7296
#626,7880,7296
626,8257,7296,844.734
#657,10708,7552
#657,9823,7552
#657,9024,7552
#657,8615,7552
#657,8558,7552
657,9345.6,7552,1635.01
#689,10548,8064
#689,9772,8064
#689,9305,8064
#689,9136,8064
#689,8867,8064
689,9525.6,8064,1179.91
#723,11399,8320
#723,10392,8320
#723,10007,8320
#723,9663,8320
#723,9387,8320
723,10169.6,8320,1401.84
#759,11110,8832
#759,10433,8832
#759,10122,8832
#759,9739,8832
#759,9611,8832
759,10203,8832,1076.24
#796,12234,9088
#796,11452,9088
#796,10895,9088
#796,10454,9088
#796,10134,9088
796,11033.8,9088,1491.43
#835,12631,9600
#835,11669,9600
#835,11175,9600
#835,10941,9600
#835,10759,9600
835,11435,9600,1342.77
#876,13929,9984
#876,12764,9984
#876,12095,9984
#876,11657,9984
#876,11494,9984
876,12387.8,9984,1774.37
#919,12988,10496
#919,12417,10496
#919,11854,10496
#919,11560,10496
#919,11460,10496
919,12055.8,10496,1145.77
#964,14523,10880
#964,13498,10880
#964,12544,10880
#964,12151,10880
#964,11894,10880
964,12922,10880,1936.82
#1012,15388,11520
#1012,14499,11520
#1012,13856,11520
#1012,13228,11520
#1012,12953,11520
1012,13984.8,11520,1763.48
#1062,15573,11904
#1062,14741,11904
#1062,13799,11904
#1062,13491,11904
#1062,13151,11904
1062,14151,11904,1773.06
#1115,15772,12544
#1115,14916,12544
#1115,14377,12544
#1115,14108,12544
#1115,13899,12544
1115,14614.4,12544,1343.31
#1170,17267,13184
#1170,15967,13184
#1170,15294,13184
#1170,14844,13184
#1170,14749,13184
1170,15624.2,13184,1854.73
#1228,20532,13696
#1228,19178,13696
#1228,18274,13696
#1228,17396,13696
#1228,16913,13696
1228,18458.6,13696,2587.45
#1289,19426,14464
#1289,18069,14464
#1289,17353,14464
#1289,16862,14464
#1289,16597,14464
1289,17661.4,14464,2029.2
#1353,18752,15104
#1353,17844,15104
#1353,17283,15104
#1353,16880,15104
#1353,16689,15104
1353,17489.6,15104,1489.83
#1420,20968,15872
#1420,20070,15872
#1420,18812,15872
#1420,18529,15872
#1420,18120,15872
1420,19299.8,15872,2116.62
#1491,22043,16512
#1491,20962,16512
#1491,20121,16512
#1491,19505,16512
#1491,19314,16512
1491,20389,16512,2014.54
#1565,23436,17280
#1565,22242,17280
#1565,21199,17280
#1565,20566,17280
#1565,24912,17280
1565,22471,17280,3122.71
#1643,23278,18176
#1643,22543,18176
#1643,21692,18176
#1643,21192,18176
#1643,33352,18176
1643,24411.4,18176,9054.04
#1725,27004,19072
#1725,25415,19072
#1725,23983,19072
#1725,23219,19072
#1725,22736,19072
1725,24471.4,19072,3114.24
#1811,25700,19968
#1811,24423,19968
#1811,23630,19968
#1811,22929,19968
#1811,22636,19968
1811,23863.6,19968,2212.75
#1901,27497,20864
#1901,25897,20864
#1901,25079,20864
#1901,24264,20864
#1901,23701,20864
1901,25287.6,20864,2662.54
#1996,28243,21888
#1996,27243,21888
#1996,26504,21888
#1996,25771,21888
#1996,25182,21888
1996,26588.6,21888,2157.67
#2095,28196,23040
#2095,27196,23040
#2095,26297,23040
#2095,26048,23040
#2095,25214,23040
2095,26590.2,23040,2043.42
#2199,29874,24192
#2199,28793,24192
#2199,27956,24192
#2199,27326,24192
#2199,26979,24192
2199,28185.6,24192,2091.34
#2308,32009,25216
#2308,30680,25216
#2308,29778,25216
#2308,29160,25216
#2308,28446,25216
2308,30014.6,25216,2476.65
#2423,35562,26624
#2423,34295,26624
#2423,32856,26624
#2423,32202,26624
#2423,31329,26624
2423,33248.8,26624,3017.44
#2544,36139,27776
#2544,34787,27776
#2544,33602,27776
#2544,32850,27776
#2544,32123,27776
2544,33900.2,27776,2849.41
#2671,37518,29056
#2671,36249,29056
#2671,35082,29056
#2671,34394,29056
#2671,33833,29056
2671,35415.2,29056,2649.41
#2804,39767,30592
#2804,38397,30592
#2804,37087,30592
#2804,36384,30592
#2804,35346,30592
2804,37396.2,30592,3091.38
#2944,41799,32128
#2944,40558,32128
#2944,39059,32128
#2944,38050,32128
#2944,37436,32128
2944,39380.4,32128,3211.27
#3091,46787,33536
#3091,45047,33536
#3091,43294,33536
#3091,42516,33536
#3091,41569,33536
3091,43842.6,33536,3725.6
#3245,46888,35200
#3245,45577,35200
#3245,43724,35200
#3245,42597,35200
#3245,41847,35200
3245,44126.6,35200,3733.88
#3407,48640,36992
#3407,47319,36992
#3407,46009,36992
#3407,44405,36992
#3407,43981,36992
3407,46070.8,36992,3499.12
#3577,49681,38784
#3577,48644,38784
#3577,46998,38784
#3577,46117,38784
#3577,45332,38784
3577,47354.4,38784,3203.05
#3755,53616,40704
#3755,52159,40704
#3755,50902,40704
#3755,49452,40704
#3755,48994,40704
3755,51024.6,40704,3419.2
#3942,57274,42752
#3942,55607,42752
#3942,54295,42752
#3942,53014,42752
#3942,52102,42752
3942,54458.4,42752,3678.31
#4139,56354,44800
#4139,55116,44800
#4139,53895,44800
#4139,52238,44800
#4139,51772,44800
4139,53875,44800,3439.57
#4345,61108,46976
#4345,59348,46976
#4345,70869,46976
#4345,56000,46976
#4345,54912,46976
4345,60447.4,46976,11337.5
#4562,60278,49280
#4562,59128,49280
#4562,57465,49280
#4562,56411,49280
#4562,55847,49280
4562,57825.8,49280,3317.41
#4790,64175,51840
#4790,62930,51840
#4790,61471,51840
#4790,60368,51840
#4790,59389,51840
4790,61666.6,51840,3440.97
#5029,69536,54400
#5029,68600,54400
#5029,66944,54400
#5029,65480,54400
#5029,64264,54400
5029,66964.8,54400,3876.53
#5280,70731,57088
#5280,69316,57088
#5280,68158,57088
#5280,66695,57088
#5280,66409,57088
5280,68261.8,57088,3238.12
#5544,76937,59776
#5544,75891,59776
#5544,74365,59776
#5544,72869,59776
#5544,72296,59776
5544,74471.6,59776,3510.65
#5821,76826,62720
#5821,75872,62720
#5821,74285,62720
#5821,73177,62720
#5821,72247,62720
5821,74481.4,62720,3366.12
#6112,79797,65792
#6112,78466,65792
#6112,77113,65792
#6112,75806,65792
#6112,75129,65792
6112,77262.2,65792,3413.82
#6417,86294,69120
#6417,85558,69120
#6417,83444,69120
#6417,82283,69120
#6417,81521,69120
6417,83820,69120,3680.27
#6737,90827,72576
#6737,89213,72576
#6737,88231,72576
#6737,87063,72576
#6737,85851,72576
6737,88237,72576,3433.01
#7073,99178,76160
#7073,98104,76160
#7073,96540,76160
#7073,95689,76160
#7073,94721,76160
7073,96846.4,76160,3221.02
#7426,102668,79872
#7426,101216,79872
#7426,99883,79872
#7426,98531,79872
#7426,97734,79872
7426,100006,79872,3566.86
#7797,105849,83712
#7797,104538,83712
#7797,103201,83712
#7797,102018,83712
#7797,103921,83712
7797,103905,83712,2566.94
#8186,113200,87936
#8186,111406,87936
#8186,110282,87936
#8186,109253,87936
#8186,108543,87936
8186,110537,87936,3290.77
#8595,120093,92288
#8595,118559,92288
#8595,117193,92288
#8595,116435,92288
#8595,116161,92288
8595,117688,92288,2924.3
#9024,122843,96896
#9024,121425,96896
#9024,119937,96896
#9024,119270,96896
#9024,118870,96896
9024,120469,96896,2943.09
#9475,156365,101632
#9475,139741,101632
#9475,131181,101632
#9475,130821,101632
#9475,129499,101632
9475,137521,101632,20188.4
#9948,138111,106752
#9948,137089,106752
#9948,135348,106752
#9948,134688,106752
#9948,134607,106752
9948,135969,106752,2789.15
#10445,147905,112128
#10445,146095,112128
#10445,145049,112128
#10445,144721,112128
#10445,143872,112128
10445,145528,112128,2770.51
#10967,156050,117632
#10967,154708,117632
#10967,158621,117632
#10967,153187,117632
#10967,152199,117632
10967,154953,117632,4509.63
#11515,160591,123520
#11515,159325,123520
#11515,158783,123520
#11515,157851,123520
#11515,157130,123520
11515,158736,123520,2392.09
#12090,170838,129664
#12090,169980,129664
#12090,169007,129664
#12090,167890,129664
#12090,167831,129664
12090,169109,129664,2345.67
#12694,179152,136064
#12694,183077,136064
#12694,176541,136064
#12694,180323,136064
#12694,175164,136064
12694,178851,136064,5589.03
#13328,188979,142720
#13328,186585,142720
#13328,185997,142720
#13328,185659,142720
#13328,185704,142720
13328,186585,142720,2483.65
#13994,195486,149888
#13994,194001,149888
#13994,192553,149888
#13994,191441,149888
#13994,191692,149888
13994,193035,149888,3035.44
#14693,209890,157440
#14693,208487,157440
#14693,207690,157440
#14693,206785,157440
#14693,206667,157440
14693,207904,157440,2385.32
#15427,216804,165120
#15427,216355,165120
#15427,216596,165120
#15427,214854,165120
#15427,214721,165120
15427,215866,165120,1785.95
#16198,227009,173312
#16198,225713,173312
#16198,225151,173312
#16198,225118,173312
#16198,224394,173312
16198,225477,173312,1746.03
#17007,245176,182016
#17007,242103,182016
#17007,242370,182016
#17007,241879,182016
#17007,241400,182016
17007,242586,182016,2667.51
#17857,256347,191104
#17857,254364,191104
#17857,253233,191104
#17857,252871,191104
#17857,252801,191104
17857,253923,191104,2670.12
#18749,269710,200704
#18749,268072,200704
#18749,271687,200704
#18749,266637,200704
#18749,266683,200704
18749,268558,200704,3853.29
#19686,295977,210688
#19686,294047,210688
#19686,292686,210688
#19686,293231,210688
#19686,291969,210688
19686,293582,210688,2753.91
#20670,389041,221184
#20670,310096,221184
#20670,300387,221184
#20670,300806,221184
#20670,299680,221184
20670,320002,221184,69459.2
#21703,313841,232192
#21703,313693,232192
#21703,312767,232192
#21703,317256,232192
#21703,312304,232192
21703,313972,232192,3477.23
#22788,327615,243712
#22788,325992,243712
#22788,325511,243712
#22788,324348,243712
#22788,323609,243712
22788,325415,243712,2768.72
#23927,349553,256000
#23927,349182,256000
#23927,347867,256000
#23927,347325,256000
#23927,346924,256000
23927,348170,256000,2058.19
#25123,365631,268672
#25123,369386,268672
#25123,363149,268672
#25123,363675,268672
#25123,363027,268672
25123,364974,268672,4792.18
#26379,382902,282112
#26379,382657,282112
#26379,381415,282112
#26379,387128,282112
#26379,381417,282112
26379,383104,282112,4207.79
#27697,405323,296064
#27697,402706,296064
#27697,402365,296064
#27697,403280,296064
#27697,403115,296064
27697,403358,296064,2066.4
#29081,430154,310912
#29081,429233,310912
#29081,430380,310912
#29081,430017,310912
#29081,427822,310912
29081,429521,310912,1866.36
#30535,455729,326400
#30535,453670,326400
#30535,454184,326400
#30535,455043,326400
#30535,455126,326400
30535,454750,326400,1462.17
#32061,472973,342656
#32061,472746,342656
#32061,470807,342656
#32061,471771,342656
#32061,471435,342656
32061,471946,342656,1620.81
#33664,519230,359680
#33664,493644,359680
#33664,507146,359680
#33664,502716,359680
#33664,504690,359680
33664,505485,359680,16497.1
#35347,537166,377600
#35347,545552,377600
#35347,528845,377600
#35347,577073,377600
#35347,535325,377600
35347,544792,377600,33996.8
#37114,574440,396416
#37114,552525,396416
#37114,622015,396416
#37114,566502,396416
#37114,565177,396416
37114,576132,396416,47984.6
#38969,606060,416384
#38969,607467,416384
#38969,610712,416384
#38969,600641,416384
#38969,602725,416384
38969,605521,416384,7079.88
#40917,634459,437120
#40917,627360,437120
#40917,647592,437120
#40917,643190,437120
#40917,642685,437120
40917,639057,437120,14451.3
#42962,684815,458880
#42962,668773,458880
#42962,669590,458880
#42962,666515,458880
#42962,671041,458880
42962,672147,458880,13002.9
#45110,712358,481920
#45110,709226,481920
#45110,706783,481920
#45110,714363,481920
#45110,694307,481920
45110,707407,481920,14091.3
#47365,758103,505984
#47365,755077,505984
#47365,758946,505984
#47365,754596,505984
#47365,738578,505984
47365,753060,505984,14865.6
#49733,793825,531200
#49733,794061,531200
#49733,792345,531200
#49733,792706,531200
#49733,794491,531200
49733,793486,531200,1640.94
#52219,835695,557568
#52219,837786,557568
#52219,846979,557568
#52219,810456,557568
#52219,817214,557568
52219,829626,557568,27219
#54829,881662,585472
#54829,884030,585472
#54829,886874,585472
#54829,881726,585472
#54829,881315,585472
54829,883121,585472,4218.78
#57570,926578,614784
#57570,926008,614784
#57570,927469,614784
#57570,900368,614784
#57570,949787,614784
57570,926042,614784,31308.8
#60448,983206,645376
#60448,980989,645376
#60448,983658,645376
#60448,991134,645376
#60448,960936,645376
60448,979985,645376,20239.3
#63470,1043895,677632
#63470,1043523,677632
#63470,1038326,677632
#63470,1040286,677632
#63470,1020467,677632
63470,1.0373e+06,677632,17332.9
#66643,1079512,711552
#66643,1080274,711552
#66643,1078800,711552
#66643,1057504,711552
#66643,1068563,711552
66643,1.07293e+06,711552,17635.1
#69975,1144932,747136
#69975,1140844,747136
#69975,1139512,747136
#69975,1141630,747136
#69975,1169824,747136
69975,1.14735e+06,747136,22758
#73473,1232363,784384
#73473,1224875,784384
#73473,1190055,784384
#73473,1167493,784384
#73473,1171663,784384
73473,1.19729e+06,784384,53576.1
#77146,1256951,823552
#77146,1267311,823552
#77146,1225149,823552
#77146,1229877,823552
#77146,1227163,823552
77146,1.24129e+06,823552,34787.6
#81003,1339395,864640
#81003,1333297,864640
#81003,1307012,864640
#81003,1303204,864640
#81003,1302255,864640
81003,1.31703e+06,864640,31932.8
#85053,1393981,907904
#85053,1417794,907904
#85053,1354166,907904
#85053,1356451,907904
#85053,1354776,907904
85053,1.37543e+06,907904,51983
#89305,1471893,953216
#89305,1473807,953216
#89305,1440374,953216
#89305,1430205,953216
#89305,1437873,953216
89305,1.45083e+06,953216,36597.2
#93770,1544071,1000832
#93770,1547245,1000832
#93770,1528767,1000832
#93770,1557456,1000832
#93770,1510577,1000832
93770,1.53762e+06,1000832,32709.9
#98458,1649551,1050880
#98458,1633890,1050880
#98458,1606299,1050880
#98458,1631103,1050880
#98458,1630474,1050880
98458,1.63026e+06,1050880,27715.8
#103380,1722218,1103360
#103380,1715315,1103360
#103380,1701277,1103360
#103380,1694239,1103360
#103380,1695768,1103360
103380,1.70576e+06,1103360,22178.1
#108549,1799172,1158528
#108549,1821116,1158528
#108549,1798192,1158528
#108549,1772671,1158528
#108549,1800429,1158528
108549,1.79832e+06,1158528,30760
#113976,1894366,1216512
#113976,1869891,1216512
#113976,1844589,1216512
#113976,1879981,1216512
#113976,1879736,1216512
113976,1.87371e+06,1216512,33044.5
#119674,1980418,1277184
#119674,1948255,1277184
#119674,1985014,1277184
#119674,2000583,1277184
#119674,1981637,1277184
119674,1.97918e+06,1277184,34129.7
#125657,2161996,1341056
#125657,2048880,1341056
#125657,2137474,1341056
#125657,2067090,1341056
#125657,2028792,1341056
125657,2.08885e+06,1341056,103509
#131939,2296484,1408000
#131939,2170912,1408000
#131939,2155987,1408000
#131939,2156365,1408000
#131939,2147594,1408000
131939,2.18547e+06,1408000,112025
#138535,2391408,1478400
#138535,2258180,1478400
#138535,2279364,1478400
#138535,2303806,1478400
#138535,2304101,1478400
138535,2.30737e+06,1478400,90729.3
#145461,2490744,1552256
#145461,2402142,1552256
#145461,2393046,1552256
#145461,2390010,1552256
#145461,2428636,1552256
145461,2.42092e+06,1552256,74939.6
#152734,2603600,1629824
#152734,2519654,1629824
#152734,2511171,1629824
#152734,2507180,1629824
#152734,2506746,1629824
152734,2.52967e+06,1629824,74509
#160370,2794249,1711232
#160370,2714185,1711232
#160370,2650246,1711232
#160370,2647772,1711232
#160370,2743076,1711232
160370,2.70991e+06,1711232,111901
#168388,2964390,1796736
#168388,2803519,1796736
#168388,2786080,1796736
#168388,2779473,1796736
#168388,2846133,1796736
168388,2.83592e+06,1796736,136613
#176807,3046399,1886720
#176807,2940416,1886720
#176807,2988151,1886720
#176807,3004520,1886720
#176807,2923796,1886720
176807,2.98066e+06,1886720,88544.3
#185647,3265509,1980928
#185647,3117637,1980928
#185647,3165939,1980928
#185647,3181347,1980928
#185647,3155435,1980928
185647,3.17717e+06,1980928,97832.3
#194929,3428209,2079872
#194929,3269858,2079872
#194929,3332877,2079872
#194929,3297042,2079872
#194929,3245500,2079872
194929,3.3147e+06,2079872,127518
#204675,3624085,2183808
#204675,3398955,2183808
#204675,3453226,2183808
#204675,3510365,2183808
#204675,3709568,2183808
204675,3.53924e+06,2183808,226490
#214908,4017521,2292992
#214908,3765404,2292992
#214908,3706748,2292992
#214908,3688300,2292992
#214908,3617892,2292992
214908,3.75917e+06,2292992,274975
#225653,4084688,2407680
#225653,3818804,2407680
#225653,3815406,2407680
#225653,3864803,2407680
#225653,3761909,2407680
225653,3.86912e+06,2407680,225210
#236935,4275100,2527872
#236935,4027806,2527872
#236935,4061224,2527872
#236935,4023170,2527872
#236935,4000200,2527872
236935,4.0775e+06,2527872,201409
#248781,4578142,2654336
#248781,4211228,2654336
#248781,4236440,2654336
#248781,4300979,2654336
#248781,4243085,2654336
248781,4.31397e+06,2654336,270625
#261220,4780510,2786944
#261220,4401425,2786944
#261220,4376524,2786944
#261220,4407516,2786944
#261220,4423732,2786944
261220,4.47794e+06,2786944,304087
#274281,5065010,2926336
#274281,4701346,2926336
#274281,4760208,2926336
#274281,4752323,2926336
#274281,4735844,2926336
274281,4.80295e+06,2926336,265167
#287995,5369591,3072640
#287995,4990653,3072640
#287995,5239095,3072640
#287995,5147755,3072640
#287995,5121891,3072640
287995,5.1738e+06,3072640,252211
#302394,5780427,3226240
#302394,5568251,3226240
#302394,5318285,3226240
#302394,5246791,3226240
#302394,5271855,3226240
302394,5.43712e+06,3226240,412519
#317513,6012377,3387520
#317513,5710265,3387520
#317513,5644156,3387520
#317513,5631079,3387520
#317513,5576875,3387520
317513,5.71495e+06,3387520,309316
#333388,6729754,3556864
#333388,6624006,3556864
#333388,6954125,3556864
#333388,7532345,3556864
#333388,8027805,3556864
333388,7.17361e+06,3556864,1.06041e+06
#350057,7260848,3734656
#350057,6342517,3734656
#350057,6168930,3734656
#350057,6232030,3734656
#350057,6189948,3734656
350057,6.43885e+06,3734656,830684
#367559,7050731,3921280
#367559,6779074,3921280
#367559,6571416,3921280
#367559,6616358,3921280
#367559,6929122,3921280
367559,6.78934e+06,3921280,363740
#385936,7417319,4117248
#385936,6925014,4117248
#385936,6922758,4117248
#385936,6956559,4117248
#385936,7020268,4117248
385936,7.04838e+06,4117248,375593
#405232,7800032,4323200
#405232,7469216,4323200
#405232,7338761,4323200
#405232,7449399,4323200
#405232,7414112,4323200
405232,7.4943e+06,4323200,318421
#425493,8387598,4539264
#425493,7844629,4539264
#425493,7911231,4539264
#425493,7802517,4539264
#425493,7886059,4539264
425493,7.96641e+06,4539264,427637
#446767,8742525,4766080
#446767,8282793,4766080
#446767,8448056,4766080
#446767,8297681,4766080
#446767,8436502,4766080
446767,8.44151e+06,4766080,330522
#469105,9081127,5004416
#469105,8845238,5004416
#469105,8804429,5004416
#469105,8901392,5004416
#469105,8947489,5004416
469105,8.91594e+06,5004416,191681
#492560,9687368,5254528
#492560,9420406,5254528
#492560,9586862,5254528
#492560,9480632,5254528
#492560,9512701,5254528
492560,9.53759e+06,5254528,184297
#517188,10220568,5517312
#517188,10176727,5517312
#517188,10180914,5517312
#517188,10108608,5517312
#517188,10119281,5517312
517188,1.01612e+07,5517312,83318.2
#543047,10768142,5793280
#543047,10907931,5793280
#543047,10806267,5793280
#543047,10626738,5793280
#543047,10749300,5793280
543047,1.07717e+07,5793280,181730
#570199,11541811,6082816
#570199,11490489,6082816
#570199,11619892,6082816
#570199,11488379,6082816
#570199,11437841,6082816
570199,1.15157e+07,6082816,123229
#598708,12463083,6386816
#598708,12498345,6386816
#598708,12193224,6386816
#598708,12219634,6386816
#598708,12287215,6386816
598708,1.23323e+07,6386816,250988
#628643,13346266,6706304
#628643,13229226,6706304
#628643,13143794,6706304
#628643,13226896,6706304
#628643,13047091,6706304
628643,1.31987e+07,6706304,199003
#660075,14351392,7041536
#660075,14159230,7041536
#660075,14241833,7041536
#660075,14221703,7041536
#660075,14035347,7041536
660075,1.42019e+07,7041536,207644
#693078,15625629,7393536
#693078,15252033,7393536
#693078,15134538,7393536
#693078,15221931,7393536
#693078,15097310,7393536
693078,1.52663e+07,7393536,376519
#727731,16696212,7763072
#727731,16606136,7763072
#727731,16703667,7763072
#727731,17272302,7763072
#727731,17164948,7763072
727731,1.68887e+07,7763072,547426
#764117,17989893,8151168
#764117,18038164,8151168
#764117,19221711,8151168
#764117,19650551,8151168
#764117,19205401,8151168
764117,1.88211e+07,8151168,1.35648e+06
#802322,19555428,8558720
#802322,19370121,8558720
#802322,21312083,8558720
#802322,21998867,8558720
#802322,21685483,8558720
802322,2.07844e+07,8558720,2.2047e+06
#842438,20707043,8986752
#842438,22894337,8986752
#842438,24007627,8986752
#842438,23944094,8986752
#842438,24258006,8986752
842438,2.31622e+07,8986752,2.627e+06
#884559,22666914,9435904
#884559,25800782,9435904
#884559,27220044,9435904
#884559,26744642,9435904
#884559,27636076,9435904
884559,2.60137e+07,9435904,3.56292e+06
#928786,26920796,9907712
#928786,29111734,9907712
#928786,29780626,9907712
#928786,30163432,9907712
#928786,30514787,9907712
928786,2.92983e+07,9907712,2.55316e+06
#975225,30791393,10402944
#975225,33418727,10402944
#975225,34699433,10402944
#975225,34520302,10402944
#975225,34857419,10402944
975225,3.36575e+07,10402944,3.03861e+06
#1023986,35375102,10923136
#1023986,38045237,10923136
#1023986,39504460,10923136
#1023986,40540532,10923136
#1023986,40786111,10923136
1023986,3.88503e+07,10923136,3.97566e+06
#1075185,40936571,11469184
#1075185,43949260,11469184
#1075185,44607827,11469184
#1075185,44492480,11469184
#1075185,45303845,11469184
1075185,4.3858e+07,11469184,3.04609e+06
#1128944,44362069,12042624
#1128944,49265659,12042624
#1128944,49663204,12042624
#1128944,51177421,12042624
#1128944,50315970,12042624
1128944,4.89569e+07,12042624,4.77363e+06
#1185391,49568223,12644736
#1185391,54215285,12644736
#1185391,54755835,12644736
#1185391,54036024,12644736
#1185391,54736561,12644736
1185391,5.34624e+07,12644736,3.93517e+06
#1244660,54941790,13277056
#1244660,59079445,13277056
#1244660,59408329,13277056
#1244660,59965348,13277056
#1244660,59447231,13277056
1244660,5.85684e+07,13277056,3.67072e+06
#1306893,59467999,13940864
#1306893,64120762,13940864
#1306893,64094696,13940864
#1306893,64579577,13940864
#1306893,64350522,13940864
1306893,6.33227e+07,13940864,3.87069e+06
#1372237,66661279,14637824
#1372237,71059741,14637824
#1372237,70472435,14637824
#1372237,69960092,14637824
#1372237,69626474,14637824
1372237,6.9556e+07,14637824,3.0527e+06
#1440848,71659029,15369728
#1440848,75450272,15369728
#1440848,76339916,15369728
#1440848,76082204,15369728
#1440848,75463164,15369728
1440848,7.49989e+07,15369728,3.41126e+06
#1512890,79135151,16138112
#1512890,82437929,16138112
#1512890,82162672,16138112
#1512890,82031221,16138112
#1512890,82012432,16138112
1512890,8.15559e+07,16138112,2.43976e+06
#1588534,84366831,16945024
#1588534,88802131,16945024
#1588534,89731520,16945024
#1588534,89358101,16945024
#1588534,89192638,16945024
1588534,8.82902e+07,16945024,3.96859e+06
#1667960,89851950,17792128
#1667960,95492024,17792128
#1667960,95850365,17792128
#1667960,95455983,17792128
#1667960,95984721,17792128
1667960,9.4527e+07,17792128,4.69269e+06
#1751358,97505469,18681728
#1751358,103615170,18681728
#1751358,103191414,18681728
#1751358,105283880,18681728
#1751358,106927695,18681728
1751358,1.03305e+08,18681728,6.37392e+06
#1838925,105698549,19615872
#1838925,111846700,19615872
#1838925,111633241,19615872
#1838925,110898884,19615872
#1838925,111107815,19615872
1838925,1.10237e+08,19615872,4.58995e+06
#1930871,135302947,20596608
#1930871,121137470,20596608
#1930871,120190044,20596608
#1930871,119845424,20596608
#1930871,127755663,20596608
1930871,1.24846e+08,20596608,1.19415e+07
#2027414,124067198,21626496
#2027414,123534434,21626496
#2027414,129194690,21626496
#2027414,128147000,21626496
#2027414,129106224,21626496
2027414,1.2681e+08,21626496,4.9799e+06
#2128784,130776153,22707584
#2128784,129340405,22707584
#2128784,126783361,22707584
#2128784,129951380,22707584
#2128784,129674505,22707584
2128784,1.29305e+08,22707584,2.69497e+06
#2235223,134808194,23842944
#2235223,137729445,23842944
#2235223,137792238,23842944
#2235223,138336985,23842944
#2235223,139534462,23842944
2235223,1.3764e+08,23842944,3.11449e+06
#2346984,145473874,25035136
#2346984,150289008,25035136
#2346984,149855614,25035136
#2346984,149790785,25035136
#2346984,150253004,25035136
2346984,1.49132e+08,25035136,3.68074e+06
#2464333,161065597,26286848
#2464333,164372547,26286848
#2464333,164956930,26286848
#2464333,164176096,26286848
#2464333,164384113,26286848
2464333,1.63791e+08,26286848,2.77496e+06
#2587549,193995436,27601152
#2587549,190957784,27601152
#2587549,190932149,27601152
#2587549,191554699,27601152
#2587549,192329422,27601152
2587549,1.91954e+08,27601152,2.28113e+06
#2716926,211235751,28981248
#2716926,208432648,28981248
#2716926,208985622,28981248
#2716926,210032187,28981248
#2716926,207754204,28981248
2716926,2.09288e+08,28981248,2.45327e+06
#2852772,228295486,30430208
#2852772,226838048,30430208
#2852772,226184484,30430208
#2852772,225576940,30430208
#2852772,224735660,30430208
2852772,2.26326e+08,30430208,2.40855e+06
#2995410,248362584,31951616
#2995410,243882479,31951616
#2995410,244818267,31951616
#2995410,248305040,31951616
#2995410,244342822,31951616
2995410,2.45942e+08,31951616,3.95019e+06
#3145180,268232064,33549184
#3145180,269707787,33549184
#3145180,266251925,33549184
#3145180,264843091,33549184
#3145180,266022896,33549184
3145180,2.67012e+08,33549184,3.46595e+06
#3302439,290243876,35226624
#3302439,298535727,35226624
#3302439,298247300,35226624
#3302439,295908165,35226624
#3302439,294803540,35226624
3302439,2.95548e+08,35226624,6.00203e+06
#3467560,315002637,36987904
#3467560,318986927,36987904
#3467560,319733706,36987904
#3467560,319900687,36987904
#3467560,319646406,36987904
3467560,3.18654e+08,36987904,3.70385e+06
#3640938,341340584,38837248
#3640938,343976664,38837248
#3640938,346352299,38837248
#3640938,346587399,38837248
#3640938,343695064,38837248
3640938,3.4439e+08,38837248,3.86077e+06
#3822984,366935883,40779136
#3822984,370980410,40779136
#3822984,372255038,40779136
#3822984,371070247,40779136
#3822984,370523713,40779136
3822984,3.70353e+08,40779136,3.60352e+06
#4014133,400622123,42818048
#4014133,401647795,42818048
#4014133,404051440,42818048
#4014133,402445687,42818048
#4014133,400360524,42818048
4014133,4.01826e+08,42818048,2.6781e+06
#4214839,541312684,44958848
#4214839,540464592,44958848
#4214839,543441033,44958848
#4214839,540214913,44958848
#4214839,539847008,44958848
4214839,5.41056e+08,44958848,2.57264e+06
#4425580,573791972,47206784
#4425580,576074753,47206784
#4425580,572864861,47206784
#4425580,574738340,47206784
#4425580,573476036,47206784
4425580,5.74189e+08,47206784,2.24092e+06
#4646859,606265283,49567104
#4646859,609111457,49567104
#4646859,609471537,49567104
#4646859,609986824,49567104
#4646859,608187081,49567104
4646859,6.08604e+08,49567104,2.61775e+06
#4879201,644763623,52045440
#4879201,640320432,52045440
#4879201,652695060,52045440
#4879201,658752685,52045440
#4879201,653590612,52045440
4879201,6.50024e+08,52045440,1.32023e+07
#5123161,687766035,54647808
#5123161,690461969,54647808
#5123161,686106081,54647808
#5123161,688333783,54647808
#5123161,685521066,54647808
5123161,6.87638e+08,54647808,3.49897e+06
#5379319,725273795,57380096
#5379319,726905675,57380096
#5379319,733872649,57380096
#5379319,727784371,57380096
#5379319,728078237,57380096
5379319,7.28383e+08,57380096,5.82664e+06
#5648284,768394938,60248960
#5648284,772732096,60248960
#5648284,771478605,60248960
#5648284,773198594,60248960
#5648284,772928615,60248960
5648284,7.71747e+08,60248960,3.55326e+06
#5930698,815921210,63261440
#5930698,818560099,63261440
#5930698,815056402,63261440
#5930698,811946702,63261440
#5930698,816804997,63261440
5930698,8.15658e+08,63261440,4.37655e+06
#6227232,864989603,66424448
#6227232,868954638,66424448
#6227232,865200193,66424448
#6227232,867221518,66424448
#6227232,865781743,66424448
6227232,8.6643e+08,66424448,2.96752e+06
#6538593,905275338,69745664
#6538593,912031450,69745664
#6538593,913365894,69745664
#6538593,917480312,69745664
#6538593,912498865,69745664
6538593,9.1213e+08,69745664,7.8631e+06
#6865522,967852244,73232896
#6865522,960080587,73232896
#6865522,971641936,73232896
#6865522,968369553,73232896
#6865522,968853240,73232896
6865522,9.6736e+08,73232896,7.73646e+06
#7208798,1022979528,76894592
#7208798,1027249732,76894592
#7208798,1026323132,76894592
#7208798,1024411805,76894592
#7208798,1022961351,76894592
7208798,1.02479e+09,76894592,3.48315e+06
#7569237,1087068550,80739200
#7569237,1093342436,80739200
#7569237,1085280954,80739200
#7569237,1090793171,80739200
#7569237,1088801569,80739200
7569237,1.08906e+09,80739200,5.63254e+06
#7947698,1152701731,84776064
#7947698,1154283377,84776064
#7947698,1154091763,84776064
#7947698,1155796690,84776064
#7947698,1155912857,84776064
7947698,1.15456e+09,84776064,2.3847e+06
#8345082,1224038811,89014912
#8345082,1224745249,89014912
#8345082,1222316710,89014912
#8345082,1230128824,89014912
#8345082,1236081282,89014912
8345082,1.22746e+09,89014912,1.00788e+07
#8762336,1291928471,93465600
#8762336,1299611282,93465600
#8762336,1291480514,93465600
#8762336,1303977284,93465600
#8762336,1300735167,93465600
8762336,1.29755e+09,93465600,9.96571e+06
#9200452,1368937964,98138880
#9200452,1373294619,98138880
#9200452,1373311601,98138880
#9200452,1376977207,98138880
#9200452,1372027771,98138880
9200452,1.37291e+09,98138880,5.16966e+06
#9660474,1454307191,103045632
#9660474,1453472921,103045632
#9660474,1455946137,103045632
#9660474,1439596214,103045632
#9660474,1446130971,103045632
9660474,1.44989e+09,103045632,1.23002e+07
