#1,562,256
#1,47,256
#1,31,256
#1,45,256
#1,28,256
1,142.6,256,419.666
#2,58,256
#2,46,256
#2,43,256
#2,70,256
#2,37,256
2,50.8,256,23.5763
#3,60,256
#3,49,256
#3,45,256
#3,46,256
#3,44,256
3,48.8,256,11.6893
#4,59,256
#4,54,256
#4,52,256
#4,52,256
#4,53,256
4,54,256,5.21536
#5,69,256
#5,66,256
#5,63,256
#5,72,256
#5,58,256
5,65.6,256,9.68297
#6,75,256
#6,78,256
#6,71,256
#6,67,256
#6,64,256
6,71,256,10.198
#7,82,256
#7,81,256
#7,95,256
#7,74,256
#7,79,256
7,82.2,256,13.937
#8,113,256
#8,98,256
#8,92,256
#8,93,256
#8,85,256
8,96.2,256,18.7361
#9,102,256
#9,100,256
#9,95,256
#9,90,256
#9,95,256
9,96.4,256,8.44748
#10,106,256
#10,108,256
#10,108,256
#10,121,256
#10,97,256
10,108,256,15.3362
#11,132,256
#11,114,256
#11,114,256
#11,117,256
#11,116,256
11,118.6,256,13.6
#12,415,384
#12,341,384
#12,275,384
#12,299,384
#12,272,384
12,320.4,384,106.715
#13,280,384
#13,224,384
#13,228,384
#13,223,384
#13,407,384
13,272.4,384,141.221
#14,327,384
#14,318,384
#14,308,384
#14,304,384
#14,267,384
14,304.8,384,41.0541
#15,181,384
#15,139,384
#15,126,384
#15,125,384
#15,129,384
15,140,384,42.1806
#16,164,384
#16,147,384
#16,141,384
#16,171,384
#16,134,384
16,151.4,384,27.9027
#17,180,384
#17,152,384
#17,150,384
#17,138,384
#17,137,384
17,151.4,384,31.0767
#18,189,384
#18,190,384
#18,146,384
#18,145,384
#18,148,384
18,163.6,384,42.3434
#19,190,384
#19,160,384
#19,155,384
#19,159,384
#19,190,384
19,170.8,384,31.5316
#20,201,384
#20,170,384
#20,166,384
#20,171,384
#20,171,384
20,175.8,384,25.4684
#21,193,384
#21,163,384
#21,206,384
#21,166,384
#21,164,384
21,178.4,384,35.4762
#22,225,384
#22,203,384
#22,202,384
#22,183,384
#22,185,384
22,199.6,384,30.3473
#23,531,640
#23,517,640
#23,448,640
#23,435,640
#23,410,640
23,468.2,640,94.7536
#24,501,640
#24,462,640
#24,419,640
#24,396,640
#24,426,640
24,440.8,640,73.6196
#25,485,640
#25,396,640
#25,381,640
#25,387,640
#25,373,640
25,404.4,640,81.9912
#26,468,640
#26,411,640
#26,414,640
#26,405,640
#26,401,640
26,419.8,640,49.0453
#27,542,640
#27,477,640
#27,456,640
#27,418,640
#27,406,640
27,459.8,640,96.7835
#28,481,640
#28,429,640
#28,393,640
#28,411,640
#28,433,640
28,429.4,640,58.9182
#29,310,640
#29,266,640
#29,248,640
#29,248,640
#29,231,640
29,260.6,640,54.1346
#30,255,640
#30,230,640
#30,224,640
#30,221,640
#30,216,640
30,229.2,640,27.3467
#31,307,640
#31,318,640
#31,266,640
#31,247,640
#31,228,640
31,273.2,640,68.8813
#32,312,640
#32,271,640
#32,266,640
#32,256,640
#32,255,640
32,272,640,41.7804
#33,321,640
#33,278,640
#33,262,640
#33,275,640
#33,257,640
33,278.6,640,45.1947
#34,777,896
#34,759,896
#34,636,896
#34,633,896
#34,552,896
34,671.4,896,169.255
#35,732,896
#35,677,896
#35,623,896
#35,624,896
#35,649,896
35,661,896,81.2601
#36,726,896
#36,719,896
#36,609,896
#36,619,896
#36,587,896
36,652,896,117.057
#37,722,896
#37,652,896
#37,625,896
#37,593,896
#37,610,896
37,640.4,896,90.338
#38,690,896
#38,687,896
#38,616,896
#38,614,896
#38,580,896
38,637.4,896,87.3027
#39,718,896
#39,616,896
#39,611,896
#39,598,896
#39,587,896
39,626,896,94.2083
#40,825,896
#40,777,896
#40,665,896
#40,615,896
#40,596,896
40,695.6,896,180.495
#42,757,896
#42,698,896
#42,649,896
#42,629,896
#42,629,896
42,672.4,896,98.4975
#44,416,896
#44,376,896
#44,351,896
#44,341,896
#44,341,896
44,365,896,57.0614
#46,913,1152
#46,841,1152
#46,862,1152
#46,841,1152
#46,824,1152
46,856.2,1152,61.7012
#48,978,1152
#48,907,1152
#48,899,1152
#48,871,1152
#48,851,1152
48,901.2,1152,86.5739
#50,939,1152
#50,853,1152
#50,887,1152
#50,880,1152
#50,883,1152
50,888.4,1152,55.9657
#52,988,1152
#52,967,1152
#52,909,1152
#52,875,1152
#52,877,1152
52,923.2,1152,92.8517
#54,1044,1152
#54,933,1152
#54,905,1152
#54,894,1152
#54,885,1152
54,932.2,1152,116.368
#56,1015,1152
#56,980,1152
#56,981,1152
#56,933,1152
#56,904,1152
56,962.6,1152,78.4714
#58,1060,1408
#58,997,1408
#58,872,1408
#58,921,1408
#58,933,1408
58,956.6,1408,130.553
#60,1104,1408
#60,999,1408
#60,989,1408
#60,988,1408
#60,983,1408
60,1012.6,1408,91.9878
#63,1124,1408
#63,1029,1408
#63,995,1408
#63,959,1408
#63,956,1408
63,1012.6,1408,123.5
#66,1117,1408
#66,1027,1408
#66,945,1408
#66,1003,1408
#66,943,1408
66,1007,1408,127.925
#69,1129,1408
#69,1072,1408
#69,984,1408
#69,1018,1408
#69,926,1408
69,1025.8,1408,140.151
#72,1236,1536
#72,1136,1536
#72,1005,1536
#72,1005,1536
#72,1039,1536
72,1084.2,1536,179.588
#75,1235,1536
#75,1131,1536
#75,1128,1536
#75,1140,1536
#75,1132,1536
75,1153.2,1536,82.1842
#78,1266,1536
#78,1141,1536
#78,1066,1536
#78,1126,1536
#78,1035,1536
78,1126.8,1536,159.255
#81,1269,1536
#81,1198,1536
#81,1096,1536
#81,1099,1536
#81,1084,1536
81,1149.2,1536,145.148
#85,1320,1664
#85,1257,1664
#85,1242,1664
#85,1153,1664
#85,1203,1664
85,1235,1664,111.377
#89,1321,1664
#89,1310,1664
#89,1188,1664
#89,1164,1664
#89,1210,1664
89,1238.6,1664,129.093
#93,1435,1664
#93,1387,1664
#93,1255,1664
#93,1248,1664
#93,1225,1664
93,1310,1664,168.874
#97,1621,1664
#97,1428,1664
#97,1272,1664
#97,1339,1664
#97,1239,1664
97,1379.8,1664,273.658
#101,1693,1792
#101,1636,1792
#101,1529,1792
#101,1502,1792
#101,1381,1792
101,1548.2,1792,217.504
#106,1547,1792
#106,1522,1792
#106,1429,1792
#106,1399,1792
#106,1377,1792
106,1454.8,1792,135.2
#111,1515,1792
#111,1480,1792
#111,1415,1792
#111,1408,1792
#111,1384,1792
111,1440.4,1792,98.0171
#116,1772,1920
#116,1639,1920
#116,1630,1920
#116,1479,1920
#116,1566,1920
116,1617.2,1920,192.505
#121,1757,1920
#121,1659,1920
#121,1559,1920
#121,1492,1920
#121,1488,1920
121,1591,1920,207.102
#127,1891,2176
#127,1783,2176
#127,1653,2176
#127,1622,2176
#127,1602,2176
127,1710.2,2176,220.448
#133,1960,2176
#133,1788,2176
#133,1703,2176
#133,1700,2176
#133,1699,2176
133,1770,2176,201.701
#139,2069,2176
#139,2013,2176
#139,1738,2176
#139,1825,2176
#139,1707,2176
139,1870.4,2176,291.297
#145,2277,2304
#145,2212,2304
#145,1980,2304
#145,1928,2304
#145,1894,2304
145,2058.2,2304,311.842
#152,2175,2304
#152,2021,2304
#152,1886,2304
#152,1875,2304
#152,1861,2304
152,1963.6,2304,240.638
#159,2272,2432
#159,2149,2432
#159,2007,2432
#159,1979,2432
#159,1986,2432
159,2078.6,2432,229.75
#166,2340,2432
#166,2258,2432
#166,2133,2432
#166,2037,2432
#166,2030,2432
166,2159.6,2432,244.559
#174,2418,2560
#174,2304,2560
#174,2146,2560
#174,2132,2560
#174,2091,2560
174,2218.2,2560,246.747
#182,4007,3072
#182,3789,3072
#182,3580,3072
#182,3517,3072
#182,3469,3072
182,3672.4,3072,399.611
#191,4210,3200
#191,4024,3200
#191,3828,3200
#191,3736,3200
#191,3728,3200
191,3905.2,3200,372.027
#200,2888,2944
#200,2592,2944
#200,2503,2944
#200,2488,2944
#200,2417,2944
200,2577.6,2944,329.777
#210,3067,2944
#210,2899,2944
#210,2650,2944
#210,2589,2944
#210,2534,2944
210,2747.8,2944,405.209
#220,2965,3072
#220,2818,3072
#220,2634,3072
#220,2648,3072
#220,2628,3072
220,2738.6,3072,266.748
#231,3146,3200
#231,3038,3200
#231,2800,3200
#231,2773,3200
#231,2684,3200
231,2888.2,3200,348.309
#242,3450,3328
#242,3218,3328
#242,3002,3328
#242,2939,3328
#242,2928,3328
242,3107.4,3328,401.257
#254,3669,3456
#254,3373,3456
#254,3095,3456
#254,3088,3456
#254,3027,3456
254,3250.4,3456,482.234
#266,5650,4096
#266,5271,4096
#266,5028,4096
#266,5004,4096
#266,4955,4096
266,5181.6,4096,516.816
#279,3786,3712
#279,3647,3712
#279,3495,3712
#279,3435,3712
#279,3382,3712
279,3549,3712,296.073
#292,6547,4608
#292,6107,4608
#292,5823,4608
#292,5741,4608
#292,5675,4608
292,5978.6,4608,640.252
#306,6757,4736
#306,6378,4736
#306,5994,4736
#306,5932,4736
#306,5857,4736
306,6183.6,4736,676.755
#321,7394,4864
#321,6936,4864
#321,6581,4864
#321,6442,4864
#321,6318,4864
321,6734.2,4864,778.785
#337,4849,4480
#337,4653,4480
#337,4391,4480
#337,4318,4480
#337,4218,4480
337,4485.8,4480,463.664
#353,5528,4608
#353,5135,4608
#353,4658,4608
#353,4612,4608
#353,4534,4608
353,4893.4,4608,761.501
#370,7944,5632
#370,7612,5632
#370,7403,5632
#370,7323,5632
#370,7155,5632
370,7487.4,5632,543.065
#388,8594,5760
#388,8119,5760
#388,7568,5760
#388,7396,5760
#388,7312,5760
388,7797.8,5760,974.621
#407,5635,5248
#407,5291,5248
#407,4923,5248
#407,4872,5248
#407,4831,5248
407,5110.4,5248,618.281
#427,8647,6400
#427,8592,6400
#427,8270,6400
#427,8150,6400
#427,7935,6400
427,8318.8,6400,537.052
#448,9255,6528
#448,8873,6528
#448,8539,6528
#448,8409,6528
#448,8474,6528
448,8710,6528,631.906
#470,10664,6912
#470,10236,6912
#470,9524,6912
#470,9264,6912
#470,9157,6912
470,9769,6912,1169.17
#493,10405,7296
#493,10038,7296
#493,9508,7296
#493,9454,7296
#493,9320,7296
493,9745,7296,821.182
#517,10502,7552
#517,10257,7552
#517,10035,7552
#517,9885,7552
#517,9734,7552
517,10082.6,7552,543.43
#542,11028,7808
#542,10695,7808
#542,10411,7808
#542,10328,7808
#542,10186,7808
542,10529.6,7808,599.019
#569,11503,8320
#569,11244,8320
#569,10932,8320
#569,10823,8320
#569,10681,8320
569,11036.6,8320,595.692
#597,11794,8576
#597,11626,8576
#597,11391,8576
#597,11121,8576
#597,11029,8576
597,11392.2,8576,580.738
#626,13122,9088
#626,12686,9088
#626,12092,9088
#626,12109,9088
#626,11815,9088
626,12364.8,9088,946.004
#657,13620,9344
#657,13316,9344
#657,13023,9344
#657,12630,9344
#657,12593,9344
657,13036.4,9344,790.296
#689,14123,9984
#689,13634,9984
#689,13152,9984
#689,12932,9984
#689,12772,9984
689,13322.6,9984,988.916
#723,14296,10240
#723,13956,10240
#723,13505,10240
#723,13350,10240
#723,13132,10240
723,13647.8,10240,843.932
#759,15627,10880
#759,14986,10880
#759,14589,10880
#759,14406,10880
#759,14113,10880
759,14744.2,10880,1048.69
#796,15829,11136
#796,15369,11136
#796,14852,11136
#796,14619,11136
#796,14650,11136
796,15063.8,11136,934.929
#835,16671,11776
#835,16276,11776
#835,15768,11776
#835,15652,11776
#835,15418,11776
835,15957,11776,908.107
#876,30853,12288
#876,17694,12288
#876,17067,12288
#876,16768,12288
#876,16583,12288
876,19793,12288,11085.7
#919,18658,12928
#919,18253,12928
#919,17532,12928
#919,17337,12928
#919,17157,12928
919,17787.4,12928,1145.5
#964,20187,13312
#964,19386,13312
#964,18626,13312
#964,18463,13312
#964,18225,13312
964,18977.4,13312,1437.85
#1012,20623,14080
#1012,20091,14080
#1012,19642,14080
#1012,19246,14080
#1012,19023,14080
1012,19725,14080,1155.68
#1062,21457,14720
#1062,20938,14720
#1062,20534,14720
#1062,20157,14720
#1062,19964,14720
1062,20610,14720,1078.26
#1115,22894,15488
#1115,22614,15488
#1115,21915,15488
#1115,21490,15488
#1115,21354,15488
1115,22053.4,15488,1215.44
#1170,23456,16128
#1170,23008,16128
#1170,22467,16128
#1170,22052,16128
#1170,21987,16128
1170,22594,16128,1128.82
#1228,25509,16896
#1228,24892,16896
#1228,23941,16896
#1228,23620,16896
#1228,23229,16896
1228,24238.2,16896,1680.8
#1289,27802,17792
#1289,26917,17792
#1289,25881,17792
#1289,25138,17792
#1289,24877,17792
1289,26123,17792,2196.5
#1353,27412,18560
#1353,26830,18560
#1353,26258,18560
#1353,25854,18560
#1353,25909,18560
1353,26452.6,18560,1184.76
#1420,29009,19456
#1420,28334,19456
#1420,27614,19456
#1420,27188,19456
#1420,26881,19456
1420,27805.2,19456,1549.3
#1491,30229,20352
#1491,29362,20352
#1491,29026,20352
#1491,28283,20352
#1491,28049,20352
1491,28989.8,20352,1564.64
#1565,31589,21376
#1565,30851,21376
#1565,30203,21376
#1565,29673,21376
#1565,29452,21376
1565,30353.6,21376,1567.78
#1643,33572,22400
#1643,32679,22400
#1643,31841,22400
#1643,31464,22400
#1643,33304,22400
1643,32572,22400,1627.1
#1725,36290,23424
#1725,35348,23424
#1725,34273,23424
#1725,33651,23424
#1725,32976,23424
1725,34507.6,23424,2369.44
#1811,36665,24704
#1811,35956,24704
#1811,35067,24704
#1811,34528,24704
#1811,34277,24704
1811,35298.6,24704,1786.7
#1901,39372,25728
#1901,38474,25728
#1901,37252,25728
#1901,36517,25728
#1901,36244,25728
1901,37571.8,25728,2371.94
#1996,40411,27008
#1996,39534,27008
#1996,38582,27008
#1996,37703,27008
#1996,37429,27008
1996,38731.8,27008,2234.53
#2095,42763,28416
#2095,41934,28416
#2095,40859,28416
#2095,40192,28416
#2095,39749,28416
2095,41099.4,28416,2221.51
#2199,44778,29824
#2199,43823,29824
#2199,43017,29824
#2199,42257,29824
#2199,42000,29824
2199,43175,29824,2047.01
#2308,48040,31104
#2308,46912,31104
#2308,45625,31104
#2308,44649,31104
#2308,44305,31104
2308,45906.2,31104,2798.31
#2423,50069,32640
#2423,49366,32640
#2423,48180,32640
#2423,47370,32640
#2423,46909,32640
2423,48378.8,32640,2374.67
#2544,53316,34176
#2544,52265,34176
#2544,50756,34176
#2544,49887,34176
#2544,49407,34176
2544,51126.2,34176,2928.54
#2671,54099,35968
#2671,53002,35968
#2671,52202,35968
#2671,51208,35968
#2671,63805,35968
2671,54863.2,35968,9140.96
#2804,58525,37760
#2804,57581,37760
#2804,56810,37760
#2804,55708,37760
#2804,55151,37760
2804,56755,37760,2447.4
#2944,60971,39552
#2944,59834,39552
#2944,58842,39552
#2944,57959,39552
#2944,57463,39552
2944,59013.8,39552,2537.79
#3091,65673,41472
#3091,64186,41472
#3091,63035,41472
#3091,62410,41472
#3091,61913,41472
3091,63443.4,41472,2698.06
#3245,67856,43392
#3245,66742,43392
#3245,65607,43392
#3245,65094,43392
#3245,64385,43392
3245,65936.8,43392,2459.08
#3407,70971,45568
#3407,70197,45568
#3407,68525,45568
#3407,67758,45568
#3407,67664,45568
3407,69023,45568,2663.55
#3577,75381,47872
#3577,73684,47872
#3577,72654,47872
#3577,71568,47872
#3577,71391,47872
3577,72935.6,47872,2949.64
#3755,77348,50176
#3755,76452,50176
#3755,75105,50176
#3755,74372,50176
#3755,74035,50176
3755,75462.4,50176,2512.21
#3942,82156,52608
#3942,81503,52608
#3942,80013,52608
#3942,78990,52608
#3942,78572,52608
3942,80246.8,52608,2780.25
#4139,89389,55296
#4139,90098,55296
#4139,86979,55296
#4139,85610,55296
#4139,85203,55296
4139,87455.8,55296,3942.38
#4345,93907,57984
#4345,92588,57984
#4345,90684,57984
#4345,89612,57984
#4345,88831,57984
4345,91124.4,57984,3755.1
#4562,95716,60800
#4562,94835,60800
#4562,93611,60800
#4562,92630,60800
#4562,92533,60800
4562,93865,60800,2486.94
#4790,99599,63872
#4790,98785,63872
#4790,97620,63872
#4790,96595,63872
#4790,96095,63872
4790,97738.8,63872,2619.82
#5029,106664,67072
#5029,105194,67072
#5029,104154,67072
#5029,103134,67072
#5029,103090,67072
5029,104447,67072,2701.76
#5280,113053,70272
#5280,112210,70272
#5280,110572,70272
#5280,111908,70272
#5280,109403,70272
5280,111429,70272,2579.29
#5544,119922,73728
#5544,117942,73728
#5544,116627,73728
#5544,115463,73728
#5544,114914,73728
5544,116974,73728,3608.31
#5821,125107,77440
#5821,123555,77440
#5821,122362,77440
#5821,121482,77440
#5821,120834,77440
5821,122668,77440,3046.21
#6112,146403,81280
#6112,129342,81280
#6112,128038,81280
#6112,127707,81280
#6112,126343,81280
6112,131567,81280,14958.6
#6417,134418,85248
#6417,133486,85248
#6417,132540,85248
#6417,131403,85248
#6417,133094,85248
6417,132988,85248,2003.41
#6737,142257,89472
#6737,141334,89472
#6737,139704,89472
#6737,139244,89472
#6737,138359,89472
6737,140180,89472,2837.51
#7073,148491,93952
#7073,147485,93952
#7073,146264,93952
#7073,145312,93952
#7073,145205,93952
7073,146551,93952,2540.1
#7426,159674,98560
#7426,158059,98560
#7426,156501,98560
#7426,155837,98560
#7426,155176,98560
7426,157049,98560,3248.15
#7797,168016,103296
#7797,163942,103296
#7797,162602,103296
#7797,177716,103296
#7797,170331,103296
7797,168521,103296,10736.1
#8186,184061,108544
#8186,191291,108544
#8186,176631,108544
#8186,175983,108544
#8186,175462,108544
8186,180686,108544,12319.4
#8595,184902,113792
#8595,183314,113792
#8595,182049,113792
#8595,181677,113792
#8595,180846,113792
8595,182558,113792,2832.96
#9024,193150,119680
#9024,192351,119680
#9024,190746,119680
#9024,190082,119680
#9024,189114,119680
9024,191089,119680,2949.26
#9475,210010,125440
#9475,208847,125440
#9475,207193,125440
#9475,206258,125440
#9475,215436,125440
9475,209549,125440,6433.88
#9948,219160,131712
#9948,217722,131712
#9948,215330,131712
#9948,217396,131712
#9948,214641,131712
9948,216850,131712,3296.63
#10445,224546,138368
#10445,223594,138368
#10445,222057,138368
#10445,221354,138368
#10445,220205,138368
10445,222351,138368,3104.68
#10967,235543,145152
#10967,233796,145152
#10967,232960,145152
#10967,231452,145152
#10967,231594,145152
10967,233069,145152,3026.73
#11515,250478,152320
#11515,248577,152320
#11515,247139,152320
#11515,246149,152320
#11515,262255,152320
11515,250920,152320,11703.9
#12090,279920,159872
#12090,260850,159872
#12090,260317,159872
#12090,259451,159872
#12090,259052,159872
12090,263918,159872,16051.8
#12694,275039,167808
#12694,273498,167808
#12694,273234,167808
#12694,272698,167808
#12694,288029,167808
12694,276500,167808,11634
#13328,307863,176128
#13328,291255,176128
#13328,289758,176128
#13328,289713,176128
#13328,289118,176128
13328,293541,176128,14390.9
#13994,304657,185088
#13994,303520,185088
#13994,302456,185088
#13994,301730,185088
#13994,301149,185088
13994,302702,185088,2515.27
#14693,322658,194304
#14693,321638,194304
#14693,319964,194304
#14693,321288,194304
#14693,318487,194304
14693,320807,194304,2890.14
#15427,336797,203776
#15427,335772,203776
#15427,334899,203776
#15427,333972,203776
#15427,333197,203776
15427,334927,203776,2548.2
#16198,359782,213888
#16198,358049,213888
#16198,356872,213888
#16198,356678,213888
#16198,356743,213888
16198,357625,213888,2378.94
#17007,374568,224640
#17007,373106,224640
#17007,371566,224640
#17007,373762,224640
#17007,390866,224640
17007,376774,224640,14229.6
#17857,391567,235904
#17857,390721,235904
#17857,390261,235904
#17857,389901,235904
#17857,408074,235904
17857,394105,235904,14013.6
#18749,410679,247680
#18749,409341,247680
#18749,408420,247680
#18749,409178,247680
#18749,408214,247680
18749,409166,247680,1739.6
#19686,443068,259968
#19686,430884,259968
#19686,429877,259968
#19686,429331,259968
#19686,429436,259968
19686,432519,259968,10605.8
#20670,456221,272896
#20670,457324,272896
#20670,453712,272896
#20670,452807,272896
#20670,453160,272896
20670,454645,272896,3590.52
#21703,479517,286592
#21703,478797,286592
#21703,479959,286592
#21703,477874,286592
#21703,478357,286592
21703,478901,286592,1512.69
#22788,505195,300672
#22788,503827,300672
#22788,522668,300672
#22788,505344,300672
#22788,502580,300672
22788,507923,300672,14881.8
#23927,529058,315904
#23927,526636,315904
#23927,536191,315904
#23927,514616,315904
#23927,537596,315904
23927,528819,315904,16442.1
#25123,565207,331648
#25123,556001,331648
#25123,555111,331648
#25123,556906,331648
#25123,555447,331648
25123,557734,331648,7570.74
#26379,591592,348160
#26379,592946,348160
#26379,592425,348160
#26379,596914,348160
#26379,590249,348160
26379,592825,348160,4476.66
#27697,605682,365440
#27697,631957,365440
#27697,621611,365440
#27697,618259,365440
#27697,617895,365440
27697,619081,365440,16824
#29081,661415,383616
#29081,649637,383616
#29081,649918,383616
#29081,648756,383616
#29081,657078,383616
29081,653361,383616,10024.4
#30535,689079,402816
#30535,688383,402816
#30535,697928,402816
#30535,670152,402816
#30535,673829,402816
30535,683874,402816,20671.4
#32061,712872,423040
#32061,713211,423040
#32061,711492,423040
#32061,737523,423040
#32061,746409,423040
32061,724301,423040,29411.1
#33664,753575,444032
#33664,786555,444032
#33664,794772,444032
#33664,769574,444032
#33664,768575,444032
33664,774610,444032,29030.2
#35347,791967,466176
#35347,816985,466176
#35347,833257,466176
#35347,808192,466176
#35347,806505,466176
35347,811381,466176,27141.3
#37114,887733,489344
#37114,871612,489344
#37114,873947,489344
#37114,850846,489344
#37114,856881,489344
37114,868204,489344,26160.9
#38969,898779,513792
#38969,897771,513792
#38969,897003,513792
#38969,896512,513792
#38969,897436,513792
38969,897500,513792,1532.72
#40917,946141,539392
#40917,948085,539392
#40917,915263,539392
#40917,975863,539392
#40917,921506,539392
40917,941372,539392,43209
#42962,977565,566272
#42962,975067,566272
#42962,974848,566272
#42962,973424,566272
#42962,977593,566272
42962,975699,566272,3270.28
#45110,1088928,594688
#45110,1060320,594688
#45110,1055360,594688
#45110,1048460,594688
#45110,1009110,594688
45110,1.05244e+06,594688,51344.5
#47365,1112536,624384
#47365,1121545,624384
#47365,1110664,624384
#47365,1112133,624384
#47365,1097767,624384
47365,1.11093e+06,624384,15232.6
#49733,1162144,655488
#49733,1161844,655488
#49733,1158484,655488
#49733,1158573,655488
#49733,1160378,655488
49733,1.16028e+06,655488,3107.35
#52219,1238011,688256
#52219,1229327,688256
#52219,1228170,688256
#52219,1215049,688256
#52219,1248829,688256
52219,1.23188e+06,688256,22421.8
#54829,1299436,722688
#54829,1287971,722688
#54829,1289754,722688
#54829,1292223,722688
#54829,1302653,722688
54829,1.29441e+06,722688,11353.6
#57570,1380298,758784
#57570,1358626,758784
#57570,1365394,758784
#57570,1329818,758784
#57570,1325821,758784
57570,1.35199e+06,758784,41966.3
#60448,1452168,796544
#60448,1458270,796544
#60448,1421816,796544
#60448,1396893,796544
#60448,1399094,796544
60448,1.42565e+06,796544,51491
#63470,1515127,836352
#63470,1493699,836352
#63470,1527240,836352
#63470,1480890,836352
#63470,1475460,836352
63470,1.49848e+06,836352,39663
#66643,1583413,878208
#66643,1594544,878208
#66643,1507586,878208
#66643,1594593,878208
#66643,1543255,878208
66643,1.56468e+06,878208,68447.5
#69975,1667570,921984
#69975,1683329,921984
#69975,1659255,921984
#69975,1716964,921984
#69975,1671899,921984
69975,1.6798e+06,921984,40276.2
#73473,1748613,968064
#73473,1712839,968064
#73473,1709657,968064
#73473,1712897,968064
#73473,1709687,968064
73473,1.71874e+06,968064,30010.9
#77146,1847228,1016448
#77146,1826511,1016448
#77146,1825152,1016448
#77146,1798155,1016448
#77146,1801466,1016448
77146,1.8197e+06,1016448,36117.3
#81003,1954565,1067136
#81003,1955030,1067136
#81003,1960532,1067136
#81003,1904011,1067136
#81003,1903624,1067136
81003,1.93555e+06,1067136,51993.2
#85053,2091710,1120640
#85053,2046895,1120640
#85053,2090672,1120640
#85053,2041045,1120640
#85053,2044922,1120640
85053,2.06305e+06,1120640,46114.6
#89305,2132368,1176448
#89305,2174169,1176448
#89305,2133841,1176448
#89305,2141698,1176448
#89305,2095919,1176448
89305,2.1356e+06,1176448,49902.9
#93770,2265959,1235200
#93770,2229635,1235200
#93770,2235599,1235200
#93770,2202549,1235200
#93770,2293258,1235200
93770,2.2454e+06,1235200,62570.7
#98458,2328339,1297024
#98458,2322746,1297024
#98458,2330507,1297024
#98458,2441602,1297024
#98458,2385708,1297024
98458,2.36178e+06,1297024,91930.6
#103380,2476008,1361920
#103380,2462657,1361920
#103380,2486641,1361920
#103380,2531615,1361920
#103380,2442070,1361920
103380,2.4798e+06,1361920,59755.6
#108549,2623028,1429888
#108549,2563250,1429888
#108549,2574444,1429888
#108549,2576512,1429888
#108549,2586620,1429888
108549,2.58477e+06,1429888,41036.8
#113976,2748802,1501440
#113976,2699610,1501440
#113976,2746360,1501440
#113976,2693996,1501440
#113976,2695533,1501440
113976,2.71686e+06,1501440,50324.6
#119674,2900452,1576320
#119674,2847698,1576320
#119674,2907159,1576320
#119674,2845299,1576320
#119674,2850364,1576320
119674,2.87019e+06,1576320,55143.6
#125657,3064989,1655168
#125657,3001037,1655168
#125657,2993911,1655168
#125657,2990075,1655168
#125657,3077790,1655168
125657,3.02556e+06,1655168,75603.4
#131939,3164573,1737984
#131939,3149564,1737984
#131939,3147415,1737984
#131939,3173184,1737984
#131939,3142719,1737984
131939,3.15549e+06,1737984,22960.8
#138535,3343322,1824768
#138535,3312510,1824768
#138535,3356329,1824768
#138535,3352610,1824768
#138535,3358925,1824768
138535,3.34474e+06,1824768,33920.4
#145461,3515336,1916032
#145461,3480735,1916032
#145461,3544272,1916032
#145461,3486781,1916032
#145461,3534904,1916032
145461,3.51241e+06,1916032,50516.4
#152734,3776212,2011648
#152734,3733446,2011648
#152734,3775312,2011648
#152734,3722753,2011648
#152734,3718979,2011648
152734,3.74534e+06,2011648,50580.2
#160370,3976764,2112128
#160370,3914095,2112128
#160370,3873441,2112128
#160370,3872731,2112128
#160370,3803430,2112128
160370,3.88809e+06,2112128,113691
#168388,4220334,2217600
#168388,4124014,2217600
#168388,4071155,2217600
#168388,4091068,2217600
#168388,4115739,2217600
168388,4.12446e+06,2217600,102857
#176807,4430149,2328704
#176807,4362960,2328704
#176807,4372227,2328704
#176807,4392581,2328704
#176807,4285974,2328704
176807,4.36878e+06,2328704,94806
#185647,4655486,2444928
#185647,4538399,2444928
#185647,4580926,2444928
#185647,4450171,2444928
#185647,4513943,2444928
185647,4.54778e+06,2444928,136995
#194929,5066625,2567040
#194929,4889230,2567040
#194929,4748538,2567040
#194929,4778586,2567040
#194929,4832543,2567040
194929,4.8631e+06,2567040,225044
#204675,5217701,2695552
#204675,5087285,2695552
#204675,5078701,2695552
#204675,5007614,2695552
#204675,5075168,2695552
204675,5.09329e+06,2695552,136809
#214908,5552483,2830208
#214908,5350561,2830208
#214908,5392726,2830208
#214908,5257263,2830208
#214908,5353422,2830208
214908,5.38129e+06,2830208,192959
#225653,5808907,2971648
#225653,5661799,2971648
#225653,5661831,2971648
#225653,5678923,2971648
#225653,5697941,2971648
225653,5.70188e+06,2971648,110300
#236935,6275051,3120000
#236935,5920286,3120000
#236935,5992418,3120000
#236935,6092799,3120000
#236935,6072909,3120000
236935,6.07069e+06,3120000,238336
#248781,6501289,3276288
#248781,6404293,3276288
#248781,6263903,3276288
#248781,6337463,3276288
#248781,6340172,3276288
248781,6.36942e+06,3276288,159037
#261220,6870537,3439872
#261220,6690370,3439872
#261220,6766026,3439872
#261220,6671896,3439872
#261220,6667915,3439872
261220,6.73335e+06,3439872,154386
#274281,7269739,3611904
#274281,7083556,3611904
#274281,7333560,3611904
#274281,7371745,3611904
#274281,7154199,3611904
274281,7.24256e+06,3611904,216884
#287995,7719906,3792512
#287995,7467153,3792512
#287995,7591772,3792512
#287995,7524040,3792512
#287995,7542241,3792512
287995,7.56902e+06,3792512,170649
#302394,8251792,3982080
#302394,7981712,3982080
#302394,8023800,3982080
#302394,8431684,3982080
#302394,8053761,3982080
302394,8.14855e+06,3982080,338474
#317513,8802749,4181120
#317513,8668832,4181120
#317513,8564635,4181120
#317513,8505055,4181120
#317513,8737203,4181120
317513,8.65569e+06,4181120,218037
#333388,9426336,4390016
#333388,9174290,4390016
#333388,9125889,4390016
#333388,9225384,4390016
#333388,9092350,4390016
333388,9.20885e+06,4390016,235326
#350057,9837375,4609664
#350057,9760533,4609664
#350057,9660018,4609664
#350057,9740106,4609664
#350057,9662701,4609664
350057,9.73215e+06,4609664,132567
#367559,10408116,4840064
#367559,10313912,4840064
#367559,10420932,4840064
#367559,10243596,4840064
#367559,10480195,4840064
367559,1.03734e+07,4840064,167947
#385936,11271260,5081856
#385936,11041735,5081856
#385936,11034566,5081856
#385936,11035434,5081856
#385936,10988353,5081856
385936,1.10743e+07,5081856,200659
#405232,11726207,5336064
#405232,11626021,5336064
#405232,11628178,5336064
#405232,11631339,5336064
#405232,11708667,5336064
405232,1.16641e+07,5336064,87896.2
#425493,12380399,5602688
#425493,12318755,5602688
#425493,12243986,5602688
#425493,12433768,5602688
#425493,12321415,5602688
425493,1.23397e+07,5602688,127873
#446767,13050600,5882752
#446767,13075310,5882752
#446767,12978804,5882752
#446767,12918274,5882752
#446767,12962561,5882752
446767,1.29971e+07,5882752,115656
#469105,13787833,6176896
#469105,13937126,6176896
#469105,13655101,6176896
#469105,13787997,6176896
#469105,13818728,6176896
469105,1.37974e+07,6176896,179794
#492560,14645350,6485632
#492560,14649778,6485632
#492560,14530993,6485632
#492560,14738241,6485632
#492560,14667583,6485632
492560,1.46464e+07,6485632,133311
#517188,15490918,6809856
#517188,15256270,6809856
#517188,15385098,6809856
#517188,15383937,6809856
#517188,15540160,6809856
517188,1.54113e+07,6809856,196801
#543047,16429666,7150464
#543047,16389804,7150464
#543047,16363934,7150464
#543047,16439668,7150464
#543047,16276749,7150464
543047,1.638e+07,7150464,116763
#570199,17785766,7507840
#570199,17182437,7507840
#570199,17482131,7507840
#570199,17500721,7507840
#570199,17219464,7507840
570199,1.74341e+07,7507840,438011
#598708,18516578,7883136
#598708,18290264,7883136
#598708,18341037,7883136
#598708,18240727,7883136
#598708,18529494,7883136
598708,1.83836e+07,7883136,236481
#628643,19720665,8277376
#628643,20303395,8277376
#628643,19657387,8277376
#628643,19550868,8277376
#628643,19760850,8277376
628643,1.97986e+07,8277376,524312
#660075,21185279,8691072
#660075,20862592,8691072
#660075,20986631,8691072
#660075,21204279,8691072
#660075,21096396,8691072
660075,2.1067e+07,8691072,256033
#693078,23045907,9125632
#693078,22731785,9125632
#693078,22725004,9125632
#693078,22648677,9125632
#693078,22825571,9125632
693078,2.27954e+07,9125632,274509
#727731,25284505,9581824
#727731,24933144,9581824
#727731,24853382,9581824
#727731,24767172,9581824
#727731,24683152,9581824
727731,2.49043e+07,9581824,415395
#764117,27022823,10060928
#764117,26597652,10060928
#764117,26845449,10060928
#764117,26831912,10060928
#764117,27083726,10060928
764117,2.68763e+07,10060928,340660
#802322,29077010,10563840
#802322,28960320,10563840
#802322,28984964,10563840
#802322,29178917,10563840
#802322,28988059,10563840
802322,2.90379e+07,10563840,161791
#842438,32352591,11092224
#842438,31604800,11092224
#842438,31508306,11092224
#842438,31491663,11092224
#842438,31476191,11092224
842438,3.16867e+07,11092224,671891
#884559,34580609,11646592
#884559,34865103,11646592
#884559,34370612,11646592
#884559,34396480,11646592
#884559,34576154,11646592
884559,3.45578e+07,11646592,353673
#928786,37637062,12228864
#928786,38551271,12228864
#928786,37574307,12228864
#928786,38764192,12228864
#928786,37616150,12228864
928786,3.80286e+07,12228864,1.03695e+06
#975225,41137077,12840192
#975225,42046871,12840192
#975225,41205062,12840192
#975225,41454865,12840192
#975225,41606289,12840192
975225,4.149e+07,12840192,651526
#1023986,45341921,13482240
#1023986,45495724,13482240
#1023986,45405571,13482240
#1023986,45301682,13482240
#1023986,45060792,13482240
1023986,4.53211e+07,13482240,291479
#1075185,49853363,14156160
#1075185,49716508,14156160
#1075185,49379414,14156160
#1075185,49715642,14156160
#1075185,49997851,14156160
1075185,4.97326e+07,14156160,410101
#1128944,54108066,14864000
#1128944,53973070,14864000
#1128944,54150596,14864000
#1128944,54799432,14864000
#1128944,54291003,14864000
1128944,5.42644e+07,14864000,572176
#1185391,59143274,15607296
#1185391,60017008,15607296
#1185391,59160007,15607296
#1185391,58997705,15607296
#1185391,60695015,15607296
1185391,5.96026e+07,15607296,1.30778e+06
#1244660,64396362,16387712
#1244660,64285631,16387712
#1244660,64557042,16387712
#1244660,64614686,16387712
#1244660,64322327,16387712
1244660,6.44352e+07,16387712,258736
#1306893,70512094,17207040
#1306893,70471331,17207040
#1306893,70200076,17207040
#1306893,70332476,17207040
#1306893,70811469,17207040
1306893,7.04655e+07,17207040,409922
#1372237,76873983,18067200
#1372237,77471710,18067200
#1372237,76967644,18067200
#1372237,76819712,18067200
#1372237,77200891,18067200
1372237,7.70668e+07,18067200,481660
#1440848,87331758,18970496
#1440848,84337047,18970496
#1440848,83788866,18970496
#1440848,83468314,18970496
#1440848,83585260,18970496
1440848,8.45022e+07,18970496,2.89167e+06
#1512890,95366065,19918976
#1512890,91300844,19918976
#1512890,91020738,19918976
#1512890,90989300,19918976
#1512890,91099244,19918976
1512890,9.19552e+07,19918976,3.41772e+06
#1588534,103269436,20914944
#1588534,98283500,20914944
#1588534,98096116,20914944
#1588534,97942164,20914944
#1588534,98016487,20914944
1588534,9.91215e+07,20914944,4.15412e+06
#1667960,112071913,21960576
#1667960,106239644,21960576
#1667960,106764799,21960576
#1667960,106314905,21960576
#1667960,106445464,21960576
1667960,1.07567e+08,21960576,4.51887e+06
#1751358,121792234,23058560
#1751358,115574586,23058560
#1751358,115417874,23058560
#1751358,115132221,23058560
#1751358,115123917,23058560
1751358,1.16608e+08,23058560,5.19546e+06
#1838925,130223983,24211456
#1838925,124606606,24211456
#1838925,124497945,24211456
#1838925,124380795,24211456
#1838925,124349484,24211456
1838925,1.25612e+08,24211456,4.61581e+06
#1930871,139892772,25422208
#1930871,141051917,25422208
#1930871,140475442,25422208
#1930871,143542455,25422208
#1930871,140652773,25422208
1930871,1.41123e+08,25422208,2.53183e+06
#2027414,151285038,26693248
#2027414,150920847,26693248
#2027414,151446052,26693248
#2027414,152268718,26693248
#2027414,151335707,26693248
2027414,1.51451e+08,26693248,890207
#2128784,162382066,28027648
#2128784,162477871,28027648
#2128784,162256955,28027648
#2128784,162560183,28027648
#2128784,163075244,28027648
2128784,1.6255e+08,28027648,562326
#2235223,173962681,29428992
#2235223,174186268,29428992
#2235223,174916248,29428992
#2235223,174453121,29428992
#2235223,174331456,29428992
2235223,1.7437e+08,29428992,636520
#2346984,187381223,30900480
#2346984,186757388,30900480
#2346984,187427466,30900480
#2346984,187141891,30900480
#2346984,187009735,30900480
2346984,1.87144e+08,30900480,493256
#2464333,199845324,32445312
#2464333,196597205,32445312
#2464333,199875696,32445312
#2464333,200983494,32445312
#2464333,200281463,32445312
2464333,1.99517e+08,32445312,3.03271e+06
#2587549,214292192,34067712
#2587549,210405616,34067712
#2587549,210152400,34067712
#2587549,210844209,34067712
#2587549,210086299,34067712
2587549,2.11156e+08,34067712,3.18088e+06
#2716926,224904665,35771136
#2716926,224476553,35771136
#2716926,224527728,35771136
#2716926,224903736,35771136
#2716926,225283580,35771136
2716926,2.24819e+08,35771136,588192
#2852772,241136078,37559680
#2852772,239953010,37559680
#2852772,240435789,37559680
#2852772,240123633,37559680
#2852772,240624150,37559680
2852772,2.40455e+08,37559680,826871
#2995410,256892402,39437440
#2995410,256846221,39437440
#2995410,264644747,39437440
#2995410,259975155,39437440
#2995410,257116923,39437440
2995410,2.59095e+08,39437440,6.02632e+06
#3145180,274991512,41409280
#3145180,274438025,41409280
#3145180,274279491,41409280
#3145180,273733189,41409280
#3145180,274094583,41409280
3145180,2.74307e+08,41409280,829872
#3302439,298625142,43479680
#3302439,300551307,43479680
#3302439,300555613,43479680
#3302439,299890570,43479680
#3302439,299414900,43479680
3302439,2.99808e+08,43479680,1.46203e+06
#3467560,319285532,45653632
#3467560,317894048,45653632
#3467560,317615895,45653632
#3467560,318977583,45653632
#3467560,317976394,45653632
3467560,3.1835e+08,45653632,1.31315e+06
#3640938,338244056,47936256
#3640938,337962383,47936256
#3640938,338585023,47936256
#3640938,338410341,47936256
#3640938,340056698,47936256
3640938,3.38652e+08,47936256,1.46371e+06
#3822984,360436762,50333184
#3822984,361321613,50333184
#3822984,360182235,50333184
#3822984,360743531,50333184
#3822984,359992216,50333184
3822984,3.60535e+08,50333184,934218
#4014133,383851363,52849536
#4014133,384125428,52849536
#4014133,386476001,52849536
#4014133,383845664,52849536
#4014133,383574734,52849536
4014133,3.84375e+08,52849536,2.13003e+06
#4214839,412700688,55492096
#4214839,410604491,55492096
#4214839,411313238,55492096
#4214839,411011982,55492096
#4214839,410811883,55492096
4214839,4.11288e+08,55492096,1.48765e+06
#4425580,437171234,58266624
#4425580,436146531,58266624
#4425580,436336364,58266624
#4425580,436057823,58266624
#4425580,436196758,58266624
4425580,4.36382e+08,58266624,809851
#4646859,466223891,61179904
#4646859,463722816,61179904
#4646859,463598904,61179904
#4646859,462615615,61179904
#4646859,462940194,61179904
4646859,4.6382e+08,61179904,2.53955e+06
#4879201,491090922,64238976
#4879201,491192948,64238976
#4879201,490986304,64238976
#4879201,491105339,64238976
#4879201,491947851,64238976
4879201,4.91265e+08,64238976,695668
#5123161,520289386,67451008
#5123161,520838277,67451008
#5123161,520629990,67451008
#5123161,521116733,67451008
#5123161,520050430,67451008
5123161,5.20585e+08,67451008,760035
#5379319,551613169,70823424
#5379319,552174639,70823424
#5379319,553274391,70823424
#5379319,551473862,70823424
#5379319,551462066,70823424
5379319,5.52e+08,70823424,1.37707e+06
#5648284,584482351,74364288
#5648284,583633708,74364288
#5648284,594697619,74364288
#5648284,585656482,74364288
#5648284,585461216,74364288
5648284,5.86786e+08,74364288,8.0433e+06
#5930698,620630438,78082688
#5930698,618839305,78082688
#5930698,618701546,78082688
#5930698,619257443,78082688
#5930698,624061900,78082688
5930698,6.20298e+08,78082688,4.00367e+06
#6227232,656568376,81986688
#6227232,656583344,81986688
#6227232,656183105,81986688
#6227232,655294812,81986688
#6227232,655323164,81986688
6227232,6.55991e+08,81986688,1.14955e+06
#6538593,694157914,86086016
#6538593,693557547,86086016
#6538593,694671618,86086016
#6538593,693350935,86086016
#6538593,693846557,86086016
6538593,6.93917e+08,86086016,930413
#6865522,734418057,90390400
#6865522,734216302,90390400
#6865522,734986504,90390400
#6865522,735441683,90390400
#6865522,734606852,90390400
6865522,7.34734e+08,90390400,871124
#7208798,776369149,94909824
#7208798,776066212,94909824
#7208798,776724707,94909824
#7208798,776498297,94909824
#7208798,778017305,94909824
7208798,7.76735e+08,94909824,1.35102e+06
#7569237,820921765,99655168
#7569237,821067557,99655168
#7569237,820751491,99655168
#7569237,821251682,99655168
#7569237,823741858,99655168
7569237,8.21547e+08,99655168,2.21959e+06
#7947698,871245713,104637824
#7947698,888534007,104637824
#7947698,873389511,104637824
#7947698,873647986,104637824
#7947698,872254141,104637824
7947698,8.75814e+08,104637824,1.28346e+07
#8345082,925219454,109869696
#8345082,923141936,109869696
#8345082,920831366,109869696
#8345082,923073029,109869696
#8345082,921799739,109869696
8345082,9.22813e+08,109869696,2.95573e+06
#8762336,977272522,115363200
#8762336,978091766,115363200
#8762336,978343961,115363200
#8762336,976312465,115363200
#8762336,975882331,115363200
8762336,9.77181e+08,115363200,1.92484e+06
#9200452,1034944287,121131392
#9200452,1033208407,121131392
#9200452,1031677172,121131392
#9200452,1031437634,121131392
#9200452,1031361368,121131392
9200452,1.03253e+09,121131392,2.7677e+06
#9660474,1091807380,127187712
#9660474,1092097488,127187712
#9660474,1090336634,127187712
#9660474,1092195898,127187712
#9660474,1094671450,127187712
9660474,1.09222e+09,127187712,2.79177e+06
