#1,208,256
#1,30,256
#1,29,256
#1,30,256
#1,29,256
#1,28,256
#1,29,256
#1,27,256
#1,28,256
#1,27,256
1,46.5,256,107.686
#2,71,256
#2,44,256
#2,47,256
#2,38,256
#2,37,256
#2,38,256
#2,38,256
#2,37,256
#2,37,256
#2,37,256
2,42.4,256,20.1633
#3,48,256
#3,47,256
#3,46,256
#3,48,256
#3,49,256
#3,50,256
#3,44,256
#3,43,256
#3,42,256
#3,40,256
3,45.7,256,6.26418
#4,55,256
#4,54,256
#4,56,256
#4,54,256
#4,55,256
#4,57,256
#4,58,256
#4,51,256
#4,51,256
#4,54,256
4,54.5,256,4.31277
#5,59,256
#5,61,256
#5,59,256
#5,69,256
#5,61,256
#5,61,256
#5,61,256
#5,58,256
#5,59,256
#5,61,256
5,60.9,256,5.82752
#6,67,256
#6,67,256
#6,83,256
#6,91,256
#6,64,256
#6,65,256
#6,67,256
#6,64,256
#6,68,256
#6,68,256
6,70.4,256,17.2093
#7,74,256
#7,75,256
#7,74,256
#7,75,256
#7,73,256
#7,97,256
#7,93,256
#7,85,256
#7,83,256
#7,85,256
7,81.4,256,16.3511
#8,85,256
#8,83,256
#8,87,256
#8,88,256
#8,92,256
#8,123,256
#8,84,256
#8,84,256
#8,84,256
#8,85,256
8,89.5,256,22.8954
#10,127,256
#10,116,256
#10,114,256
#10,116,256
#10,127,256
#10,113,256
#10,116,256
#10,116,256
#10,113,256
#10,101,256
10,115.9,256,13.9843
#12,119,256
#12,143,256
#12,135,256
#12,143,256
#12,138,256
#12,138,256
#12,129,256
#12,115,256
#12,140,256
#12,138,256
12,133.8,256,18.5213
#15,166,384
#15,147,384
#15,139,384
#15,147,384
#15,131,384
#15,134,384
#15,132,384
#15,133,384
#15,137,384
#15,133,384
15,139.9,384,20.6194
#18,155,384
#18,155,384
#18,145,384
#18,145,384
#18,204,384
#18,164,384
#18,146,384
#18,144,384
#18,145,384
#18,147,384
18,155,384,34.917
#22,183,384
#22,253,384
#22,204,384
#22,185,384
#22,187,384
#22,187,384
#22,181,384
#22,183,384
#22,189,384
#22,188,384
22,194,384,41.1437
#27,233,640
#27,210,640
#27,208,640
#27,210,640
#27,200,640
#27,210,640
#27,208,640
#27,211,640
#27,204,640
#27,246,640
27,214,640,26.9072
#33,256,640
#33,241,640
#33,245,640
#33,250,640
#33,236,640
#33,233,640
#33,235,640
#33,237,640
#33,234,640
#33,234,640
33,240.1,640,14.8714
#41,378,896
#41,359,896
#41,319,896
#41,328,896
#41,321,896
#41,323,896
#41,318,896
#41,322,896
#41,303,896
#41,302,896
41,327.3,896,44.936
#51,442,896
#51,428,896
#51,380,896
#51,370,896
#51,359,896
#51,469,896
#51,363,896
#51,463,896
#51,364,896
#51,360,896
51,399.8,896,86.0781
#63,659,1152
#63,613,1152
#63,526,1152
#63,572,1152
#63,455,1152
#63,450,1152
#63,451,1152
#63,449,1152
#63,549,1152
#63,453,1152
63,517.7,1152,148.208
#78,712,1536
#78,597,1536
#78,538,1536
#78,652,1536
#78,528,1536
#78,526,1536
#78,527,1536
#78,529,1536
#78,526,1536
#78,525,1536
78,566,1536,125.971
#97,939,1664
#97,819,1664
#97,721,1664
#97,655,1664
#97,654,1664
#97,657,1664
#97,803,1664
#97,650,1664
#97,656,1664
#97,654,1664
97,720.8,1664,190.313
#121,1127,1920
#121,990,1920
#121,863,1920
#121,860,1920
#121,833,1920
#121,837,1920
#121,839,1920
#121,851,1920
#121,838,1920
#121,836,1920
121,887.4,1920,182.79
#151,1155,2176
#151,1147,2176
#151,1018,2176
#151,1017,2176
#151,1017,2176
#151,1013,2176
#151,1018,2176
#151,1005,2176
#151,1021,2176
#151,1017,2176
151,1042.8,2176,108.564
#188,1862,2560
#188,1668,2560
#188,1383,2560
#188,1315,2560
#188,1269,2560
#188,1272,2560
#188,1271,2560
#188,1268,2560
#188,1359,2560
#188,1267,2560
188,1393.4,2560,389.526
#235,2014,3072
#235,1984,3072
#235,1657,3072
#235,1602,3072
#235,1571,3072
#235,1568,3072
#235,1573,3072
#235,1563,3072
#235,1553,3072
#235,1546,3072
235,1663.1,3072,341.395
#293,2797,3584
#293,2425,3584
#293,2108,3584
#293,2017,3584
#293,1990,3584
#293,1986,3584
#293,1994,3584
#293,2123,3584
#293,1990,3584
#293,2005,3584
293,2143.5,3584,504.956
#366,3087,4352
#366,2876,4352
#366,2649,4352
#366,2639,4352
#366,2457,4352
#366,2440,4352
#366,2431,4352
#366,2437,4352
#366,2416,4352
#366,2514,4352
366,2594.6,4352,428.675
#457,4382,5248
#457,3785,5248
#457,3369,5248
#457,3149,5248
#457,3088,5248
#457,3074,5248
#457,3216,5248
#457,3084,5248
#457,3068,5248
#457,3069,5248
457,3328.4,5248,820.332
#571,5012,6400
#571,4574,6400
#571,4092,6400
#571,4012,6400
#571,3899,6400
#571,3882,6400
#571,3810,6400
#571,3795,6400
#571,3818,6400
#571,3804,6400
571,4069.8,6400,771.31
#713,6484,7808
#713,5772,7808
#713,5131,7808
#713,5084,7808
#713,5013,7808
#713,4903,7808
#713,4852,7808
#713,4948,7808
#713,4871,7808
#713,4767,7808
713,5182.5,7808,1018.73
#891,8729,9472
#891,7646,9472
#891,6896,9472
#891,6573,9472
#891,6478,9472
#891,6342,9472
#891,6207,9472
#891,6197,9472
#891,6214,9472
#891,6221,9472
891,6750.3,9472,1572.28
#1113,11824,11648
#1113,22710,11648
#1113,9623,11648
#1113,9152,11648
#1113,8777,11648
#1113,8541,11648
#1113,8618,11648
#1113,8594,11648
#1113,8375,11648
#1113,8354,11648
1113,10456.8,11648,8402.54
#1391,14336,14464
#1391,12930,14464
#1391,11656,14464
#1391,11087,14464
#1391,10857,14464
#1391,10635,14464
#1391,10350,14464
#1391,10182,14464
#1391,10151,14464
#1391,10103,14464
1391,11228.7,14464,2648.73
#1738,16604,17920
#1738,15239,17920
#1738,13959,17920
#1738,13388,17920
#1738,13027,17920
#1738,12917,17920
#1738,12772,17920
#1738,12462,17920
#1738,12400,17920
#1738,12398,17920
1738,13516.6,17920,2643.85
#2172,25194,22144
#2172,18878,22144
#2172,17564,22144
#2172,16779,22144
#2172,16293,22144
#2172,16045,22144
#2172,15974,22144
#2172,15768,22144
#2172,15792,22144
#2172,15689,22144
2172,17397.6,22144,5535.88
#2715,27035,27520
#2715,24826,27520
#2715,23405,27520
#2715,22164,27520
#2715,34652,27520
#2715,22733,27520
#2715,22327,27520
#2715,22328,27520
#2715,22177,27520
#2715,22176,27520
2715,24382.3,27520,7469.19
#3393,37537,34304
#3393,35159,34304
#3393,32487,34304
#3393,31218,34304
#3393,30356,34304
#3393,30078,34304
#3393,29464,34304
#3393,29247,34304
#3393,29152,34304
#3393,29089,34304
3393,31378.7,34304,5463.27
#4241,45935,42624
#4241,43380,42624
#4241,55279,42624
#4241,41298,42624
#4241,40081,42624
#4241,39479,42624
#4241,39179,42624
#4241,38848,42624
#4241,38438,42624
#4241,38221,42624
4241,42013.8,42624,9982.21
#5301,65657,53120
#5301,58153,53120
#5301,55836,53120
#5301,54144,53120
#5301,53269,53120
#5301,52174,53120
#5301,63603,53120
#5301,49661,53120
#5301,49366,53120
#5301,49115,53120
5301,55097.8,53120,11040.4
#6626,71487,66176
#6626,69256,66176
#6626,67128,66176
#6626,65282,66176
#6626,64248,66176
#6626,63359,66176
#6626,62719,66176
#6626,62246,66176
#6626,61960,66176
#6626,62048,66176
6626,64973.3,66176,6286.41
#8282,94763,82560
#8282,93251,82560
#8282,91036,82560
#8282,89545,82560
#8282,88014,82560
#8282,87078,82560
#8282,86455,82560
#8282,85853,82560
#8282,85340,82560
#8282,85201,82560
8282,88653.6,82560,6431.19
#10352,115015,103040
#10352,112639,103040
#10352,111117,103040
#10352,109437,103040
#10352,108962,103040
#10352,108375,103040
#10352,120810,103040
#10352,109215,103040
#10352,108793,103040
#10352,109279,103040
10352,111364,103040,7436.02
#12940,151368,128640
#12940,150504,128640
#12940,148020,128640
#12940,152742,128640
#12940,145730,128640
#12940,145523,128640
#12940,145393,128640
#12940,145707,128640
#12940,145018,128640
#12940,145056,128640
12940,147506,128640,5605.83
#16175,189838,160640
#16175,189606,160640
#16175,199013,160640
#16175,181938,160640
#16175,182110,160640
#16175,181707,160640
#16175,180719,160640
#16175,195347,160640
#16175,185848,160640
#16175,185366,160640
16175,187149,160640,11825.5
#20218,247304,200576
#20218,245946,200576
#20218,244813,200576
#20218,245688,200576
#20218,244386,200576
#20218,244490,200576
#20218,242977,200576
#20218,244013,200576
#20218,243248,200576
#20218,244173,200576
20218,244704,200576,2473.18
#25272,309201,250496
#25272,307354,250496
#25272,306720,250496
#25272,306540,250496
#25272,305855,250496
#25272,323455,250496
#25272,312854,250496
#25272,312953,250496
#25272,322330,250496
#25272,305374,250496
25272,311264,250496,12695.1
#31590,399874,312960
#31590,399069,312960
#31590,397814,312960
#31590,396824,312960
#31590,397698,312960
#31590,399219,312960
#31590,421500,312960
#31590,418785,312960
#31590,427950,312960
#31590,407260,312960
31590,406599,312960,22227.8
#39487,525128,391040
#39487,521423,391040
#39487,522201,391040
#39487,522975,391040
#39487,522389,391040
#39487,523390,391040
#39487,548398,391040
#39487,548900,391040
#39487,521893,391040
#39487,521915,391040
39487,527861,391040,20881.9
#49358,677687,488576
#49358,675737,488576
#49358,676769,488576
#49358,677001,488576
#49358,678069,488576
#49358,677913,488576
#49358,675889,488576
#49358,676608,488576
#49358,676830,488576
#49358,676980,488576
49358,676948,488576,1481.54
#61697,873108,610560
#61697,856867,610560
#61697,856322,610560
#61697,857285,610560
#61697,856579,610560
#61697,859193,610560
#61697,857346,610560
#61697,856586,610560
#61697,854314,610560
#61697,859187,610560
61697,858679,610560,9982.41
#77121,1073385,763008
#77121,1070703,763008
#77121,1070334,763008
#77121,1072582,763008
#77121,1068517,763008
#77121,1069386,763008
#77121,1070123,763008
#77121,1071056,763008
#77121,1070604,763008
#77121,1070101,763008
77121,1.07068e+06,763008,2698.19
#96401,1383752,953600
#96401,1350210,953600
#96401,1343120,953600
#96401,1344914,953600
#96401,1341947,953600
#96401,1342995,953600
#96401,1347586,953600
#96401,1343838,953600
#96401,1384216,953600
#96401,1405205,953600
96401,1.35878e+06,953600,43899.4
#120501,1746176,1191808
#120501,1730087,1191808
#120501,1718824,1191808
#120501,1718354,1191808
#120501,1723199,1191808
#120501,1764829,1191808
#120501,1723482,1191808
#120501,1718451,1191808
#120501,1737250,1191808
#120501,1718140,1191808
120501,1.72988e+06,1191808,29328.9
#150626,2202551,1489536
#150626,2180904,1489536
#150626,2161090,1489536
#150626,2159631,1489536
#150626,2159487,1489536
#150626,2156913,1489536
#150626,2191861,1489536
#150626,2172187,1489536
#150626,2175043,1489536
#150626,2220154,1489536
150626,2.17798e+06,1489536,40167.5
#188282,2863467,1861760
#188282,2747802,1861760
#188282,2734438,1861760
#188282,2736207,1861760
#188282,2728899,1861760
#188282,2725800,1861760
#188282,2730384,1861760
#188282,2736050,1861760
#188282,2777848,1861760
#188282,2727910,1861760
188282,2.75088e+06,1861760,80443.8
#235352,3737931,2326912
#235352,3502217,2326912
#235352,3442551,2326912
#235352,3483882,2326912
#235352,3436028,2326912
#235352,3487982,2326912
#235352,3483847,2326912
#235352,3435159,2326912
#235352,3487887,2326912
#235352,3481773,2326912
235352,3.49793e+06,2326912,166510
#294190,4796994,2908544
#294190,4359470,2908544
#294190,4371990,2908544
#294190,4312032,2908544
#294190,4309277,2908544
#294190,4352345,2908544
#294190,4399842,2908544
#294190,4324676,2908544
#294190,4318709,2908544
#294190,4368616,2908544
294190,4.3914e+06,2908544,276259
#367737,5930001,3635456
#367737,5450929,3635456
#367737,5460317,3635456
#367737,5489916,3635456
#367737,5478628,3635456
#367737,5516611,3635456
#367737,5450143,3635456
#367737,5535878,3635456
#367737,5521119,3635456
#367737,5426154,3635456
367737,5.52597e+06,3635456,277594
#459671,7605893,4544128
#459671,7059618,4544128
#459671,6904775,4544128
#459671,7054054,4544128
#459671,6982385,4544128
#459671,7111958,4544128
#459671,6991945,4544128
#459671,7035930,4544128
#459671,7078437,4544128
#459671,6983374,4544128
459671,7.08084e+06,4544128,367659
#574588,11237465,5680000
#574588,9268681,5680000
#574588,9401353,5680000
#574588,9378318,5680000
#574588,9502391,5680000
#574588,9394708,5680000
#574588,9353646,5680000
#574588,9857568,5680000
#574588,9575693,5680000
#574588,9473615,5680000
574588,9.64434e+06,5680000,1.10549e+06
#718235,14938176,7099904
#718235,14403003,7099904
#718235,14479813,7099904
#718235,14487864,7099904
#718235,14567891,7099904
#718235,14756402,7099904
#718235,14334257,7099904
#718235,14299745,7099904
#718235,14498375,7099904
#718235,14680703,7099904
718235,1.45446e+07,7099904,375569
#897793,25411620,8874624
#897793,24217605,8874624
#897793,24452922,8874624
#897793,24359201,8874624
#897793,24832950,8874624
#897793,24964420,8874624
#897793,24818351,8874624
#897793,24906266,8874624
#897793,25268493,8874624
#897793,24802289,8874624
897793,2.48034e+07,8874624,717538
#1122241,41929361,11093120
#1122241,41783013,11093120
#1122241,41788491,11093120
#1122241,41672185,11093120
#1122241,41631645,11093120
#1122241,41898010,11093120
#1122241,43940690,11093120
#1122241,43445657,11093120
#1122241,42998428,11093120
#1122241,42456792,11093120
1122241,4.23544e+07,11093120,1.56919e+06
#1402801,66955476,13866240
#1402801,66562010,13866240
#1402801,66327204,13866240
#1402801,66233288,13866240
#1402801,65777944,13866240
#1402801,66042929,13866240
#1402801,65966955,13866240
#1402801,65577966,13866240
#1402801,66033858,13866240
#1402801,66056981,13866240
1402801,6.61535e+07,13866240,745526
#1753501,100037602,17332608
#1753501,98421544,17332608
#1753501,98348298,17332608
#1753501,99604495,17332608
#1753501,98557857,17332608
#1753501,98996279,17332608
#1753501,98436199,17332608
#1753501,98417351,17332608
#1753501,99012580,17332608
#1753501,98779751,17332608
1753501,9.88612e+07,17332608,1.07893e+06
#2191876,141975750,21665536
#2191876,144111720,21665536
#2191876,144709255,21665536
#2191876,141896043,21665536
#2191876,141909598,21665536
#2191876,142138468,21665536
#2191876,143034162,21665536
#2191876,142518864,21665536
#2191876,142767079,21665536
#2191876,141383921,21665536
2191876,1.42644e+08,21665536,1.99912e+06
#2739845,197959081,27081856
#2739845,200068763,27081856
#2739845,197544564,27081856
#2739845,197632534,27081856
#2739845,197469759,27081856
#2739845,197191558,27081856
#2739845,197933039,27081856
#2739845,197059098,27081856
#2739845,197122290,27081856
#2739845,197143775,27081856
2739845,1.97712e+08,27081856,1.6882e+06
#3424806,269267329,33852032
#3424806,268098783,33852032
#3424806,267638959,33852032
#3424806,267422068,33852032
#3424806,267669526,33852032
#3424806,267813903,33852032
#3424806,267247975,33852032
#3424806,269683662,33852032
#3424806,274362700,33852032
#3424806,268905313,33852032
3424806,2.68811e+08,33852032,4.01748e+06
#4281007,366977263,42314880
#4281007,366820218,42314880
#4281007,366646372,42314880
#4281007,367204586,42314880
#4281007,365045434,42314880
#4281007,365123755,42314880
#4281007,365146627,42314880
#4281007,366369117,42314880
#4281007,366060615,42314880
#4281007,364991057,42314880
4281007,3.66039e+08,42314880,1.67892e+06
#5351258,481310576,52893440
#5351258,481851216,52893440
#5351258,481015311,52893440
#5351258,480647729,52893440
#5351258,480969868,52893440
#5351258,481722949,52893440
#5351258,483048274,52893440
#5351258,482609729,52893440
#5351258,481879916,52893440
#5351258,483105017,52893440
5351258,4.81816e+08,52893440,1.64941e+06
#6689072,630502882,66116608
#6689072,625653646,66116608
#6689072,626753430,66116608
#6689072,625567505,66116608
#6689072,625744719,66116608
#6689072,627021178,66116608
#6689072,629958512,66116608
#6689072,628137256,66116608
#6689072,626561245,66116608
#6689072,626739763,66116608
6689072,6.27264e+08,66116608,3.30945e+06
#8361340,817015781,82645632
#8361340,817360278,82645632
#8361340,826380690,82645632
#8361340,824610153,82645632
#8361340,821996307,82645632
#8361340,817004898,82645632
#8361340,817802213,82645632
#8361340,817197432,82645632
#8361340,818328448,82645632
#8361340,821001900,82645632
8361340,8.1987e+08,82645632,6.54551e+06
