#1,508,256
#1,89,256
#1,51,256
#1,50,256
#1,50,256
1,149.6,256,359.65
#2,139,256
#2,131,256
#2,125,256
#2,77,256
#2,64,256
2,107.2,256,61.1411
#3,120,256
#3,154,256
#3,180,256
#3,126,256
#3,128,256
3,141.6,256,44.9284
#4,191,256
#4,250,256
#4,155,256
#4,200,256
#4,198,256
4,198.8,256,60.6815
#5,197,256
#5,135,256
#5,140,256
#5,142,256
#5,142,256
5,151.2,256,46.0851
#6,202,256
#6,192,256
#6,179,256
#6,156,256
#6,136,256
6,173,256,48.1331
#7,231,256
#7,187,256
#7,156,256
#7,175,256
#7,182,256
7,186.2,256,49.4999
#8,400,256
#8,291,256
#8,231,256
#8,199,256
#8,212,256
8,266.6,256,147.538
#9,333,256
#9,286,256
#9,236,256
#9,230,256
#9,224,256
9,261.8,256,83.7176
#10,287,256
#10,276,256
#10,263,256
#10,263,256
#10,249,256
10,267.6,256,25.8488
#11,338,256
#11,303,256
#11,314,256
#11,329,256
#11,313,256
11,319.4,256,24.9351
#12,416,256
#12,384,256
#12,389,256
#12,398,256
#12,399,256
12,397.2,256,21.887
#13,1759,384
#13,1197,384
#13,863,384
#13,702,384
#13,731,384
13,1050.4,384,791.011
#14,1145,384
#14,889,384
#14,1136,384
#14,1079,384
#14,919,384
14,1033.6,384,217.254
#15,582,384
#15,453,384
#15,374,384
#15,397,384
#15,373,384
15,435.8,384,157.325
#16,530,384
#16,401,384
#16,369,384
#16,372,384
#16,381,384
16,410.6,384,121.475
#17,684,384
#17,490,384
#17,462,384
#17,493,384
#17,450,384
17,515.8,384,171.349
#18,584,384
#18,562,384
#18,524,384
#18,481,384
#18,464,384
18,523,384,91.5991
#19,737,384
#19,712,384
#19,581,384
#19,507,384
#19,523,384
19,612,384,190.855
#20,660,384
#20,679,384
#20,623,384
#20,578,384
#20,583,384
20,624.6,384,80.5839
#22,793,384
#22,634,384
#22,597,384
#22,577,384
#22,577,384
22,635.6,384,162.813
#24,880,384
#24,716,384
#24,693,384
#24,745,384
#24,650,384
24,736.8,384,156.099
#26,2489,640
#26,1872,640
#26,1518,640
#26,1383,640
#26,1375,640
26,1727.4,640,842.657
#28,2072,640
#28,1983,640
#28,1818,640
#28,1829,640
#28,1539,640
28,1848.2,640,363.475
#30,1046,640
#30,1091,640
#30,1026,640
#30,950,640
#30,879,640
30,998.4,640,150.203
#33,1146,640
#33,1118,640
#33,1037,640
#33,1135,640
#33,1054,640
33,1098,640,88.227
#36,1302,640
#36,1330,640
#36,1060,640
#36,1095,640
#36,1017,640
36,1160.8,640,258.82
#39,3979,896
#39,3370,896
#39,3002,896
#39,2665,896
#39,2568,896
39,3116.8,896,1029.94
#42,3275,896
#42,2964,896
#42,2578,896
#42,2486,896
#42,2427,896
42,2746,896,648.043
#46,1621,896
#46,1537,896
#46,1421,896
#46,1479,896
#46,1463,896
46,1504.2,896,138.486
#50,4439,1152
#50,3898,1152
#50,3085,1152
#50,2999,1152
#50,2796,1152
50,3443.4,1152,1246.74
#55,4013,1152
#55,4037,1152
#55,3540,1152
#55,3325,1152
#55,3077,1152
55,3598.4,1152,755.925
#60,2371,1152
#60,2087,1152
#60,1999,1152
#60,1888,1152
#60,2032,1152
60,2075.4,1152,322.928
#66,5827,1280
#66,5264,1280
#66,4593,1280
#66,4277,1280
#66,4141,1280
66,4820.4,1280,1270.78
#72,2756,1280
#72,2758,1280
#72,2442,1280
#72,2473,1280
#72,2550,1280
72,2595.8,1280,272.477
#79,6011,1536
#79,5561,1536
#79,5078,1536
#79,5181,1536
#79,4809,1536
79,5328,1536,836.3
#86,6599,1664
#86,6278,1664
#86,5740,1664
#86,5627,1664
#86,5731,1664
86,5995,1664,756.333
#94,6987,1664
#94,6847,1664
#94,6098,1664
#94,5987,1664
#94,5886,1664
94,6361,1664,922.059
#103,8144,1792
#103,7213,1792
#103,6816,1792
#103,6651,1792
#103,6386,1792
103,7042,1792,1225.7
#113,8990,1920
#113,8243,1920
#113,7776,1920
#113,7502,1920
#113,7240,1920
113,7950.2,1920,1233.7
#124,10262,1920
#124,9362,1920
#124,8346,1920
#124,8182,1920
#124,8007,1920
124,8831.8,1920,1712.34
#136,10041,2048
#136,9481,2048
#136,8755,2048
#136,8344,2048
#136,8365,2048
136,8997.2,2048,1329.24
#149,10984,2176
#149,10659,2176
#149,9616,2176
#149,9488,2176
#149,9286,2176
149,10006.6,2176,1362.85
#163,11983,2432
#163,11040,2432
#163,10866,2432
#163,10265,2432
#163,10087,2432
163,10848.2,2432,1339.98
#179,13275,2560
#179,12409,2560
#179,11634,2560
#179,11477,2560
#179,11266,2560
179,12012.2,2560,1480.11
#196,14294,2688
#196,14175,2688
#196,13098,2688
#196,13093,2688
#196,12833,2688
196,13498.6,2688,1219.24
#215,16907,2944
#215,15732,2944
#215,28196,2944
#215,13932,2944
#215,20374,2944
215,19028.2,2944,10087.4
#236,16804,3072
#236,15908,3072
#236,15209,3072
#236,14762,3072
#236,14427,3072
236,15422,3072,1701.09
#259,18389,3456
#259,17952,3456
#259,17189,3456
#259,16478,3456
#259,16270,3456
259,17255.6,3456,1637.09
#284,20713,3712
#284,20034,3712
#284,18980,3712
#284,18490,3712
#284,18304,3712
284,19304.2,3712,1851.65
#312,22582,3968
#312,21340,3968
#312,20657,3968
#312,19934,3968
#312,19802,3968
312,20863,3968,2042.29
#343,23493,4352
#343,22526,4352
#343,21436,4352
#343,21029,4352
#343,20709,4352
343,21838.6,4352,2059.73
#377,26989,4608
#377,26620,4608
#377,25969,4608
#377,25017,4608
#377,24604,4608
377,25839.8,4608,1822.15
#414,30350,5120
#414,28958,5120
#414,27977,5120
#414,26885,5120
#414,26807,5120
414,28195.4,5120,2670.78
#455,35436,5504
#455,34419,5504
#455,33300,5504
#455,31821,5504
#455,31295,5504
455,33254.2,5504,3099.89
#500,36829,6016
#500,35876,6016
#500,34829,6016
#500,34108,6016
#500,34071,6016
500,35142.6,6016,2135.21
#550,40273,6528
#550,39402,6528
#550,37818,6528
#550,36884,6528
#550,37563,6528
550,38388,6528,2505.83
#605,43869,7168
#605,41687,7168
#605,41018,7168
#605,52254,7168
#605,38201,7168
605,43405.8,7168,9560.38
#665,45664,7808
#665,44850,7808
#665,43602,7808
#665,43467,7808
#665,44849,7808
665,44486.4,7808,1666.56
#731,51583,8448
#731,49470,8448
#731,47902,8448
#731,49328,8448
#731,46078,8448
731,48872.2,8448,3651.02
#804,52696,9216
#804,52486,9216
#804,51692,9216
#804,50170,9216
#804,50367,9216
804,51482.2,9216,2095.8
#884,61876,10112
#884,61461,10112
#884,59874,10112
#884,59439,10112
#884,58710,10112
884,60272,10112,2413.08
#972,67111,11008
#972,68300,11008
#972,64621,11008
#972,64572,11008
#972,64387,11008
972,65798.2,11008,3207.9
#1069,91914,12032
#1069,66923,12032
#1069,65585,12032
#1069,65651,12032
#1069,65830,12032
1069,71180.6,12032,20756.1
#1175,75963,13184
#1175,74777,13184
#1175,74280,13184
#1175,73856,13184
#1175,72885,13184
1175,74352.2,13184,2035.53
#1292,86847,14464
#1292,84864,14464
#1292,82915,14464
#1292,82907,14464
#1292,82590,14464
1292,84024.6,14464,3250.7
#1421,90341,15872
#1421,89954,15872
#1421,89109,15872
#1421,87928,15872
#1421,87755,15872
1421,89017.4,15872,2081.92
#1563,100320,17280
#1563,98101,17280
#1563,97513,17280
#1563,96763,17280
#1563,96536,17280
1563,97846.6,17280,2710.8
#1719,106989,18944
#1719,107318,18944
#1719,107369,18944
#1719,106052,18944
#1719,105302,18944
1719,106606,18944,1610.75
#1890,123062,20736
#1890,117696,20736
#1890,117709,20736
#1890,117263,20736
#1890,117580,20736
1890,118662,20736,4411.74
#2079,133507,22784
#2079,133844,22784
#2079,131692,22784
#2079,131598,22784
#2079,130817,22784
2079,132292,22784,2349.84
#2286,140211,25088
#2286,138299,25088
#2286,137736,25088
#2286,137100,25088
#2286,136966,25088
2286,138062,25088,2350.71
#2514,165450,27520
#2514,148114,27520
#2514,147255,27520
#2514,147062,27520
#2514,146255,27520
2514,150827,27520,14670.5
#2765,160660,30208
#2765,159684,30208
#2765,158276,30208
#2765,158478,30208
#2765,158240,30208
2765,159068,30208,1913.08
#3041,195165,33152
#3041,169430,33152
#3041,168777,33152
#3041,168376,33152
#3041,167634,33152
3041,173876,33152,21320.4
#3345,193658,36224
#3345,192042,36224
#3345,191093,36224
#3345,189983,36224
#3345,189746,36224
3345,191304,36224,2870.94
#3679,209583,39808
#3679,207209,39808
#3679,206770,39808
#3679,215927,39808
#3679,199936,39808
3679,207885,39808,10293.4
#4046,223159,43776
#4046,223808,43776
#4046,220211,43776
#4046,219429,43776
#4046,219395,43776
4046,221200,43776,3795.99
#4450,238715,48128
#4450,236927,48128
#4450,236632,48128
#4450,234609,48128
#4450,242990,48128
4450,237975,48128,5651.88
#4895,254668,52864
#4895,252614,52864
#4895,251809,52864
#4895,251376,52864
#4895,251164,52864
4895,252326,52864,2543.69
#5384,285683,58112
#5384,285310,58112
#5384,284621,58112
#5384,289648,58112
#5384,282750,58112
5384,285602,58112,4521.79
#5922,322369,63744
#5922,306905,63744
#5922,306089,63744
#5922,306042,63744
#5922,305222,63744
5922,309325,63744,13087
#6514,334377,70144
#6514,329667,70144
#6514,329497,70144
#6514,329013,70144
#6514,329270,70144
6514,330365,70144,4036.21
#7165,377970,77056
#7165,361469,77056
#7165,362319,77056
#7165,360991,77056
#7165,360202,77056
7165,364590,77056,13450.1
#7881,390291,84608
#7881,400105,84608
#7881,378204,84608
#7881,377757,84608
#7881,382797,84608
7881,385831,84608,16880.9
#8669,424987,93184
#8669,402911,93184
#8669,401357,93184
#8669,411263,93184
#8669,400742,93184
8669,408252,93184,18365
#9535,437215,102400
#9535,427347,102400
#9535,427824,102400
#9535,445004,102400
#9535,417696,102400
9535,431017,102400,18658.3
#10488,467277,112640
#10488,475877,112640
#10488,450825,112640
#10488,452458,112640
#10488,451215,112640
10488,459530,112640,20438.6
#11536,493741,123648
#11536,490389,123648
#11536,494545,123648
#11536,491036,123648
#11536,493080,123648
11536,492558,123648,3180.09
#12689,549870,136064
#12689,547044,136064
#12689,546746,136064
#12689,549757,136064
#12689,548239,136064
12689,548331,136064,2619.78
#13957,602202,149504
#13957,587853,149504
#13957,589967,149504
#13957,589309,149504
#13957,591175,149504
13957,592101,149504,10326
#15352,668172,164352
#15352,664972,164352
#15352,664714,164352
#15352,668285,164352
#15352,663673,164352
15352,665963,164352,3800.79
#16887,728613,180864
#16887,726635,180864
#16887,727464,180864
#16887,731067,180864
#16887,728376,180864
16887,728431,180864,2986.01
#18575,798256,198784
#18575,792497,198784
#18575,795720,198784
#18575,793526,198784
#18575,792441,198784
18575,794488,198784,4453.8
#20432,889217,218624
#20432,883995,218624
#20432,885342,218624
#20432,884628,218624
#20432,885886,218624
20432,885814,218624,3635.79
#22475,977640,240384
#22475,973535,240384
#22475,969094,240384
#22475,987162,240384
#22475,970231,240384
22475,975532,240384,13061
#24722,1109189,264320
#24722,1083591,264320
#24722,1079552,264320
#24722,1079975,264320
#24722,1084718,264320
24722,1.0874e+06,264320,22148.3
#27194,1189148,290688
#27194,1188765,290688
#27194,1182805,290688
#27194,1185689,290688
#27194,1186220,290688
27194,1.18653e+06,290688,4606.78
#29913,1314050,319744
#29913,1314391,319744
#29913,1309873,319744
#29913,1327362,319744
#29913,1331344,319744
29913,1.3194e+06,319744,16745.8
#32904,1457354,351616
#32904,1485309,351616
#32904,1449634,351616
#32904,1445369,351616
#32904,1473097,351616
32904,1.46215e+06,351616,29898.9
#36194,1650702,386816
#36194,1618584,386816
#36194,1577638,386816
#36194,1590580,386816
#36194,1619218,386816
36194,1.61134e+06,386816,50838.6
#39813,1750209,425344
#39813,1757994,425344
#39813,1719958,425344
#39813,1796480,425344
#39813,1747045,425344
39813,1.75434e+06,425344,49327.8
#43794,1951068,467840
#43794,1964880,467840
#43794,1961062,467840
#43794,1972550,467840
#43794,2019019,467840
43794,1.97372e+06,467840,47369.6
#48173,2174526,514432
#48173,2181276,514432
#48173,2169202,514432
#48173,2223139,514432
#48173,2166240,514432
48173,2.18288e+06,514432,41541.6
#52990,2444601,565760
#52990,2424833,565760
#52990,2441121,565760
#52990,2420328,565760
#52990,2457484,565760
52990,2.43767e+06,565760,27100.9
#58289,2700496,622464
#58289,2711768,622464
#58289,2674631,622464
#58289,2723824,622464
#58289,2697890,622464
58289,2.70172e+06,622464,32735.7
#64117,2988294,684544
#64117,2981037,684544
#64117,2999975,684544
#64117,2908930,684544
#64117,2915458,684544
64117,2.95874e+06,684544,77072.9
#70528,3303593,752896
#70528,3293870,752896
#70528,3382929,752896
#70528,3376768,752896
#70528,3304559,752896
70528,3.33234e+06,752896,78031.8
#77580,3701330,828160
#77580,3663163,828160
#77580,3713917,828160
#77580,3710835,828160
#77580,3664905,828160
77580,3.69083e+06,828160,44551.3
#85338,4051203,910976
#85338,4104797,910976
#85338,4026791,910976
#85338,4035650,910976
#85338,4025057,910976
85338,4.0487e+06,910976,59075.8
#93871,4422589,1001984
#93871,4423399,1001984
#93871,4434515,1001984
#93871,4414717,1001984
#93871,4417583,1001984
93871,4.42256e+06,1001984,13562
#103258,4874505,1102080
#103258,4870576,1102080
#103258,4884737,1102080
#103258,4872943,1102080
#103258,4873921,1102080
103258,4.87534e+06,1102080,9775.71
#113583,5451393,1212288
#113583,5445789,1212288
#113583,5443390,1212288
#113583,5466041,1212288
#113583,5441165,1212288
113583,5.44956e+06,1212288,17838.1
#124941,6022490,1333376
#124941,6154315,1333376
#124941,6120836,1333376
#124941,5999856,1333376
#124941,5927426,1333376
124941,6.04498e+06,1333376,165092
#137435,6626865,1466624
#137435,6653095,1466624
#137435,6796464,1466624
#137435,6601170,1466624
#137435,7148647,1466624
137435,6.76525e+06,1466624,406565
#151178,7707710,1613184
#151178,7281420,1613184
#151178,7343018,1613184
#151178,7300571,1613184
#151178,7494971,1613184
151178,7.42554e+06,1613184,319548
#166295,8310574,1774464
#166295,8023609,1774464
#166295,8356910,1774464
#166295,8191768,1774464
#166295,8526122,1774464
166295,8.2818e+06,1774464,335775
#182924,9223469,1951744
#182924,9057632,1951744
#182924,8926076,1951744
#182924,8869743,1951744
#182924,8883765,1951744
182924,8.99214e+06,1951744,266673
#201216,11497106,2146944
#201216,10133184,2146944
#201216,10004093,2146944
#201216,9790285,2146944
#201216,9701368,2146944
201216,1.02252e+07,2146944,1.30802e+06
#221337,10933435,2361600
#221337,10693241,2361600
#221337,10715152,2361600
#221337,10671759,2361600
#221337,10720354,2361600
221337,1.07468e+07,2361600,189807
#243470,15405367,2597632
#243470,13518034,2597632
#243470,12159935,2597632
#243470,12072477,2597632
#243470,12245385,2597632
243470,1.30802e+07,2597632,2.55459e+06
#267817,13801063,2857344
#267817,13273187,2857344
#267817,13413663,2857344
#267817,13944170,2857344
#267817,13200479,2857344
267817,1.35265e+07,2857344,588573
#294598,15266881,3143040
#294598,23352309,3143040
#294598,19413814,3143040
#294598,35032229,3143040
#294598,24990733,3143040
294598,2.36112e+07,3143040,1.32561e+07
#324057,19779246,3457152
#324057,26109970,3457152
#324057,29831607,3457152
#324057,23196409,3457152
#324057,21825073,3457152
324057,2.41485e+07,3457152,7.01657e+06
#356462,23071885,3802880
#356462,23635325,3802880
#356462,31644181,3802880
#356462,30833158,3802880
#356462,23048488,3802880
356462,2.64466e+07,3802880,7.85345e+06
#392108,29336841,4183168
#392108,29445758,4183168
#392108,32725625,4183168
#392108,39279670,4183168
#392108,36301402,4183168
392108,3.34179e+07,4183168,7.77623e+06
#431318,29481882,4601344
#431318,27204111,4601344
#431318,31756888,4601344
#431318,40902170,4601344
#431318,28378678,4601344
431318,3.15447e+07,4601344,9.82759e+06
#474449,55243375,5061504
#474449,52464812,5061504
#474449,35720092,5061504
#474449,46431190,5061504
#474449,37999725,5061504
474449,4.55718e+07,5061504,1.53931e+07
#521893,62904282,5567616
#521893,63144113,5567616
#521893,53942538,5567616
#521893,59500831,5567616
#521893,56827912,5567616
521893,5.92639e+07,5567616,7.0776e+06
#574082,77303228,6124160
#574082,79971758,6124160
#574082,67596932,6124160
#574082,57525939,6124160
#574082,66244327,6124160
574082,6.97284e+07,6124160,1.6196e+07
#631490,70860197,6736512
#631490,63496214,6736512
#631490,54646714,6736512
#631490,56619915,6736512
#631490,69380923,6736512
631490,6.30008e+07,6736512,1.30607e+07
#694639,85515178,7410176
#694639,85280300,7410176
#694639,90741942,7410176
#694639,72903690,7410176
#694639,65837486,7410176
694639,8.00557e+07,7410176,1.84306e+07
#764102,61527881,8151040
#764102,66674394,8151040
#764102,94711457,8151040
#764102,66513897,8151040
#764102,59172294,8151040
764102,6.972e+07,8151040,2.56514e+07
#840512,63782855,8966144
#840512,68921132,8966144
#840512,66147001,8966144
#840512,53257083,8966144
#840512,52573131,8966144
840512,6.09362e+07,8966144,1.35033e+07
#924563,62625928,9862656
#924563,60084752,9862656
#924563,58748513,9862656
#924563,62176055,9862656
#924563,83798373,9862656
924563,6.54867e+07,9862656,1.85267e+07
#1017019,116931777,10848896
#1017019,142702619,10848896
#1017019,115871648,10848896
#1017019,117759422,10848896
#1017019,138663115,10848896
1017019,1.26386e+08,10848896,2.3517e+07
#1118720,140865135,11933696
#1118720,136348558,11933696
#1118720,132863215,11933696
#1118720,118662151,11933696
#1118720,122978184,11933696
1118720,1.30343e+08,11933696,1.65847e+07
#1230592,167943333,13127040
#1230592,164423797,13127040
#1230592,172267077,13127040
#1230592,161250783,13127040
#1230592,147777600,13127040
1230592,1.62733e+08,13127040,1.66557e+07
#1353651,170666055,14439680
#1353651,183305622,14439680
#1353651,162225926,14439680
#1353651,184304814,14439680
#1353651,223926212,14439680
1353651,1.84886e+08,14439680,4.23571e+07
#1489016,182395434,15883520
#1489016,186453816,15883520
#1489016,217368126,15883520
#1489016,228845209,15883520
#1489016,164889209,15883520
1489016,1.9599e+08,15883520,4.71551e+07
#1637917,181299143,17471872
#1637917,189857515,17471872
#1637917,178296398,17471872
#1637917,182683066,17471872
#1637917,183202926,17471872
1637917,1.83068e+08,17471872,7.59794e+06
#1801708,188449291,19218944
#1801708,203729731,19218944
#1801708,205311878,19218944
#1801708,190905347,19218944
#1801708,187012737,19218944
1801708,1.95082e+08,19218944,1.56457e+07
#1981878,213258181,21140608
#1981878,212039657,21140608
#1981878,217374670,21140608
#1981878,210893545,21140608
#1981878,214734548,21140608
1981878,2.1366e+08,21140608,4.50721e+06
#2180065,240094171,23254656
#2180065,233901816,23254656
#2180065,237405481,23254656
#2180065,239871934,23254656
#2180065,238655808,23254656
2180065,2.37986e+08,23254656,4.51374e+06
#2398071,268909063,25580032
#2398071,268081019,25580032
#2398071,263903478,25580032
#2398071,262293607,25580032
#2398071,265185032,25580032
2398071,2.65674e+08,25580032,4.9848e+06
#2637878,300901700,28137984
#2637878,300184319,28137984
#2637878,297410799,28137984
#2637878,296815259,28137984
#2637878,297579180,28137984
2637878,2.98578e+08,28137984,3.27989e+06
#2901665,335983740,30951680
#2901665,336504207,30951680
#2901665,328603739,30951680
#2901665,336827678,30951680
#2901665,367887143,30951680
2901665,3.41161e+08,30951680,2.74115e+07
#3191831,379222900,34046848
#3191831,377664717,34046848
#3191831,405642438,34046848
#3191831,380636006,34046848
#3191831,398764891,34046848
3191831,3.88386e+08,34046848,2.3056e+07
#3511014,450228730,37451392
#3511014,444407123,37451392
#3511014,437107763,37451392
#3511014,435860435,37451392
#3511014,423451211,37451392
3511014,4.38211e+08,37451392,1.80535e+07
#3862115,462982485,41196544
#3862115,466186020,41196544
#3862115,468060244,41196544
#3862115,468780331,41196544
#3862115,466622085,41196544
3862115,4.66526e+08,41196544,4.01171e+06
#4248326,606658829,45316096
#4248326,593926303,45316096
#4248326,517031612,45316096
#4248326,550921120,45316096
#4248326,598943259,45316096
4248326,5.73496e+08,45316096,6.84841e+07
#4673158,608028331,49847552
#4673158,598428837,49847552
#4673158,598678795,49847552
#4673158,588547166,49847552
#4673158,591537456,49847552
4673158,5.97044e+08,49847552,1.34986e+07
#5140473,654253273,54832384
#5140473,647488433,54832384
#5140473,641926315,54832384
#5140473,639337127,54832384
#5140473,642387781,54832384
5140473,6.45079e+08,54832384,1.05877e+07
#5654520,722805031,60315520
#5654520,713303322,60315520
#5654520,714736670,60315520
#5654520,715600017,60315520
#5654520,717550763,60315520
5654520,7.16799e+08,60315520,6.60594e+06
#6219972,789411677,66347008
#6219972,865338326,66347008
#6219972,853930065,66347008
#6219972,833679579,66347008
#6219972,842017549,66347008
6219972,8.36875e+08,66347008,5.20804e+07
#6841969,960254238,72981760
#6841969,958160814,72981760
#6841969,926750739,72981760
#6841969,936109747,72981760
#6841969,944270993,72981760
6841969,9.45109e+08,72981760,2.55882e+07
#7526165,1075898709,80279808
#7526165,1134463045,80279808
#7526165,999727136,80279808
#7526165,1209300335,80279808
#7526165,1054795134,80279808
7526165,1.09484e+09,80279808,1.43332e+08
#8278781,1164135731,88307712
#8278781,1154654165,88307712
#8278781,1160969465,88307712
#8278781,1157351294,88307712
#8278781,1164004557,88307712
8278781,1.16022e+09,88307712,7.45254e+06
#9106659,1344405835,97138304
#9106659,1287873126,97138304
#9106659,1284192096,97138304
#9106659,1309474586,97138304
#9106659,1344698808,97138304
9106659,1.31413e+09,97138304,5.26e+07
