#1,537,256
#1,51,256
#1,30,256
#1,31,256
#1,30,256
1,135.8,256,401.52
#2,45,256
#2,38,256
#2,53,256
#2,44,256
#2,41,256
2,44.2,256,10.0717
#3,79,256
#3,50,256
#3,52,256
#3,50,256
#3,50,256
3,56.2,256,22.8526
#4,74,256
#4,58,256
#4,60,256
#4,72,256
#4,58,256
4,64.4,256,14.176
#5,71,256
#5,69,256
#5,67,256
#5,66,256
#5,67,256
5,68,256,3.57771
#6,76,256
#6,78,256
#6,79,256
#6,79,256
#6,89,256
6,80.2,256,9.06863
#7,103,256
#7,85,256
#7,90,256
#7,88,256
#7,82,256
7,89.6,256,14.4554
#8,98,256
#8,94,256
#8,95,256
#8,108,256
#8,94,256
8,97.8,256,10.6132
#9,108,256
#9,103,256
#9,121,256
#9,105,256
#9,102,256
9,107.8,256,13.8217
#10,118,256
#10,127,256
#10,119,256
#10,118,256
#10,116,256
10,119.6,256,7.65245
#11,126,256
#11,121,256
#11,125,256
#11,121,256
#11,135,256
11,125.6,256,10.245
#12,146,256
#12,142,256
#12,135,256
#12,136,256
#12,127,256
12,137.2,256,12.9861
#13,468,384
#13,386,384
#13,330,384
#13,284,384
#13,267,384
13,347,384,146.479
#14,403,384
#14,371,384
#14,292,384
#14,280,384
#14,292,384
14,327.6,384,99.4754
#15,143,384
#15,140,384
#15,143,384
#15,165,384
#15,151,384
15,148.4,384,18.1373
#16,158,384
#16,151,384
#16,158,384
#16,154,384
#16,152,384
16,154.6,384,5.87878
#17,185,384
#17,172,384
#17,160,384
#17,159,384
#17,155,384
17,166.2,384,21.96
#18,176,384
#18,193,384
#18,174,384
#18,169,384
#18,173,384
18,177,384,16.6373
#19,175,384
#19,170,384
#19,169,384
#19,166,384
#19,168,384
19,169.6,384,6.01332
#20,195,384
#20,175,384
#20,189,384
#20,186,384
#20,173,384
20,183.6,384,16.7619
#21,218,384
#21,187,384
#21,187,384
#21,189,384
#21,185,384
21,193.2,384,24.9287
#22,214,384
#22,207,384
#22,202,384
#22,189,384
#22,187,384
22,199.8,384,20.7615
#23,231,384
#23,223,384
#23,222,384
#23,225,384
#23,219,384
23,224,384,8
#24,330,384
#24,245,384
#24,237,384
#24,220,384
#24,225,384
24,251.4,384,80.5441
#25,638,640
#25,545,640
#25,452,640
#25,480,640
#25,440,640
25,511,640,146.337
#26,637,640
#26,548,640
#26,461,640
#26,479,640
#26,460,640
26,517,640,136.206
#27,537,640
#27,574,640
#27,472,640
#27,477,640
#27,477,640
27,507.4,640,82.04
#28,584,640
#28,614,640
#28,493,640
#28,498,640
#28,485,640
28,534.8,640,106.864
#29,272,640
#29,233,640
#29,245,640
#29,247,640
#29,244,640
29,248.2,640,25.7185
#30,268,640
#30,283,640
#30,252,640
#30,266,640
#30,273,640
30,268.4,640,20.1832
#31,261,640
#31,288,640
#31,260,640
#31,260,640
#31,258,640
31,265.4,640,22.6839
#32,273,640
#32,252,640
#32,261,640
#32,247,640
#32,277,640
32,262,640,23.1862
#33,271,640
#33,293,640
#33,277,640
#33,257,640
#33,270,640
33,273.6,640,23.3786
#34,347,640
#34,356,640
#34,314,640
#34,314,640
#34,294,640
34,325,640,46.0261
#35,326,640
#35,325,640
#35,302,640
#35,307,640
#35,289,640
35,309.8,640,28.2106
#36,308,640
#36,308,640
#36,311,640
#36,308,640
#36,308,640
36,308.6,640,2.4
#37,4066,896
#37,953,896
#37,832,896
#37,893,896
#37,757,896
37,1500.2,896,2569.09
#38,826,896
#38,774,896
#38,734,896
#38,750,896
#38,736,896
38,764,896,68.2583
#39,794,896
#39,778,896
#39,762,896
#39,776,896
#39,763,896
39,774.6,896,23.3786
#40,822,896
#40,786,896
#40,826,896
#40,712,896
#40,737,896
40,776.6,896,90.9118
#42,802,896
#42,798,896
#42,756,896
#42,827,896
#42,743,896
42,785.2,896,62.1405
#44,383,896
#44,371,896
#44,358,896
#44,348,896
#44,347,896
44,361.4,896,27.6724
#46,356,896
#46,362,896
#46,347,896
#46,346,896
#46,354,896
46,353,896,11.8659
#48,393,896
#48,380,896
#48,367,896
#48,378,896
#48,370,896
48,377.6,896,18.1813
#50,1211,1152
#50,1079,1152
#50,947,1152
#50,942,1152
#50,904,1152
50,1016.6,1152,227.637
#52,1024,1152
#52,977,1152
#52,924,1152
#52,913,1152
#52,916,1152
52,950.8,1152,86.7308
#54,1052,1152
#54,1031,1152
#54,965,1152
#54,944,1152
#54,967,1152
54,991.8,1152,83.8036
#56,1075,1152
#56,1064,1152
#56,964,1152
#56,958,1152
#56,977,1152
56,1007.6,1152,102.064
#58,458,1152
#58,450,1152
#58,442,1152
#58,434,1152
#58,433,1152
58,443.4,1152,19.083
#60,513,1152
#60,467,1152
#60,443,1152
#60,460,1152
#60,439,1152
60,464.4,1152,52.8485
#63,1214,1280
#63,1106,1280
#63,1098,1280
#63,1072,1280
#63,1069,1280
63,1111.8,1280,106.15
#66,1334,1280
#66,1219,1280
#66,1193,1280
#66,1164,1280
#66,1129,1280
66,1207.8,1280,139.711
#69,1344,1280
#69,1250,1280
#69,1150,1280
#69,1537,1280
#69,1699,1280
69,1396,1280,396.208
#72,954,1280
#72,1009,1280
#72,570,1280
#72,542,1280
#72,561,1280
72,727.2,1280,417.117
#75,1451,1536
#75,1410,1536
#75,1365,1536
#75,1383,1536
#75,1329,1536
75,1387.6,1536,82.4
#78,1375,1536
#78,1337,1536
#78,1284,1536
#78,1282,1536
#78,1253,1536
78,1306.2,1536,87.5936
#81,1357,1536
#81,1354,1536
#81,1256,1536
#81,1238,1536
#81,1268,1536
81,1294.6,1536,101.285
#85,690,1408
#85,624,1408
#85,616,1408
#85,600,1408
#85,598,1408
85,625.6,1408,67.2857
#89,1671,1664
#89,1566,1664
#89,1482,1664
#89,1521,1664
#89,1475,1664
89,1543,1664,143.505
#93,1588,1664
#93,1534,1664
#93,1412,1664
#93,1453,1664
#93,1460,1664
93,1489.4,1664,126.147
#97,1625,1664
#97,1618,1664
#97,1591,1664
#97,1530,1664
#97,1555,1664
97,1583.8,1664,72.8988
#101,2191,1792
#101,1836,1792
#101,1767,1792
#101,1679,1792
#101,1680,1792
101,1830.6,1792,379.078
#106,1902,1792
#106,1841,1792
#106,1705,1792
#106,1717,1792
#106,1675,1792
106,1768,1792,175.508
#111,1920,1792
#111,1817,1792
#111,1752,1792
#111,1746,1792
#111,1740,1792
111,1795,1792,136.774
#116,2193,1920
#116,2082,1920
#116,1927,1920
#116,1918,1920
#116,1956,1920
116,2015.2,1920,213.179
#121,2030,1920
#121,1955,1920
#121,1861,1920
#121,1841,1920
#121,1844,1920
121,1906.2,1920,149.321
#127,2267,2048
#127,2186,2048
#127,2073,2048
#127,2008,2048
#127,2030,2048
127,2112.8,2048,197.097
#133,2239,2048
#133,2208,2048
#133,2173,2048
#133,2124,2048
#133,2073,2048
133,2163.4,2048,118.393
#139,2300,2048
#139,2199,2048
#139,2082,2048
#139,2082,2048
#139,2101,2048
139,2152.8,2048,170.905
#145,2423,2176
#145,2373,2176
#145,2243,2176
#145,2204,2176
#145,2227,2176
145,2294,2176,174.521
#152,2652,2176
#152,2454,2176
#152,2289,2176
#152,2273,2176
#152,2266,2176
152,2386.8,2176,299.272
#159,2603,2432
#159,2504,2432
#159,2462,2432
#159,2407,2432
#159,2397,2432
159,2474.6,2432,149.937
#166,3110,2432
#166,2843,2432
#166,2639,2432
#166,2583,2432
#166,2534,2432
166,2741.8,2432,424.055
#174,2701,2560
#174,2722,2560
#174,2553,2560
#174,2607,2560
#174,2585,2560
174,2633.6,2560,132.433
#182,3286,2560
#182,2964,2560
#182,2781,2560
#182,2679,2560
#182,2605,2560
182,2863,2560,486.846
#191,3135,2688
#191,2961,2688
#191,2879,2688
#191,2804,2688
#191,2776,2688
191,2911,2688,258.262
#200,3636,2816
#200,3392,2816
#200,3079,2816
#200,3074,2816
#200,2991,2816
200,3234.4,2816,485.997
#210,3461,2816
#210,3396,2816
#210,3142,2816
#210,3082,2816
#210,3045,2816
210,3225.2,2816,340.206
#220,3615,2944
#220,3448,2944
#220,3221,2944
#220,3227,2944
#220,3149,2944
220,3332,2944,346.849
#231,4093,3072
#231,3604,3072
#231,3428,3072
#231,3320,3072
#231,3358,3072
231,3560.6,3072,566.993
#242,3817,3328
#242,3653,3328
#242,3494,3328
#242,3499,3328
#242,3444,3328
242,3581.4,3328,274.14
#254,4219,3456
#254,4005,3456
#254,3771,3456
#254,3736,3456
#254,3719,3456
254,3890,3456,388.416
#266,4222,3456
#266,4053,3456
#266,3800,3456
#266,3727,3456
#266,3734,3456
266,3907.2,3456,394.278
#279,4689,3584
#279,4329,3584
#279,4012,3584
#279,4009,3584
#279,3991,3584
279,4206,3584,544.858
#292,4723,3712
#292,4486,3712
#292,4115,3712
#292,4078,3712
#292,4047,3712
292,4289.8,3712,537.046
#306,4886,3840
#306,4682,3840
#306,4408,3840
#306,4390,3840
#306,4312,3840
306,4535.6,3840,430.526
#321,5962,3968
#321,5280,3968
#321,4886,3968
#321,4694,3968
#321,4630,3968
321,5090.4,3968,982.452
#337,5281,4352
#337,5067,4352
#337,4848,4352
#337,4853,4352
#337,4793,4352
337,4968.4,4352,364.438
#353,5569,4480
#353,5274,4480
#353,4995,4480
#353,4915,4480
#353,4936,4480
353,5137.8,4480,502.186
#370,5750,4608
#370,5408,4608
#370,5176,4608
#370,5154,4608
#370,5144,4608
370,5326.4,4608,466.225
#388,6301,4736
#388,5850,4736
#388,5484,4736
#388,5411,4736
#388,5256,4736
388,5660.4,4736,750.026
#407,6717,5120
#407,6152,5120
#407,5954,5120
#407,5834,5120
#407,5764,5120
407,6084.2,5120,685.34
#427,7476,5248
#427,6719,5248
#427,6150,5248
#427,6001,5248
#427,5941,5248
427,6457.4,5248,1157.74
#448,6835,5376
#448,6482,5376
#448,6209,5376
#448,6213,5376
#448,6125,5376
448,6372.8,5376,521.018
#470,7869,5632
#470,7270,5632
#470,6852,5632
#470,6762,5632
#470,6656,5632
470,7081.8,5632,890.613
#493,8138,6016
#493,7406,6016
#493,7121,6016
#493,6874,6016
#493,6789,6016
493,7265.6,6016,972.502
#517,8125,6144
#517,7495,6144
#517,7167,6144
#517,7087,6144
#517,7044,6144
517,7383.6,6144,806.126
#542,9012,6400
#542,8212,6400
#542,7803,6400
#542,7729,6400
#542,7589,6400
542,8069,6400,1030.13
#569,9334,6656
#569,8543,6656
#569,8137,6656
#569,7945,6656
#569,7860,6656
569,8363.8,6656,1078.53
#597,8950,7040
#597,8462,7040
#597,8248,7040
#597,8178,7040
#597,8128,7040
597,8393.2,7040,601.654
#626,10937,7296
#626,9851,7296
#626,9114,7296
#626,8958,7296
#626,8838,7296
626,9539.6,7296,1564.95
#657,10688,7552
#657,9724,7552
#657,9294,7552
#657,9161,7552
#657,9104,7552
657,9594.2,7552,1176.89
#689,10640,8064
#689,9992,8064
#689,9593,8064
#689,9463,8064
#689,9341,8064
689,9805.8,8064,942.081
#723,12068,8320
#723,16583,8320
#723,10483,8320
#723,10173,8320
#723,9970,8320
723,11855.4,8320,4952.91
#759,11560,8832
#759,11086,8832
#759,10673,8832
#759,10522,8832
#759,10405,8832
759,10849.2,8832,846.986
#796,11729,9088
#796,11379,9088
#796,10876,9088
#796,10843,9088
#796,10697,9088
796,11104.8,9088,775.629
#835,13031,9600
#835,12149,9600
#835,11707,9600
#835,11610,9600
#835,11505,9600
835,12000.4,9600,1120.05
#876,14022,9984
#876,12854,9984
#876,12374,9984
#876,12302,9984
#876,12059,9984
876,12722.2,9984,1398.43
#919,14765,10496
#919,13436,10496
#919,13045,10496
#919,12838,10496
#919,12769,10496
919,13370.6,10496,1469.76
#964,15333,10880
#964,14323,10880
#964,13575,10880
#964,13442,10880
#964,13278,10880
964,13990.2,10880,1521.58
#1012,15977,11520
#1012,14959,11520
#1012,14284,11520
#1012,13959,11520
#1012,13905,11520
1012,14616.8,11520,1553.67
#1062,15966,11904
#1062,15245,11904
#1062,14707,11904
#1062,14560,11904
#1062,14408,11904
1062,14977.2,11904,1138.59
#1115,17314,12544
#1115,16524,12544
#1115,15712,12544
#1115,15594,12544
#1115,15306,12544
1115,16090,12544,1466.99
#1170,18610,13184
#1170,17342,13184
#1170,16641,13184
#1170,16411,13184
#1170,16213,13184
1170,17043.4,13184,1742.37
#1228,18572,13696
#1228,17617,13696
#1228,17055,13696
#1228,16843,13696
#1228,16565,13696
1228,17330.4,13696,1420.69
#1289,20570,14464
#1289,19380,14464
#1289,18682,14464
#1289,18177,14464
#1289,17558,14464
1289,18873.4,14464,2075.95
#1353,20879,15104
#1353,19684,15104
#1353,18783,15104
#1353,18310,15104
#1353,18105,15104
1353,19152.2,15104,2040.96
#1420,21247,15872
#1420,20183,15872
#1420,19375,15872
#1420,18977,15872
#1420,18803,15872
1420,19717,15872,1801.78
#1491,22243,16512
#1491,20795,16512
#1491,20280,16512
#1491,20008,16512
#1491,19750,16512
1491,20615.2,16512,1769
#1565,26643,17280
#1565,24734,17280
#1565,23500,17280
#1565,22696,17280
#1565,22251,17280
1565,23964.8,17280,3165.75
#1643,24669,18176
#1643,23604,18176
#1643,22749,18176
#1643,30578,18176
#1643,22086,18176
1643,24737.2,18176,6091.67
#1725,26392,19072
#1725,24685,19072
#1725,23945,19072
#1725,23677,19072
#1725,23273,19072
1725,24394.4,19072,2199.82
#1811,27874,19968
#1811,26206,19968
#1811,25361,19968
#1811,24861,19968
#1811,24478,19968
1811,25756,19968,2413.09
#1901,29539,20864
#1901,28088,20864
#1901,26798,20864
#1901,26348,20864
#1901,25885,20864
1901,27331.6,20864,2651.73
#1996,30105,21888
#1996,28574,21888
#1996,40979,21888
#1996,26637,21888
#1996,26200,21888
1996,30499,21888,10847.6
#2095,31079,23040
#2095,29627,23040
#2095,36494,23040
#2095,28162,23040
#2095,27643,23040
2095,30601,23040,6362.58
#2199,32030,24192
#2199,30712,24192
#2199,29676,24192
#2199,29260,24192
#2199,28816,24192
2199,30098.8,24192,2303.64
#2308,33594,25216
#2308,32259,25216
#2308,31247,25216
#2308,30753,25216
#2308,30461,25216
2308,31662.8,25216,2285.6
#2423,35444,26624
#2423,33544,26624
#2423,32298,26624
#2423,31498,26624
#2423,31220,26624
2423,32800.8,26624,3096.82
#2544,37429,27776
#2544,46836,27776
#2544,34561,27776
#2544,33635,27776
#2544,32828,27776
2544,37057.8,27776,10260.3
#2671,40933,29056
#2671,38826,29056
#2671,36700,29056
#2671,35843,29056
#2671,35491,29056
2671,37558.6,29056,4093.73
#2804,40088,30592
#2804,38366,30592
#2804,37020,30592
#2804,35951,30592
#2804,35706,30592
2804,37426.2,30592,3258.06
#2944,42807,32128
#2944,40918,32128
#2944,39498,32128
#2944,38536,32128
#2944,38237,32128
2944,39999.2,32128,3373.48
#3091,45946,33536
#3091,44210,33536
#3091,42557,33536
#3091,41224,33536
#3091,40825,33536
3091,42952.4,33536,3817.09
#3245,47779,35200
#3245,46329,35200
#3245,44883,35200
#3245,43585,35200
#3245,42896,35200
3245,45094.4,35200,3565.08
#3407,49085,36992
#3407,47235,36992
#3407,45566,36992
#3407,44597,36992
#3407,43838,36992
3407,46064.2,36992,3779.19
#3577,52701,38784
#3577,50776,38784
#3577,48656,38784
#3577,47739,38784
#3577,53086,38784
3577,50591.6,38784,4251.07
#3755,53928,40704
#3755,51885,40704
#3755,50027,40704
#3755,49143,40704
#3755,51285,40704
3755,51253.6,40704,3287.7
#3942,57040,42752
#3942,54340,42752
#3942,52595,42752
#3942,51621,42752
#3942,50940,42752
3942,53307.2,42752,4377.63
#4139,60103,44800
#4139,58088,44800
#4139,56231,44800
#4139,55174,44800
#4139,54406,44800
4139,56800.4,44800,4124.82
#4345,62015,46976
#4345,59652,46976
#4345,57999,46976
#4345,56871,46976
#4345,55897,46976
4345,58486.8,46976,4323.12
#4562,62954,49280
#4562,61201,49280
#4562,59485,49280
#4562,58436,49280
#4562,57775,49280
4562,59970.2,49280,3776.35
#4790,68287,51840
#4790,66377,51840
#4790,64466,51840
#4790,63197,51840
#4790,62732,51840
4790,65011.8,51840,4135.66
#5029,71017,54400
#5029,68576,54400
#5029,79421,54400
#5029,64001,54400
#5029,63562,54400
5029,69315.4,54400,11555.4
#5280,72938,57088
#5280,70710,57088
#5280,68859,57088
#5280,67855,57088
#5280,67168,57088
5280,69506,57088,4179.85
#5544,76895,59776
#5544,75256,59776
#5544,73080,59776
#5544,71997,59776
#5544,71172,59776
5544,73680,59776,4223.98
#5821,79939,62720
#5821,78132,62720
#5821,76118,62720
#5821,74869,62720
#5821,74227,62720
5821,76657,62720,4227.48
#6112,86647,65792
#6112,84547,65792
#6112,82331,65792
#6112,81124,65792
#6112,80513,65792
6112,83032.4,65792,4546.71
#6417,92767,69120
#6417,90454,69120
#6417,89149,69120
#6417,87738,69120
#6417,86613,69120
6417,89344.2,69120,4291.82
#6737,93549,72576
#6737,91349,72576
#6737,89767,72576
#6737,90916,72576
#6737,87551,72576
6737,90626.4,72576,3933.88
#7073,100596,76160
#7073,98959,76160
#7073,97011,76160
#7073,95544,76160
#7073,94991,76160
7073,97420.2,76160,4199.26
#7426,104480,79872
#7426,102471,79872
#7426,100341,79872
#7426,98910,79872
#7426,98243,79872
7426,100889,79872,4614.42
#7797,111176,83712
#7797,109105,83712
#7797,107049,83712
#7797,105811,83712
#7797,105135,83712
7797,107655,83712,4437.83
#8186,113231,87936
#8186,111069,87936
#8186,109400,87936
#8186,107955,87936
#8186,107844,87936
8186,109900,87936,4071.59
#8595,120932,92288
#8595,119296,92288
#8595,117134,92288
#8595,116208,92288
#8595,115367,92288
8595,117787,92288,4093.33
#9024,126351,96896
#9024,124257,96896
#9024,122252,96896
#9024,120915,96896
#9024,120438,96896
9024,122843,96896,4395.99
#9475,134518,101632
#9475,132353,101632
#9475,130764,101632
#9475,129381,101632
#9475,128840,101632
9475,131171,101632,4137.91
#9948,141471,106752
#9948,142282,106752
#9948,137944,106752
#9948,137285,106752
#9948,136178,106752
9948,139032,106752,4807.68
#10445,147502,112128
#10445,145701,112128
#10445,144073,112128
#10445,143346,112128
#10445,143086,112128
10445,144742,112128,3307.69
#10967,157538,117632
#10967,155817,117632
#10967,154689,117632
#10967,152701,117632
#10967,152270,117632
10967,154603,117632,3914.68
#11515,161777,123520
#11515,160491,123520
#11515,160969,123520
#11515,157449,123520
#11515,156552,123520
11515,159448,123520,4119.06
#12090,168336,129664
#12090,166566,129664
#12090,165072,129664
#12090,167833,129664
#12090,163620,129664
12090,166285,129664,3493.47
#12694,179883,136064
#12694,181376,136064
#12694,176783,136064
#12694,175978,136064
#12694,175134,136064
12694,177831,136064,4781.92
#13328,188055,142720
#13328,186616,142720
#13328,185243,142720
#13328,184180,142720
#13328,183515,142720
13328,185522,142720,3288.74
#13994,203418,149888
#13994,201395,149888
#13994,199943,149888
#13994,198978,149888
#13994,198745,149888
13994,200496,149888,3466.69
#14693,208483,157440
#14693,209754,157440
#14693,205907,157440
#14693,205030,157440
#14693,204817,157440
14693,206798,157440,3941.7
#15427,221462,165120
#15427,219654,165120
#15427,217973,165120
#15427,224525,165120
#15427,216806,165120
15427,220084,165120,5441.17
#16198,227959,173312
#16198,227293,173312
#16198,228558,173312
#16198,225016,173312
#16198,224273,173312
16198,226620,173312,3356.54
#17007,246058,182016
#17007,245279,182016
#17007,243720,182016
#17007,242953,182016
#17007,242211,182016
17007,244044,182016,2861.69
#17857,258913,191104
#17857,260674,191104
#17857,256563,191104
#17857,258588,191104
#17857,255147,191104
17857,257977,191104,3850.35
#18749,272412,200704
#18749,271637,200704
#18749,270090,200704
#18749,269447,200704
#18749,281839,200704
18749,273085,200704,9006.1
#19686,283174,210688
#19686,282651,210688
#19686,280964,210688
#19686,280637,210688
#19686,280447,210688
19686,281575,210688,2234.3
#20670,297571,221184
#20670,296688,221184
#20670,295250,221184
#20670,297623,221184
#20670,294383,221184
20670,296303,221184,2575.84
#21703,309595,232192
#21703,308062,232192
#21703,307108,232192
#21703,306583,232192
#21703,306055,232192
21703,307481,232192,2495.69
#22788,336572,243712
#22788,335318,243712
#22788,334691,243712
#22788,334228,243712
#22788,336985,243712
22788,335559,243712,2124.66
#23927,353464,256000
#23927,352796,256000
#23927,354621,256000
#23927,351818,256000
#23927,350510,256000
23927,352642,256000,2805.74
#25123,371038,268672
#25123,380911,268672
#25123,360898,268672
#25123,360277,268672
#25123,378489,268672
25123,370323,268672,17182.6
#26379,389190,282112
#26379,392900,282112
#26379,377829,282112
#26379,392142,282112
#26379,386375,282112
26379,387687,282112,10887.9
#27697,419275,296064
#27697,417817,296064
#27697,417599,296064
#27697,417158,296064
#27697,417438,296064
27697,417857,296064,1481.36
#29081,445818,310912
#29081,443450,310912
#29081,441692,310912
#29081,470139,310912
#29081,451435,310912
29081,450507,310912,20703
#30535,461326,326400
#30535,460069,326400
#30535,460143,326400
#30535,482537,326400
#30535,475650,326400
30535,467945,326400,18740.5
#32061,480447,342656
#32061,478920,342656
#32061,478704,342656
#32061,478123,342656
#32061,494968,342656
32061,482232,342656,12827.8
#33664,523770,359680
#33664,523591,359680
#33664,523067,359680
#33664,534946,359680
#33664,509956,359680
33664,523066,359680,15843.7
#35347,556408,377600
#35347,555700,377600
#35347,555377,377600
#35347,556333,377600
#35347,562635,377600
35347,557291,377600,5400.03
#37114,570081,396416
#37114,588879,396416
#37114,580914,396416
#37114,584174,396416
#37114,580647,396416
37114,580939,396416,12377.1
#38969,636312,416384
#38969,637892,416384
#38969,619731,416384
#38969,619615,416384
#38969,618071,416384
38969,626324,416384,17667.4
#40917,674563,437120
#40917,651072,437120
#40917,651140,437120
#40917,649302,437120
#40917,650129,437120
40917,655241,437120,19368.9
#42962,685921,458880
#42962,711263,458880
#42962,711508,458880
#42962,684779,458880
#42962,685197,458880
42962,695734,458880,25570.4
#45110,723683,481920
#45110,720431,481920
#45110,719863,481920
#45110,719515,481920
#45110,721605,481920
45110,721019,481920,3017.87
#47365,754408,505984
#47365,753108,505984
#47365,755742,505984
#47365,765836,505984
#47365,736994,505984
47365,753218,505984,18552.2
#49733,807863,531200
#49733,806815,531200
#49733,806816,531200
#49733,806387,531200
#49733,808542,531200
49733,807285,531200,1590.32
#52219,843147,557568
#52219,843500,557568
#52219,842357,557568
#52219,848927,557568
#52219,842200,557568
52219,844026,557568,4995.11
#54829,885121,585472
#54829,885657,585472
#54829,886352,585472
#54829,883681,585472
#54829,889449,585472
54829,886052,585472,3823.51
#57570,950882,614784
#57570,947684,614784
#57570,952934,614784
#57570,958854,614784
#57570,937180,614784
57570,949507,614784,14318.6
#60448,1010850,645376
#60448,981184,645376
#60448,977980,645376
#60448,978382,645376
#60448,977920,645376
60448,985263,645376,25700.5
#63470,1008108,677632
#63470,1063483,677632
#63470,1057581,677632
#63470,1045939,677632
#63470,1101439,677632
63470,1.05531e+06,677632,60104.5
#66643,1107833,711552
#66643,1084845,711552
#66643,1083134,711552
#66643,1105180,711552
#66643,1078494,711552
66643,1.0919e+06,711552,24274.4
#69975,1155264,747136
#69975,1167934,747136
#69975,1164404,747136
#69975,1159995,747136
#69975,1160942,747136
69975,1.16171e+06,747136,8535.94
#73473,1194965,784384
#73473,1193659,784384
#73473,1195114,784384
#73473,1192712,784384
#73473,1208417,784384
73473,1.19697e+06,784384,11579
#77146,1275699,823552
#77146,1275084,823552
#77146,1280013,823552
#77146,1280617,823552
#77146,1273295,823552
77146,1.27694e+06,823552,5743.48
#81003,1400711,864640
#81003,1338123,864640
#81003,1331881,864640
#81003,1335896,864640
#81003,1332422,864640
81003,1.34781e+06,864640,53102.3
#85053,1452020,907904
#85053,1444643,907904
#85053,1420051,907904
#85053,1421812,907904
#85053,1401167,907904
85053,1.42794e+06,907904,36610.6
#89305,1517559,953216
#89305,1511061,953216
#89305,1485153,953216
#89305,1482124,953216
#89305,1450495,953216
89305,1.48928e+06,953216,47721.1
#93770,1565993,1000832
#93770,1562037,1000832
#93770,1575985,1000832
#93770,1559335,1000832
#93770,1562219,1000832
93770,1.56511e+06,1000832,11668.7
#98458,1705678,1050880
#98458,1683829,1050880
#98458,1649183,1050880
#98458,1653406,1050880
#98458,1649142,1050880
98458,1.66825e+06,1050880,45541.8
#103380,1774912,1103360
#103380,1748128,1103360
#103380,1738745,1103360
#103380,1739839,1103360
#103380,1738563,1103360
103380,1.74804e+06,1103360,27793.2
#108549,1816657,1158528
#108549,1817490,1158528
#108549,1828208,1158528
#108549,1807171,1158528
#108549,1838731,1158528
108549,1.82165e+06,1158528,21663.7
#113976,1967199,1216512
#113976,1929131,1216512
#113976,1934030,1216512
#113976,1972250,1216512
#113976,1965060,1216512
113976,1.95353e+06,1216512,36285.3
#119674,2051951,1277184
#119674,2033353,1277184
#119674,2022825,1277184
#119674,2024128,1277184
#119674,2022761,1277184
119674,2.031e+06,1277184,22386
#125657,2136594,1341056
#125657,2113399,1341056
#125657,2146347,1341056
#125657,2163692,1341056
#125657,2121551,1341056
125657,2.13632e+06,1341056,35702.5
#131939,2336873,1408000
#131939,2184387,1408000
#131939,2226472,1408000
#131939,2262766,1408000
#131939,2224355,1408000
131939,2.24697e+06,1408000,102685
#138535,2384038,1478400
#138535,2383992,1478400
#138535,2358043,1478400
#138535,2360781,1478400
#138535,2353787,1478400
138535,2.36813e+06,1478400,26323.3
#145461,2658389,1552256
#145461,2568907,1552256
#145461,2541605,1552256
#145461,2521481,1552256
#145461,2476053,1552256
145461,2.55329e+06,1552256,121338
#152734,2706780,1629824
#152734,2628062,1629824
#152734,2607205,1629824
#152734,2601749,1629824
#152734,2610956,1629824
152734,2.63095e+06,1629824,77845
#160370,3004285,1711232
#160370,2819015,1711232
#160370,2746605,1711232
#160370,2740245,1711232
#160370,2745496,1711232
160370,2.81113e+06,1711232,201727
#168388,2933415,1796736
#168388,2877765,1796736
#168388,2872476,1796736
#168388,2864574,1796736
#168388,2885497,1796736
168388,2.88675e+06,1796736,48624.6
#176807,3218629,1886720
#176807,3035682,1886720
#176807,3021619,1886720
#176807,3019071,1886720
#176807,3085604,1886720
176807,3.07612e+06,1886720,150357
#185647,3332706,1980928
#185647,3208033,1980928
#185647,3203634,1980928
#185647,3185800,1980928
#185647,3187681,1980928
185647,3.22357e+06,1980928,110505
#194929,3619587,2079872
#194929,3340874,2079872
#194929,3359502,2079872
#194929,3377864,2079872
#194929,3334933,2079872
194929,3.40655e+06,2079872,215153
#204675,3657635,2183808
#204675,3495263,2183808
#204675,3507206,2183808
#204675,3508787,2183808
#204675,3543611,2183808
204675,3.5425e+06,2183808,119569
#214908,3981345,2292992
#214908,3765278,2292992
#214908,3792455,2292992
#214908,3715344,2292992
#214908,3696787,2292992
214908,3.79024e+06,2292992,202962
#225653,4200218,2407680
#225653,3890927,2407680
#225653,3907564,2407680
#225653,3928198,2407680
#225653,3954402,2407680
225653,3.97626e+06,2407680,227940
#236935,4511384,2527872
#236935,4112332,2527872
#236935,4087989,2527872
#236935,4162344,2527872
#236935,4099767,2527872
236935,4.19476e+06,2527872,320649
#248781,4790583,2654336
#248781,4342649,2654336
#248781,4329639,2654336
#248781,4324066,2654336
#248781,4335748,2654336
248781,4.42454e+06,2654336,366255
#261220,5083218,2786944
#261220,4526643,2786944
#261220,4539071,2786944
#261220,4548585,2786944
#261220,4505185,2786944
261220,4.64054e+06,2786944,443630
#274281,5367017,2926336
#274281,4810604,2926336
#274281,4866660,2926336
#274281,4785723,2926336
#274281,4794239,2926336
274281,4.92485e+06,2926336,445749
#287995,5593874,3072640
#287995,5112141,3072640
#287995,5104221,3072640
#287995,5143372,3072640
#287995,5114154,3072640
287995,5.21355e+06,3072640,381248
#302394,6035311,3226240
#302394,5229240,3226240
#302394,5660283,3226240
#302394,5430239,3226240
#302394,5413222,3226240
302394,5.55366e+06,3226240,553939
#317513,6432340,3387520
#317513,5660050,3387520
#317513,5730042,3387520
#317513,5810317,3387520
#317513,5716994,3387520
317513,5.86995e+06,3387520,570520
#333388,6753637,3556864
#333388,6028797,3556864
#333388,6079542,3556864
#333388,6598469,3556864
#333388,6463989,3556864
333388,6.38489e+06,3556864,571235
#350057,7285249,3734656
#350057,6269069,3734656
#350057,6389794,3734656
#350057,6360134,3734656
#350057,6353216,3734656
350057,6.53149e+06,3734656,758018
#367559,7709402,3921280
#367559,7075609,3921280
#367559,6777926,3921280
#367559,6752263,3921280
#367559,6770058,3921280
367559,7.01705e+06,3921280,732709
#385936,7987728,4117248
#385936,7099945,4117248
#385936,7179989,4117248
#385936,7146211,4117248
#385936,7187434,4117248
385936,7.32026e+06,4117248,670322
#405232,8622275,4323200
#405232,7632155,4323200
#405232,7564317,4323200
#405232,7655277,4323200
#405232,7628743,4323200
405232,7.82055e+06,4323200,803998
#425493,8923029,4539264
#425493,8093118,4539264
#425493,8191504,4539264
#425493,8092713,4539264
#425493,8046418,4539264
425493,8.26936e+06,4539264,660493
#446767,9670027,4766080
#446767,8760124,4766080
#446767,8722793,4766080
#446767,8713999,4766080
#446767,8651065,4766080
446767,8.9036e+06,4766080,769628
#469105,10014961,5004416
#469105,9308617,5004416
#469105,9284470,5004416
#469105,9221485,5004416
#469105,9201071,5004416
469105,9.40612e+06,5004416,613924
#492560,10602546,5254528
#492560,9880639,5254528
#492560,10056209,5254528
#492560,10004400,5254528
#492560,9855307,5254528
492560,1.00798e+07,5254528,543741
#517188,11177422,5517312
#517188,10484852,5517312
#517188,10443657,5517312
#517188,10463430,5517312
#517188,10529500,5517312
517188,1.06198e+07,5517312,560561
#543047,11952159,5793280
#543047,11279096,5793280
#543047,11155380,5793280
#543047,11757297,5793280
#543047,11351297,5793280
543047,1.1499e+07,5793280,606840
#570199,12619063,6082816
#570199,12143210,6082816
#570199,12088483,6082816
#570199,12054662,6082816
#570199,12025179,6082816
570199,1.21861e+07,6082816,439997
#598708,13686342,6386816
#598708,13024719,6386816
#598708,13099305,6386816
#598708,12957177,6386816
#598708,13182574,6386816
598708,1.319e+07,6386816,518583
#628643,14474419,6706304
#628643,14040541,6706304
#628643,13930177,6706304
#628643,13973398,6706304
#628643,14018375,6706304
628643,1.40874e+07,6706304,394421
#660075,15496638,7041536
#660075,15125107,7041536
#660075,15280704,7041536
#660075,15334502,7041536
#660075,15749074,7041536
660075,1.53972e+07,7041536,424490
#693078,16567236,7393536
#693078,16499982,7393536
#693078,17754855,7393536
#693078,17729771,7393536
#693078,17801337,7393536
693078,1.72706e+07,7393536,1.20519e+06
#727731,18038785,7763072
#727731,18119935,7763072
#727731,19579561,7763072
#727731,19915570,7763072
#727731,22049873,7763072
727731,1.95407e+07,7763072,2.92743e+06
#764117,19820174,8151168
#764117,21023256,8151168
#764117,21614726,8151168
#764117,21999636,8151168
#764117,22662885,8151168
764117,2.14241e+07,8151168,1.9257e+06
#802322,21770564,8558720
#802322,23697279,8558720
#802322,24797152,8558720
#802322,25400399,8558720
#802322,25053310,8558720
802322,2.41437e+07,8558720,2.63283e+06
#842438,26939635,8986752
#842438,28878905,8986752
#842438,29392939,8986752
#842438,32903914,8986752
#842438,29699858,8986752
842438,2.95631e+07,8986752,3.85325e+06
#884559,27472882,9435904
#884559,30669087,9435904
#884559,31938473,9435904
#884559,32042077,9435904
#884559,32379449,9435904
884559,3.09004e+07,9435904,3.61884e+06
#928786,32793895,9907712
#928786,37555587,9907712
#928786,37147070,9907712
#928786,37897947,9907712
#928786,39604905,9907712
928786,3.69999e+07,9907712,4.52667e+06
#975225,44623595,10402944
#975225,46152146,10402944
#975225,43428728,10402944
#975225,41935582,10402944
#975225,41697904,10402944
975225,4.35676e+07,10402944,3.34348e+06
#1023986,42059629,10923136
#1023986,46741513,10923136
#1023986,47199696,10923136
#1023986,47904217,10923136
#1023986,47068894,10923136
1023986,4.61948e+07,10923136,4.20424e+06
#1075185,49803909,11469184
#1075185,52570290,11469184
#1075185,54189819,11469184
#1075185,54816843,11469184
#1075185,52811487,11469184
1075185,5.28385e+07,11469184,3.46656e+06
#1128944,56045503,12042624
#1128944,59000604,12042624
#1128944,59210168,12042624
#1128944,61199069,12042624
#1128944,59286310,12042624
1128944,5.89483e+07,12042624,3.3079e+06
#1185391,59780400,12644736
#1185391,66113143,12644736
#1185391,65249164,12644736
#1185391,66287180,12644736
#1185391,65882777,12644736
1185391,6.46625e+07,12644736,4.93251e+06
#1244660,69348928,13277056
#1244660,76261003,13277056
#1244660,74320127,13277056
#1244660,75672422,13277056
#1244660,74751934,13277056
1244660,7.40709e+07,13277056,4.91401e+06
#1306893,75417131,13940864
#1306893,81858983,13940864
#1306893,82345650,13940864
#1306893,82778077,13940864
#1306893,82256361,13940864
1306893,8.09312e+07,13940864,5.54497e+06
#1372237,83708573,14637824
#1372237,91230658,14637824
#1372237,91746831,14637824
#1372237,90901336,14637824
#1372237,94569069,14637824
1372237,9.04313e+07,14637824,7.20593e+06
#1440848,95113865,15369728
#1440848,102075270,15369728
#1440848,99573753,15369728
#1440848,101325672,15369728
#1440848,100112410,15369728
1440848,9.96402e+07,15369728,4.85679e+06
#1512890,104305841,16138112
#1512890,116798282,16138112
#1512890,112094263,16138112
#1512890,111449158,16138112
#1512890,113035465,16138112
1512890,1.11537e+08,16138112,8.12573e+06
#1588534,113267060,16945024
#1588534,122038772,16945024
#1588534,122373283,16945024
#1588534,123514865,16945024
#1588534,123507207,16945024
1588534,1.2094e+08,16945024,7.76433e+06
#1667960,124435090,17792128
#1667960,134342627,17792128
#1667960,132328040,17792128
#1667960,133528366,17792128
#1667960,133384001,17792128
1667960,1.31604e+08,17792128,7.28226e+06
#1751358,146312244,18681728
#1751358,148358332,18681728
#1751358,144802852,18681728
#1751358,144885408,18681728
#1751358,145172667,18681728
1751358,1.45906e+08,18681728,2.6796e+06
#1838925,150959070,19615872
#1838925,158043146,19615872
#1838925,158833249,19615872
#1838925,159229080,19615872
#1838925,158374236,19615872
1838925,1.57088e+08,19615872,6.1813e+06
#1930871,171217085,20596608
#1930871,178032804,20596608
#1930871,174848881,20596608
#1930871,172040946,20596608
#1930871,171807590,20596608
1930871,1.73589e+08,20596608,5.10142e+06
#2027414,184367991,21626496
#2027414,186820793,21626496
#2027414,188966867,21626496
#2027414,189625925,21626496
#2027414,187305068,21626496
2027414,1.87417e+08,21626496,3.68194e+06
#2128784,207005303,22707584
#2128784,203404833,22707584
#2128784,203252435,22707584
#2128784,202860827,22707584
#2128784,205307712,22707584
2128784,2.04366e+08,22707584,3.1346e+06
#2235223,213207242,23842944
#2235223,218221309,23842944
#2235223,218331528,23842944
#2235223,218785361,23842944
#2235223,220272615,23842944
2235223,2.17764e+08,23842944,4.78595e+06
#2346984,229650184,25035136
#2346984,236650883,25035136
#2346984,238545108,25035136
#2346984,236708860,25035136
#2346984,236200476,25035136
2346984,2.35551e+08,25035136,6.11598e+06
#2464333,257304807,26286848
#2464333,256397656,26286848
#2464333,254490724,26286848
#2464333,254385851,26286848
#2464333,259248491,26286848
2464333,2.56366e+08,26286848,3.64733e+06
#2587549,272353157,27601152
#2587549,263652361,27601152
#2587549,251615510,27601152
#2587549,267598812,27601152
#2587549,262622180,27601152
2587549,2.63568e+08,27601152,1.37751e+07
#2716926,292498657,28981248
#2716926,297518034,28981248
#2716926,294227171,28981248
#2716926,295058918,28981248
#2716926,295355192,28981248
2716926,2.94932e+08,28981248,3.26199e+06
#2852772,312375221,30430208
#2852772,313709125,30430208
#2852772,315065831,30430208
#2852772,313902980,30430208
#2852772,314611412,30430208
2852772,3.13933e+08,30430208,1.83766e+06
#2995410,337030024,31951616
#2995410,336314035,31951616
#2995410,340002996,31951616
#2995410,336489720,31951616
#2995410,336510753,31951616
2995410,3.3727e+08,31951616,2.77503e+06
#3145180,359177506,33549184
#3145180,365569323,33549184
#3145180,364170600,33549184
#3145180,358145059,33549184
#3145180,360260488,33549184
3145180,3.61465e+08,33549184,5.78766e+06
#3302439,385141116,35226624
#3302439,390071922,35226624
#3302439,393363545,35226624
#3302439,391652468,35226624
#3302439,392795535,35226624
3302439,3.90605e+08,35226624,5.90887e+06
#3467560,414609661,36987904
#3467560,417463323,36987904
#3467560,416156488,36987904
#3467560,416279723,36987904
#3467560,414954424,36987904
3467560,4.15893e+08,36987904,2.04211e+06
#3640938,437352896,38837248
#3640938,442153480,38837248
#3640938,456034588,38837248
#3640938,440982853,38837248
#3640938,441735979,38837248
3640938,4.43652e+08,38837248,1.28389e+07
#3822984,469124395,40779136
#3822984,471852502,40779136
#3822984,471354303,40779136
#3822984,469939806,40779136
#3822984,471541858,40779136
3822984,4.70763e+08,40779136,2.09875e+06
#4014133,495507248,42818048
#4014133,501241908,42818048
#4014133,499681475,42818048
#4014133,502156419,42818048
#4014133,500396361,42818048
4014133,4.99797e+08,42818048,4.59819e+06
#4214839,525687607,44958848
#4214839,536139785,44958848
#4214839,529667886,44958848
#4214839,532366371,44958848
#4214839,533481248,44958848
4214839,5.31469e+08,44958848,7.11838e+06
#4425580,563682504,47206784
#4425580,566151420,47206784
#4425580,577931026,47206784
#4425580,563473274,47206784
#4425580,565056151,47206784
4425580,5.67259e+08,47206784,1.08478e+07
#4646859,599968632,49567104
#4646859,600298181,49567104
#4646859,601459651,49567104
#4646859,602968932,49567104
#4646859,602614591,49567104
4646859,6.01462e+08,49567104,2.39732e+06
#4879201,638597300,52045440
#4879201,640413493,52045440
#4879201,640765882,52045440
#4879201,639483733,52045440
#4879201,643112434,52045440
4879201,6.40475e+08,52045440,3.04011e+06
#5123161,673482012,54647808
#5123161,676297096,54647808
#5123161,677503786,54647808
#5123161,679223083,54647808
#5123161,677197868,54647808
5123161,6.76741e+08,54647808,3.77034e+06
#5379319,716626088,57380096
#5379319,719966588,57380096
#5379319,714288523,57380096
#5379319,721168840,57380096
#5379319,719356162,57380096
5379319,7.18281e+08,57380096,4.9812e+06
#5648284,759735248,60248960
#5648284,762681563,60248960
#5648284,760656000,60248960
#5648284,762094790,60248960
#5648284,762828104,60248960
5648284,7.61599e+08,60248960,2.41516e+06
#5930698,805650041,63261440
#5930698,809799674,63261440
#5930698,805989166,63261440
#5930698,804921425,63261440
#5930698,808740865,63261440
5930698,8.0702e+08,63261440,3.79804e+06
#6227232,849322346,66424448
#6227232,853322085,66424448
#6227232,854903129,66424448
#6227232,862129550,66424448
#6227232,856433526,66424448
6227232,8.55222e+08,66424448,8.37612e+06
#6538593,904734883,69745664
#6538593,906973273,69745664
#6538593,902827333,69745664
#6538593,907066042,69745664
#6538593,907684223,69745664
6538593,9.05857e+08,69745664,3.63149e+06
#6865522,958741093,73232896
#6865522,965786354,73232896
#6865522,958009347,73232896
#6865522,961390304,73232896
#6865522,956756119,73232896
6865522,9.60137e+08,73232896,6.41198e+06
#7208798,1011288399,76894592
#7208798,1014688299,76894592
#7208798,1016221339,76894592
#7208798,1033069720,76894592
#7208798,1011551242,76894592
7208798,1.01736e+09,76894592,1.61452e+07
#7569237,1071859504,80739200
#7569237,1075592162,80739200
#7569237,1080568960,80739200
#7569237,1073396566,80739200
#7569237,1080178858,80739200
7569237,1.07632e+09,80739200,7.03799e+06
#7947698,1144124296,84776064
#7947698,1147439017,84776064
#7947698,1144217633,84776064
#7947698,1142016896,84776064
#7947698,1148942084,84776064
7947698,1.14535e+09,84776064,4.99289e+06
#8345082,1215215094,89014912
#8345082,1213396534,89014912
#8345082,1213318050,89014912
#8345082,1217453233,89014912
#8345082,1229556172,89014912
8345082,1.21779e+09,89014912,1.21487e+07
#8762336,1286769095,93465600
#8762336,1288567469,93465600
#8762336,1286684412,93465600
#8762336,1283881816,93465600
#8762336,1288074963,93465600
8762336,1.2868e+09,93465600,3.25939e+06
#9200452,1366500544,98138880
#9200452,1368461380,98138880
#9200452,1364712478,98138880
#9200452,1362006770,98138880
#9200452,1369433618,98138880
9200452,1.36622e+09,98138880,5.32569e+06
#9660474,1441588198,103045632
#9660474,1442070081,103045632
#9660474,1441472233,103045632
#9660474,1444414624,103045632
#9660474,1445823976,103045632
9660474,1.44307e+09,103045632,3.48032e+06
