#1,371,256
#1,72,256
#1,70,256
#1,72,256
#1,74,256
1,131.8,256,239.213
#2,96,256
#2,91,256
#2,85,256
#2,86,256
#2,84,256
2,88.4,256,8.99778
#3,89,256
#3,101,256
#3,108,256
#3,109,256
#3,99,256
3,101.2,256,14.4444
#4,109,256
#4,119,256
#4,114,256
#4,115,256
#4,114,256
4,114.2,256,6.37495
#5,120,256
#5,131,256
#5,131,256
#5,134,256
#5,136,256
5,130.4,256,11.0707
#6,130,256
#6,151,256
#6,149,256
#6,147,256
#6,150,256
6,145.4,256,15.6256
#7,145,256
#7,167,256
#7,163,256
#7,168,256
#7,163,256
7,161.2,256,16.7045
#8,188,256
#8,225,256
#8,184,256
#8,189,256
#8,184,256
8,194,256,31.2666
#9,211,256
#9,218,256
#9,216,256
#9,219,256
#9,206,256
9,214,256,9.71597
#10,227,256
#10,219,256
#10,219,256
#10,220,256
#10,218,256
10,220.6,256,6.5238
#11,227,256
#11,251,256
#11,246,256
#11,233,256
#11,234,256
11,238.2,256,17.7719
#12,233,256
#12,250,256
#12,257,256
#12,250,256
#12,251,256
12,248.2,256,16.0698
#13,722,384
#13,580,384
#13,506,384
#13,686,384
#13,536,384
13,606,384,168.362
#14,485,384
#14,494,384
#14,501,384
#14,503,384
#14,495,384
14,495.6,384,12.6238
#15,261,384
#15,250,384
#15,252,384
#15,255,384
#15,251,384
15,253.8,384,7.93977
#16,244,384
#16,261,384
#16,252,384
#16,255,384
#16,256,384
16,253.6,384,11.2143
#17,379,384
#17,326,384
#17,294,384
#17,293,384
#17,299,384
17,318.2,384,65.4021
#18,292,384
#18,310,384
#18,315,384
#18,314,384
#18,298,384
18,305.8,384,18.3478
#19,309,384
#19,328,384
#19,299,384
#19,304,384
#19,309,384
19,309.8,384,19.653
#20,374,384
#20,336,384
#20,314,384
#20,308,384
#20,308,384
20,328,384,50.4063
#21,365,384
#21,363,384
#21,349,384
#21,343,384
#21,341,384
21,352.2,384,20.016
#22,399,384
#22,376,384
#22,359,384
#22,357,384
#22,364,384
22,371,384,30.958
#23,362,384
#23,407,384
#23,371,384
#23,369,384
#23,364,384
23,374.6,384,33.0478
#24,480,384
#24,394,384
#24,381,384
#24,379,384
#24,445,384
24,415.8,384,80.074
#25,978,640
#25,932,640
#25,850,640
#25,858,640
#25,896,640
25,902.8,640,95.284
#26,1025,640
#26,888,640
#26,859,640
#26,844,640
#26,902,640
26,903.6,640,128.141
#27,1057,640
#27,821,640
#27,829,640
#27,780,640
#27,840,640
27,865.4,640,195.847
#28,1013,640
#28,831,640
#28,818,640
#28,815,640
#28,798,640
28,855,640,159.394
#29,486,640
#29,421,640
#29,418,640
#29,418,640
#29,414,640
29,431.4,640,54.781
#30,508,640
#30,422,640
#30,419,640
#30,420,640
#30,420,640
30,437.8,640,70.2271
#31,429,640
#31,439,640
#31,435,640
#31,425,640
#31,427,640
31,431,640,10.4307
#32,476,640
#32,472,640
#32,461,640
#32,444,640
#32,437,640
32,458,640,30.5418
#33,532,640
#33,540,640
#33,520,640
#33,495,640
#33,495,640
33,516.4,640,37.1935
#34,529,640
#34,531,640
#34,495,640
#34,478,640
#34,472,640
34,501,640,49.7192
#35,445,640
#35,476,640
#35,478,640
#35,476,640
#35,457,640
35,466.4,640,26.3089
#36,549,640
#36,537,640
#36,480,640
#36,495,640
#36,474,640
36,507,640,60.8342
#37,6600,1152
#37,1688,1152
#37,1543,1152
#37,1526,1152
#37,1234,1152
37,2518.2,1152,4092.43
#38,1506,1152
#38,1536,1152
#38,1256,1152
#38,1313,1152
#38,1275,1152
38,1377.2,1152,238.433
#39,1452,1152
#39,1407,1152
#39,1349,1152
#39,1142,1152
#39,1191,1152
39,1308.2,1152,242.426
#40,1512,1152
#40,1285,1152
#40,1292,1152
#40,1274,1152
#40,1182,1152
40,1309,1152,218.042
#42,1373,1152
#42,1481,1152
#42,1230,1152
#42,1191,1152
#42,1263,1152
42,1307.6,1152,211.568
#44,661,896
#44,659,896
#44,627,896
#44,609,896
#44,583,896
44,627.8,896,59.5772
#46,825,896
#46,789,896
#46,656,896
#46,704,896
#46,649,896
46,724.6,896,141.628
#48,802,896
#48,717,896
#48,679,896
#48,669,896
#48,671,896
48,707.6,896,100.587
#50,1806,1280
#50,1657,1280
#50,1503,1280
#50,1476,1280
#50,1434,1280
50,1575.2,1280,275.61
#52,1659,1280
#52,1656,1280
#52,1476,1280
#52,1471,1280
#52,1423,1280
52,1537,1280,200.236
#54,2104,1280
#54,1719,1280
#54,1597,1280
#54,1594,1280
#54,1554,1280
54,1713.6,1280,405.772
#56,1731,1280
#56,1617,1280
#56,1558,1280
#56,1549,1280
#56,1557,1280
56,1602.4,1280,137.507
#58,1039,1152
#58,982,1152
#58,932,1152
#58,738,1152
#58,708,1152
58,879.8,1152,265.536
#60,942,1152
#60,837,1152
#60,762,1152
#60,758,1152
#60,785,1152
60,816.8,1152,137.273
#63,2395,1536
#63,2066,1536
#63,1880,1536
#63,1846,1536
#63,1796,1536
63,1996.6,1536,438.228
#66,2364,1536
#66,1965,1536
#66,1863,1536
#66,1852,1536
#66,1840,1536
66,1976.8,1536,397.294
#69,2055,1536
#69,1917,1536
#69,1783,1536
#69,1787,1536
#69,1771,1536
69,1862.6,1536,219.853
#72,1515,1280
#72,1160,1280
#72,1056,1280
#72,934,1280
#72,970,1280
72,1127,1280,418.16
#75,2253,1664
#75,2187,1664
#75,1959,1664
#75,1924,1664
#75,1960,1664
75,2056.6,1664,271.319
#78,2221,1664
#78,2095,1664
#78,2010,1664
#78,2027,1664
#78,2003,1664
78,2071.2,1664,163.357
#81,2089,1664
#81,2001,1664
#81,1969,1664
#81,1970,1664
#81,1956,1664
81,1997,1664,96.6395
#85,2492,1920
#85,2381,1920
#85,2155,1920
#85,2137,1920
#85,2136,1920
85,2260.2,1920,296.641
#89,2555,1920
#89,2515,1920
#89,2253,1920
#89,2210,1920
#89,2220,1920
89,2350.6,1920,303.522
#93,2679,1920
#93,2520,1920
#93,2255,1920
#93,2230,1920
#93,2183,1920
93,2373.4,1920,385.453
#97,2665,1920
#97,2623,1920
#97,2386,1920
#97,2393,1920
#97,2506,1920
97,2514.6,1920,229.38
#101,3420,2048
#101,2935,2048
#101,2592,2048
#101,2495,2048
#101,2512,2048
101,2790.8,2048,705.087
#106,2916,2048
#106,2925,2048
#106,2642,2048
#106,2621,2048
#106,2536,2048
106,2728,2048,322.319
#111,2994,2048
#111,2901,2048
#111,2631,2048
#111,2582,2048
#111,2478,2048
111,2717.2,2048,393.27
#116,3147,2176
#116,3039,2176
#116,2818,2176
#116,2772,2176
#116,2780,2176
116,2911.2,2176,306.217
#121,3234,2176
#121,3147,2176
#121,2943,2176
#121,2887,2176
#121,2837,2176
121,3009.6,2176,307.885
#127,3851,2432
#127,3502,2432
#127,2957,2432
#127,2961,2432
#127,2929,2432
127,3240,2432,746.52
#133,4208,2432
#133,3893,2432
#133,3390,2432
#133,3264,2432
#133,3222,2432
133,3595.4,2432,777.322
#139,3854,2432
#139,3788,2432
#139,3364,2432
#139,3284,2432
#139,3229,2432
139,3503.8,2432,526.711
#145,3837,2560
#145,3688,2560
#145,3489,2560
#145,3408,2560
#145,3348,2560
145,3554,2560,364.441
#152,4237,2560
#152,3977,2560
#152,3528,2560
#152,3525,2560
#152,3429,2560
152,3739.2,2560,626.779
#159,4330,2816
#159,4266,2816
#159,3800,2816
#159,3792,2816
#159,3715,2816
159,3980.6,2816,523.269
#166,4666,2816
#166,4455,2816
#166,4016,2816
#166,3987,2816
#166,3921,2816
166,4209,2816,592.515
#174,4540,2944
#174,4378,2944
#174,4147,2944
#174,4042,2944
#174,3971,2944
174,4215.6,2944,425.47
#182,5088,2944
#182,4707,2944
#182,4290,2944
#182,4245,2944
#182,4194,2944
182,4504.8,2944,687.743
#191,4789,3200
#191,4847,3200
#191,4520,3200
#191,4350,3200
#191,4287,3200
191,4558.6,3200,451.689
#200,5246,3328
#200,5059,3328
#200,4585,3328
#200,4631,3328
#200,4467,3328
200,4797.6,3328,601.094
#210,5423,3328
#210,5226,3328
#210,4743,3328
#210,4623,3328
#210,4537,3328
210,4910.4,3328,699.949
#220,5465,3456
#220,5378,3456
#220,5018,3456
#220,4957,3456
#220,4895,3456
220,5142.6,3456,465.303
#231,6242,3712
#231,5892,3712
#231,5168,3712
#231,5033,3712
#231,5088,3712
231,5484.6,3712,980.245
#242,6291,3840
#242,5904,3840
#242,5394,3840
#242,5471,3840
#242,5384,3840
242,5688.8,3840,713.416
#254,6671,4096
#254,6288,4096
#254,5718,4096
#254,5612,4096
#254,5581,4096
254,5974,4096,865.071
#266,6553,4096
#266,6281,4096
#266,5898,4096
#266,5835,4096
#266,5743,4096
266,6062,4096,612.685
#279,6793,4224
#279,6694,4224
#279,6279,4224
#279,6105,4224
#279,6046,4224
279,6383.4,4224,610.894
#292,7137,4480
#292,6798,4480
#292,6424,4480
#292,6458,4480
#292,6404,4480
292,6644.2,4480,570.867
#306,7730,4608
#306,7499,4608
#306,6935,4608
#306,6885,4608
#306,6766,4608
306,7163,4608,759.611
#321,8639,4736
#321,7912,4736
#321,7335,4736
#321,7333,4736
#321,7034,4736
321,7650.6,4736,1140.5
#337,8375,5120
#337,8153,5120
#337,7802,5120
#337,7650,5120
#337,7468,5120
337,7889.6,5120,662.01
#353,8324,5376
#353,8115,5376
#353,7800,5376
#353,7752,5376
#353,7466,5376
353,7891.4,5376,597.255
#370,9480,5504
#370,8760,5504
#370,8111,5504
#370,8054,5504
#370,8000,5504
370,8481,5504,1140.68
#388,9378,5760
#388,8975,5760
#388,8530,5760
#388,8384,5760
#388,8243,5760
388,8702,5760,835.653
#407,9982,6016
#407,9683,6016
#407,9173,6016
#407,9040,6016
#407,8881,6016
407,9351.8,6016,828.341
#427,10462,6272
#427,10190,6272
#427,9733,6272
#427,9551,6272
#427,9352,6272
427,9857.6,6272,820.219
#448,11287,6400
#448,10742,6400
#448,10399,6400
#448,9881,6400
#448,9758,6400
448,10413.4,6400,1125.83
#470,11228,6784
#470,10788,6784
#470,10487,6784
#470,10326,6784
#470,10412,6784
470,10648.2,6784,658.058
#493,13609,7168
#493,12484,7168
#493,11539,7168
#493,11231,7168
#493,11188,7168
493,12010.2,7168,1851.67
#517,12518,7296
#517,12091,7296
#517,11374,7296
#517,11112,7296
#517,10934,7296
517,11605.8,7296,1205.46
#542,12338,7680
#542,12185,7680
#542,11854,7680
#542,11529,7680
#542,11570,7680
542,11895.2,7680,645.979
#569,13720,8064
#569,13043,8064
#569,12525,8064
#569,12296,8064
#569,12010,8064
569,12718.8,8064,1208.71
#597,13965,8448
#597,14149,8448
#597,13406,8448
#597,13265,8448
#597,13016,8448
597,13560.2,8448,856.795
#626,15194,8832
#626,14678,8832
#626,14000,8832
#626,13707,8832
#626,13398,8832
626,14195.4,8832,1309.25
#657,16584,9216
#657,15309,9216
#657,14283,9216
#657,14171,9216
#657,14019,9216
657,14873.2,9216,1936.56
#689,17698,9728
#689,16428,9728
#689,15335,9728
#689,14977,9728
#689,14826,9728
689,15852.8,9728,2158.72
#723,18324,10112
#723,17204,10112
#723,16232,10112
#723,16011,10112
#723,15587,10112
723,16671.6,10112,1963.64
#759,19308,10624
#759,18342,10624
#759,17243,10624
#759,16723,10624
#759,16546,10624
759,17632.4,10624,2091.9
#796,19815,11008
#796,18143,11008
#796,17329,11008
#796,16901,11008
#796,16612,11008
796,17760,11008,2299.78
#835,20366,11520
#835,19166,11520
#835,18444,11520
#835,18072,11520
#835,17646,11520
835,18738.8,11520,1909.14
#876,20200,12160
#876,19458,12160
#876,18425,12160
#876,18487,12160
#876,17991,12160
876,18912.2,12160,1605.76
#919,21774,12672
#919,20556,12672
#919,20571,12672
#919,19812,12672
#919,19428,12672
919,20428.2,12672,1606.99
#964,22516,13184
#964,21721,13184
#964,20776,13184
#964,20508,13184
#964,20243,13184
964,21152.8,13184,1689.18
#1012,24605,13952
#1012,23057,13952
#1012,22529,13952
#1012,21877,13952
#1012,21466,13952
1012,22706.8,13952,2188.25
#1062,24597,14464
#1062,24133,14464
#1062,23201,14464
#1062,22706,14464
#1062,22322,14464
1062,23391.8,14464,1709.52
#1115,27670,15232
#1115,26035,15232
#1115,24699,15232
#1115,23717,15232
#1115,23413,15232
1115,25106.8,15232,3149.39
#1170,26665,16000
#1170,25909,16000
#1170,24619,16000
#1170,24396,16000
#1170,24202,16000
1170,25158.2,16000,1922.53
#1228,28731,16640
#1228,27501,16640
#1228,26648,16640
#1228,26081,16640
#1228,25850,16640
1228,26962.2,16640,2103.56
#1289,30529,17536
#1289,28709,17536
#1289,27625,17536
#1289,27444,17536
#1289,26855,17536
1289,28232.4,17536,2590.64
#1353,31439,18304
#1353,30416,18304
#1353,29178,18304
#1353,34060,18304
#1353,28227,18304
1353,30664,18304,4034.07
#1420,33802,19200
#1420,32327,19200
#1420,31581,19200
#1420,30454,19200
#1420,30440,19200
1420,31720.8,19200,2524.07
#1491,33630,20096
#1491,32315,20096
#1491,31416,20096
#1491,30582,20096
#1491,30318,20096
1491,31652.2,20096,2421.93
#1565,35510,21120
#1565,34024,21120
#1565,33083,21120
#1565,32394,21120
#1565,31737,21120
1565,33349.6,21120,2639.22
#1643,38053,22144
#1643,36503,22144
#1643,35829,22144
#1643,34846,22144
#1643,34209,22144
1643,35888,22144,2679.36
#1725,37053,23296
#1725,36325,23296
#1725,34720,23296
#1725,33757,23296
#1725,33677,23296
1725,35106.4,23296,2725.82
#1811,39340,24320
#1811,37420,24320
#1811,36171,24320
#1811,35679,24320
#1811,34839,24320
1811,36689.8,24320,3133.44
#1901,40566,25472
#1901,39013,25472
#1901,37899,25472
#1901,36881,25472
#1901,36519,25472
1901,38175.6,25472,2954.6
#1996,43113,26752
#1996,41732,26752
#1996,39795,26752
#1996,39304,26752
#1996,38889,26752
1996,40566.6,26752,3205.77
#2095,44702,28032
#2095,42979,28032
#2095,41729,28032
#2095,40885,28032
#2095,40401,28032
2095,42139.2,28032,3103.01
#2199,48943,29440
#2199,46464,29440
#2199,44976,29440
#2199,44264,29440
#2199,43495,29440
2199,45628.4,29440,3849.51
#2308,49396,30720
#2308,48110,30720
#2308,46157,30720
#2308,50794,30720
#2308,44812,30720
2308,47853.8,30720,4310.03
#2423,50716,32384
#2423,62719,32384
#2423,46602,32384
#2423,45695,32384
#2423,45051,32384
2423,50156.6,32384,13167.7
#2544,53125,33920
#2544,51288,33920
#2544,49371,33920
#2544,48163,33920
#2544,47657,33920
2544,49920.8,33920,4064.78
#2671,55778,35456
#2671,54158,35456
#2671,52383,35456
#2671,51191,35456
#2671,50265,35456
2671,52755,35456,3989.14
#2804,58703,37376
#2804,56136,37376
#2804,54647,37376
#2804,53305,37376
#2804,52747,37376
2804,55107.6,37376,4291.24
#2944,60273,39168
#2944,71785,39168
#2944,54764,39168
#2944,53724,39168
#2944,53129,39168
2944,58735,39168,13999.3
#3091,61014,40960
#3091,59033,40960
#3091,57562,40960
#3091,56275,40960
#3091,55898,40960
3091,57956.4,40960,3765.92
#3245,64649,43008
#3245,63299,43008
#3245,61628,43008
#3245,60354,43008
#3245,59488,43008
3245,61883.6,43008,3773.03
#3407,68720,45184
#3407,70076,45184
#3407,64787,45184
#3407,63179,45184
#3407,62903,45184
3407,65933,45184,5865.87
#3577,68719,47360
#3577,66559,47360
#3577,64891,47360
#3577,63887,47360
#3577,63283,47360
3577,65467.8,47360,3936.09
#3755,74660,49792
#3755,72400,49792
#3755,69984,49792
#3755,68778,49792
#3755,68054,49792
3755,70775.2,49792,4878.64
#3942,76973,52096
#3942,74367,52096
#3942,72218,52096
#3942,70757,52096
#3942,69941,52096
3942,72851.2,52096,5102.37
#4139,79093,54656
#4139,77126,54656
#4139,75277,54656
#4139,73886,54656
#4139,73245,54656
4139,75725.4,54656,4293.18
#4345,86720,57472
#4345,95386,57472
#4345,78848,57472
#4345,77381,57472
#4345,76369,57472
4345,82940.8,57472,14422.7
#4562,84607,60160
#4562,83041,60160
#4562,80677,60160
#4562,79380,60160
#4562,78982,60160
4562,81337.4,60160,4327.4
#4790,90978,63360
#4790,88553,63360
#4790,86520,63360
#4790,85610,63360
#4790,84803,63360
4790,87292.8,63360,4453.94
#5029,91710,66432
#5029,89412,66432
#5029,87355,66432
#5029,85606,66432
#5029,85423,66432
5029,87901.2,66432,4774.7
#5280,96427,69760
#5280,94659,69760
#5280,92256,69760
#5280,90984,69760
#5280,90252,69760
5280,92915.6,69760,4615.65
#5544,111471,72960
#5544,94789,72960
#5544,92544,72960
#5544,91387,72960
#5544,90825,72960
5544,96203.2,72960,15507.8
#5821,101959,76672
#5821,100050,76672
#5821,97711,76672
#5821,96636,76672
#5821,95881,76672
5821,98447.4,76672,4499.74
#6112,109205,80512
#6112,107385,80512
#6112,116653,80512
#6112,100196,80512
#6112,99292,80512
6112,106546,80512,12739.5
#6417,161444,84480
#6417,114757,84480
#6417,106848,84480
#6417,105235,84480
#6417,104243,84480
6417,118505,84480,43572.4
#6737,117142,88704
#6737,114780,88704
#6737,112982,88704
#6737,111903,88704
#6737,111133,88704
6737,113588,88704,4316.04
#7073,122542,93056
#7073,130579,93056
#7073,115052,93056
#7073,113592,93056
#7073,112836,93056
7073,118920,93056,13547.4
#7426,127931,97664
#7426,125435,97664
#7426,122785,97664
#7426,121470,97664
#7426,120654,97664
7426,123655,97664,5365.8
#7797,128132,102400
#7797,125488,102400
#7797,123634,102400
#7797,122460,102400
#7797,121371,102400
7797,124217,102400,4772.36
#8186,140910,107520
#8186,138397,107520
#8186,139494,107520
#8186,134940,107520
#8186,134042,107520
8186,137557,107520,5284.25
#8595,142734,112896
#8595,139571,112896
#8595,138119,112896
#8595,136722,112896
#8595,135850,112896
8595,138599,112896,4845.91
#9024,151290,118528
#9024,158094,118528
#9024,142517,118528
#9024,140970,118528
#9024,140353,118528
9024,146645,118528,13899.4
#9475,153303,124416
#9475,151183,124416
#9475,163177,124416
#9475,157938,124416
#9475,147757,124416
9475,154672,124416,10765.4
#9948,159523,130560
#9948,157219,130560
#9948,154856,130560
#9948,154160,130560
#9948,153514,130560
9948,155854,130560,4442.16
#10445,180183,137216
#10445,163605,137216
#10445,161443,137216
#10445,160837,137216
#10445,159437,137216
10445,165101,137216,15319.2
#10967,170599,144000
#10967,171977,144000
#10967,166581,144000
#10967,175914,144000
#10967,160679,144000
10967,169150,144000,10361.5
#11515,185228,151040
#11515,167642,151040
#11515,165925,151040
#11515,165444,151040
#11515,164466,151040
11515,169741,151040,15623.2
#12090,176010,158592
#12090,174499,158592
#12090,173010,158592
#12090,181598,158592
#12090,167403,158592
12090,174504,158592,9176.02
#12694,181185,166400
#12694,179425,166400
#12694,177722,166400
#12694,176684,166400
#12694,175758,166400
12694,178155,166400,3887.49
#13328,187396,174720
#13328,185829,174720
#13328,184070,174720
#13328,183064,174720
#13328,182082,174720
13328,184488,174720,3820.58
#13994,197136,183424
#13994,195820,183424
#13994,196521,183424
#13994,192972,183424
#13994,192888,183424
13994,195067,183424,3588.75
#14693,207376,192640
#14693,205990,192640
#14693,204348,192640
#14693,202835,192640
#14693,202575,192640
14693,204625,192640,3678.54
#15427,218182,202112
#15427,217012,202112
#15427,215449,202112
#15427,217895,202112
#15427,213995,202112
15427,216507,202112,3151.72
#16198,231736,212096
#16198,230849,212096
#16198,228529,212096
#16198,228145,212096
#16198,227834,212096
16198,229419,212096,3142.07
#17007,243529,222720
#17007,242256,222720
#17007,240462,222720
#17007,242777,222720
#17007,238547,222720
17007,241514,222720,3590.63
#17857,255371,233856
#17857,254039,233856
#17857,252571,233856
#17857,251556,233856
#17857,250751,233856
17857,252858,233856,3337.9
#18749,264317,245632
#18749,266395,245632
#18749,261692,245632
#18749,260635,245632
#18749,260703,245632
18749,262748,245632,4518.79
#19686,281817,257920
#19686,280450,257920
#19686,278100,257920
#19686,278509,257920
#19686,278145,257920
19686,279404,257920,2966.91
#20670,295393,270720
#20670,293834,270720
#20670,291702,270720
#20670,290989,270720
#20670,291358,270720
20670,292655,270720,3376.7
#21703,311099,284160
#21703,310088,284160
#21703,307485,284160
#21703,307691,284160
#21703,306985,284160
21703,308670,284160,3238.85
#22788,321077,298240
#22788,321030,298240
#22788,319269,298240
#22788,317985,298240
#22788,317984,298240
22788,319469,298240,2752.43
#23927,346463,313216
#23927,345029,313216
#23927,343285,313216
#23927,342199,313216
#23927,360767,313216
23927,347549,313216,13536.6
#25123,359168,328832
#25123,362918,328832
#25123,357463,328832
#25123,357611,328832
#25123,356400,328832
25123,358712,328832,4562.1
#26379,383839,345216
#26379,383285,345216
#26379,382230,345216
#26379,383928,345216
#26379,380741,345216
26379,382805,345216,2391.89
#27697,406803,362496
#27697,405735,362496
#27697,405045,362496
#27697,404275,362496
#27697,406626,362496
27697,405697,362496,1904.71
#29081,427730,380544
#29081,425498,380544
#29081,424294,380544
#29081,423321,380544
#29081,423152,380544
29081,424799,380544,3374.19
#30535,444548,399616
#30535,457357,399616
#30535,453201,399616
#30535,453050,399616
#30535,452559,399616
30535,452143,399616,8341.94
#32061,477182,419456
#32061,485510,419456
#32061,463196,419456
#32061,478804,419456
#32061,472995,419456
32061,475537,419456,14740.5
#33664,507777,440320
#33664,509206,440320
#33664,525041,440320
#33664,516792,440320
#33664,507037,440320
33664,513171,440320,13753.6
#35347,535824,462336
#35347,535378,462336
#35347,537492,462336
#35347,572985,462336
#35347,532713,462336
35347,542878,462336,30262.5
#37114,567775,485376
#37114,547175,485376
#37114,601635,485376
#37114,556258,485376
#37114,555167,485376
37114,565602,485376,38354.7
#38969,609256,509696
#38969,619137,509696
#38969,641384,509696
#38969,626656,509696
#38969,591336,509696
38969,617554,509696,33579.3
#40917,631123,535040
#40917,608889,535040
#40917,633535,535040
#40917,622399,535040
#40917,624210,535040
40917,624031,535040,17264.9
#42962,1077307,561792
#42962,885151,561792
#42962,667451,561792
#42962,663036,561792
#42962,806405,561792
42962,819870,561792,307955
#45110,698385,589952
#45110,691735,589952
#45110,743652,589952
#45110,696515,589952
#45110,689858,589952
45110,704029,589952,40102.4
#47365,733912,619392
#47365,738086,619392
#47365,732000,619392
#47365,733122,619392
#47365,731644,619392
47365,733753,619392,4623.35
#49733,768542,650240
#49733,767732,650240
#49733,766382,650240
#49733,771629,650240
#49733,767322,650240
49733,768321,650240,3588.46
#52219,816339,682624
#52219,811302,682624
#52219,811326,682624
#52219,810386,682624
#52219,809395,682624
52219,811750,682624,4803.83
#54829,890952,716800
#54829,878353,716800
#54829,857286,716800
#54829,880465,716800
#54829,877981,716800
54829,877007,716800,21874.2
#57570,925556,752640
#57570,924564,752640
#57570,897114,752640
#57570,918516,752640
#57570,926736,752640
57570,918497,752640,22122.4
#60448,1011664,790144
#60448,984224,790144
#60448,976252,790144
#60448,976034,790144
#60448,976694,790144
60448,984974,790144,27385.7
#63470,1021173,829696
#63470,1024984,829696
#63470,1019640,829696
#63470,1019815,829696
#63470,1025813,829696
63470,1.02228e+06,829696,5220.33
#66643,1091871,871168
#66643,1053116,871168
#66643,1048814,871168
#66643,1052222,871168
#66643,1048232,871168
66643,1.05885e+06,871168,33234.4
#69975,1131558,914688
#69975,1127844,914688
#69975,1129914,914688
#69975,1127872,914688
#69975,1132899,914688
69975,1.13002e+06,914688,4001.42
#73473,1195450,960384
#73473,1197618,960384
#73473,1193615,960384
#73473,1193006,960384
#73473,1173989,960384
73473,1.19074e+06,960384,17052.6
#77146,1267276,1008256
#77146,1253221,1008256
#77146,1252662,1008256
#77146,1318350,1008256
#77146,1222529,1008256
77146,1.26281e+06,1008256,62751.1
#81003,1332747,1058560
#81003,1329403,1058560
#81003,1329208,1058560
#81003,1331937,1058560
#81003,1334485,1058560
81003,1.33156e+06,1058560,4029.01
#85053,1389579,1111680
#85053,1389277,1111680
#85053,1385527,1111680
#85053,1388712,1111680
#85053,1387019,1111680
85053,1.38802e+06,1111680,3060.25
#89305,1470334,1166976
#89305,1465307,1166976
#89305,1460272,1166976
#89305,1446294,1166976
#89305,1426293,1166976
89305,1.4537e+06,1166976,31756.5
#93770,1597176,1225344
#93770,1541210,1225344
#93770,1541375,1225344
#93770,1545486,1225344
#93770,1544319,1225344
93770,1.55391e+06,1225344,43389.5
#98458,1673820,1286656
#98458,1618852,1286656
#98458,1618553,1286656
#98458,1617666,1286656
#98458,1657736,1286656
98458,1.63733e+06,1286656,47569.8
#103380,1869361,1351040
#103380,1732996,1351040
#103380,1711704,1351040
#103380,1710997,1351040
#103380,1735563,1351040
103380,1.75212e+06,1351040,119029
#108549,1845265,1418496
#108549,1850385,1418496
#108549,1790965,1418496
#108549,1791254,1418496
#108549,1793107,1418496
108549,1.8142e+06,1418496,55032.3
#113976,1948561,1489408
#113976,1916653,1489408
#113976,1903456,1489408
#113976,1972576,1489408
#113976,2069713,1489408
113976,1.96219e+06,1489408,117909
#119674,2032441,1563776
#119674,1980484,1563776
#119674,1986625,1563776
#119674,1989168,1563776
#119674,1986523,1563776
119674,1.99505e+06,1563776,37826.4
#125657,2135662,1641856
#125657,2099590,1641856
#125657,2091830,1641856
#125657,2117139,1641856
#125657,2128591,1641856
125657,2.11456e+06,1641856,33341.5
#131939,2317245,1724032
#131939,2403482,1724032
#131939,2301174,1724032
#131939,2226121,1724032
#131939,2202792,1724032
131939,2.29016e+06,1724032,142635
#138535,2362691,1810176
#138535,2315210,1810176
#138535,2308931,1810176
#138535,2309121,1810176
#138535,2330593,1810176
138535,2.32531e+06,1810176,40572.1
#145461,2497280,1900672
#145461,2434964,1900672
#145461,2433917,1900672
#145461,2426358,1900672
#145461,2424080,1900672
145461,2.44332e+06,1900672,54609.9
#152734,2624744,1995520
#152734,2557104,1995520
#152734,2546303,1995520
#152734,2558221,1995520
#152734,2549561,1995520
152734,2.56719e+06,1995520,58252.4
#160370,2751563,2095232
#160370,2686609,2095232
#160370,2693444,2095232
#160370,2728564,2095232
#160370,2795758,2095232
160370,2.73119e+06,2095232,80016
#168388,2979390,2199936
#168388,2880403,2199936
#168388,2847457,2199936
#168388,2858404,2199936
#168388,2897716,2199936
168388,2.89267e+06,2199936,93443.8
#176807,3118731,2310016
#176807,3007311,2310016
#176807,3036057,2310016
#176807,3004320,2310016
#176807,2969404,2310016
176807,3.02716e+06,2310016,100860
#185647,3268305,2425472
#185647,3171315,2425472
#185647,3143970,2425472
#185647,3165196,2425472
#185647,3142654,2425472
185647,3.17829e+06,2425472,92825
#194929,3465007,2546688
#194929,3340149,2546688
#194929,3318794,2546688
#194929,3300683,2546688
#194929,3300710,2546688
194929,3.34507e+06,2546688,123410
#204675,3630232,2673920
#204675,3542084,2673920
#204675,3463006,2673920
#204675,3467084,2673920
#204675,3461544,2673920
204675,3.51279e+06,2673920,132195
#214908,3898492,2807680
#214908,3662900,2807680
#214908,3677720,2807680
#214908,3640045,2807680
#214908,3662342,2807680
214908,3.7083e+06,2807680,191708
#225653,4075614,2948096
#225653,3868114,2948096
#225653,3926140,2948096
#225653,3897840,2948096
#225653,3893421,2948096
225653,3.93223e+06,2948096,148043
#236935,4455507,3095296
#236935,4079108,3095296
#236935,4077419,3095296
#236935,4059570,3095296
#236935,4047019,3095296
236935,4.14372e+06,3095296,312684
#248781,4729389,3250176
#248781,4225144,3250176
#248781,4301783,3250176
#248781,4274490,3250176
#248781,4270999,3250176
248781,4.36036e+06,3250176,372297
#261220,4973284,3412480
#261220,4498638,3412480
#261220,4610527,3412480
#261220,4545106,3412480
#261220,4534696,3412480
261220,4.63245e+06,3412480,348412
#274281,5229676,3583104
#274281,4882456,3583104
#274281,4884839,3583104
#274281,4840179,3583104
#274281,4801451,3583104
274281,4.92772e+06,3583104,308120
#287995,5487926,3762304
#287995,5097451,3762304
#287995,5101005,3762304
#287995,5528382,3762304
#287995,5139785,3762304
287995,5.27091e+06,3762304,389397
#302394,5991355,3950336
#302394,5404822,3950336
#302394,5458126,3950336
#302394,5368549,3950336
#302394,5382988,3950336
302394,5.52117e+06,3950336,474108
#317513,6189997,4147840
#317513,5558146,4147840
#317513,5945553,4147840
#317513,5806337,4147840
#317513,5592118,4147840
317513,5.81843e+06,4147840,467618
#333388,6959017,4355200
#333388,6540623,4355200
#333388,6189539,4355200
#333388,6252709,4355200
#333388,6098181,4355200
333388,6.40801e+06,4355200,625483
#350057,7014150,4572928
#350057,6334772,4572928
#350057,6293622,4572928
#350057,6362911,4572928
#350057,6360837,4572928
350057,6.47326e+06,4572928,543195
#367559,7693718,4801536
#367559,6951263,4801536
#367559,6896003,4801536
#367559,7148229,4801536
#367559,6834353,4801536
367559,7.10471e+06,4801536,625474
#385936,7788611,5041408
#385936,7321404,5041408
#385936,7507870,5041408
#385936,7251986,5041408
#385936,7294568,5041408
385936,7.43289e+06,5041408,396432
#405232,8246076,5293568
#405232,7633630,5293568
#405232,7633289,5293568
#405232,7648999,5293568
#405232,7658315,5293568
405232,7.76406e+06,5293568,482389
#425493,8707084,5558144
#425493,8248177,5558144
#425493,8138435,5558144
#425493,8211843,5558144
#425493,8192845,5558144
425493,8.29968e+06,5558144,413531
#446767,9194935,5835904
#446767,8706476,5835904
#446767,8742382,5835904
#446767,8708597,5835904
#446767,8634324,5835904
446767,8.79734e+06,5835904,403790
#469105,9693496,6127744
#469105,9653096,6127744
#469105,9661201,6127744
#469105,9182471,6127744
#469105,9200524,6127744
469105,9.47816e+06,6127744,469033
#492560,10244278,6434048
#492560,9887976,6434048
#492560,9866603,6434048
#492560,9876173,6434048
#492560,9898209,6434048
492560,9.95465e+06,6434048,290415
#517188,10857447,6755712
#517188,10889746,6755712
#517188,10592036,6755712
#517188,10489649,6755712
#517188,10601119,6755712
517188,1.0686e+07,6755712,316852
#543047,11622125,7093632
#543047,11362314,7093632
#543047,11285278,7093632
#543047,11243949,7093632
#543047,11258985,7093632
543047,1.13545e+07,7093632,279743
#570199,12350891,7448192
#570199,12288005,7448192
#570199,12308160,7448192
#570199,12232887,7448192
#570199,12032895,7448192
570199,1.22426e+07,7448192,222993
#598708,13180745,7820416
#598708,12890897,7820416
#598708,12926697,7820416
#598708,12913390,7820416
#598708,12982957,7820416
598708,1.29789e+07,7820416,210749
#628643,14183275,8211584
#628643,14019028,8211584
#628643,13868563,8211584
#628643,13984210,8211584
#628643,14002633,8211584
628643,1.40115e+07,8211584,201629
#660075,15035132,8622080
#660075,15019771,8622080
#660075,15226441,8622080
#660075,15261375,8622080
#660075,15864263,8622080
660075,1.52814e+07,8622080,614653
#693078,16308777,9053056
#693078,16209485,9053056
#693078,20226283,9053056
#693078,18067279,9053056
#693078,17415679,9053056
693078,1.76455e+07,9053056,2.93123e+06
#727731,17560196,9505664
#727731,17496318,9505664
#727731,17939195,9505664
#727731,18670276,9505664
#727731,19047851,9505664
727731,1.81428e+07,9505664,1.23164e+06
#764117,18815623,9980928
#764117,18906008,9980928
#764117,20070166,9980928
#764117,21262752,9980928
#764117,20940769,9980928
764117,1.99991e+07,9980928,2.01674e+06
#802322,21085134,10480000
#802322,21392251,10480000
#802322,24012050,10480000
#802322,23246951,10480000
#802322,23473325,10480000
802322,2.26419e+07,10480000,2.35284e+06
#842438,22063964,11004032
#842438,23529424,11004032
#842438,24692545,11004032
#842438,25018280,11004032
#842438,25391343,11004032
842438,2.41391e+07,11004032,2.42079e+06
#884559,24099757,11554048
#884559,27045149,11554048
#884559,27922071,11554048
#884559,27943727,11554048
#884559,28625580,11554048
884559,2.71273e+07,11554048,3.18946e+06
#928786,28630098,12131712
#928786,31872629,12131712
#928786,32597681,12131712
#928786,31804366,12131712
#928786,31335614,12131712
928786,3.12481e+07,12131712,2.7397e+06
#975225,30780488,12738176
#975225,34629560,12738176
#975225,35084905,12738176
#975225,36236113,12738176
#975225,36623691,12738176
975225,3.4671e+07,12738176,4.1542e+06
#1023986,37027355,13375104
#1023986,41905937,13375104
#1023986,41183919,13375104
#1023986,41181698,13375104
#1023986,41428279,13375104
1023986,4.05454e+07,13375104,3.5575e+06
#1075185,41043480,14043776
#1075185,44883141,14043776
#1075185,47605518,14043776
#1075185,46716069,14043776
#1075185,47376402,14043776
1075185,4.55249e+07,14043776,4.87203e+06
#1128944,48461521,14745984
#1128944,51985769,14745984
#1128944,52332107,14745984
#1128944,52313384,14745984
#1128944,53087019,14745984
1128944,5.1636e+07,14745984,3.25558e+06
#1185391,52689758,15483264
#1185391,58888259,15483264
#1185391,81891662,15483264
#1185391,97225215,15483264
#1185391,92448360,15483264
1185391,7.66287e+07,15483264,3.56648e+07
#1244660,69963252,16257536
#1244660,66700897,16257536
#1244660,68977363,16257536
#1244660,65417781,16257536
#1244660,63101496,16257536
1244660,6.68322e+07,16257536,4.92676e+06
#1306893,67219896,17070336
#1306893,75095660,17070336
#1306893,74673287,17070336
#1306893,74381455,17070336
#1306893,74084415,17070336
1306893,7.30909e+07,17070336,5.90893e+06
#1372237,74887928,17923712
#1372237,83287942,17923712
#1372237,82953220,17923712
#1372237,87184804,17923712
#1372237,83734890,17923712
1372237,8.24098e+07,17923712,8.10933e+06
#1440848,84434227,18819840
#1440848,95984987,18819840
#1440848,94183520,18819840
#1440848,92637777,18819840
#1440848,93562121,18819840
1440848,9.21605e+07,18819840,8.03029e+06
#1512890,96982023,19760896
#1512890,101295358,19760896
#1512890,102661899,19760896
#1512890,100594283,19760896
#1512890,99835490,19760896
1512890,1.00274e+08,19760896,3.78177e+06
#1588534,102888564,20748800
#1588534,111468552,20748800
#1588534,111209262,20748800
#1588534,111178914,20748800
#1588534,112234086,20748800
1588534,1.09796e+08,20748800,6.94919e+06
#1667960,114596501,21786240
#1667960,119946842,21786240
#1667960,122679653,21786240
#1667960,121438294,21786240
#1667960,122370312,21786240
1667960,1.20206e+08,21786240,5.9232e+06
#1751358,123505094,22875520
#1751358,124487697,22875520
#1751358,126533517,22875520
#1751358,125122186,22875520
#1751358,140270866,22875520
1751358,1.27984e+08,22875520,1.24433e+07
#1838925,144988271,24019200
#1838925,140299221,24019200
#1838925,145894918,24019200
#1838925,159822932,24019200
#1838925,141556590,24019200
1838925,1.46512e+08,24019200,1.39438e+07
#1930871,149325788,25220224
#1930871,153363455,25220224
#1930871,165058961,25220224
#1930871,160075512,25220224
#1930871,154446265,25220224
1930871,1.56454e+08,25220224,1.10111e+07
#2027414,164135236,26481280
#2027414,159440096,26481280
#2027414,164414479,26481280
#2027414,166166096,26481280
#2027414,167073423,26481280
2027414,1.64246e+08,26481280,5.27776e+06
#2128784,182934270,27805056
#2128784,179709577,27805056
#2128784,180200015,27805056
#2128784,177879711,27805056
#2128784,177936411,27805056
2128784,1.79732e+08,27805056,3.7018e+06
#2235223,192562113,29195392
#2235223,193772724,29195392
#2235223,196851750,29195392
#2235223,193254387,29195392
#2235223,193073707,29195392
2235223,1.93903e+08,29195392,3.04874e+06
#2346984,211337789,30655104
#2346984,210281348,30655104
#2346984,209578148,30655104
#2346984,208559298,30655104
#2346984,208092353,30655104
2346984,2.0957e+08,30655104,2.33857e+06
#2464333,228620035,32187776
#2464333,232108874,32187776
#2464333,225285283,32187776
#2464333,225537148,32187776
#2464333,270156327,32187776
2464333,2.36342e+08,32187776,3.41755e+07
#2587549,247007724,33797120
#2587549,252719402,33797120
#2587549,252427038,33797120
#2587549,252076577,33797120
#2587549,250446528,33797120
2587549,2.50935e+08,33797120,4.23089e+06
#2716926,272660182,35487104
#2716926,273909799,35487104
#2716926,274510787,35487104
#2716926,276498198,35487104
#2716926,277798035,35487104
2716926,2.75075e+08,35487104,3.68215e+06
#2852772,286673918,37261440
#2852772,295843694,37261440
#2852772,294957515,37261440
#2852772,292626539,37261440
#2852772,294562862,37261440
2852772,2.92933e+08,37261440,6.60286e+06
#2995410,309468494,39124352
#2995410,316166937,39124352
#2995410,322078551,39124352
#2995410,315806751,39124352
#2995410,316714177,39124352
2995410,3.16047e+08,39124352,8.00867e+06
#3145180,333798430,41080576
#3145180,339845604,41080576
#3145180,340012794,41080576
#3145180,340628439,41080576
#3145180,340704060,41080576
3145180,3.38998e+08,41080576,5.24235e+06
#3302439,361944694,43134592
#3302439,365417675,43134592
#3302439,370390234,43134592
#3302439,361923975,43134592
#3302439,360717044,43134592
3302439,3.64079e+08,43134592,7.04987e+06
#3467560,385833823,45291136
#3467560,386977569,45291136
#3467560,388599428,45291136
#3467560,389967128,45291136
#3467560,395416008,45291136
3467560,3.89359e+08,45291136,6.67726e+06
#3640938,411703290,47555712
#3640938,420466206,47555712
#3640938,416107527,47555712
#3640938,420578869,47555712
#3640938,416577628,47555712
3640938,4.17087e+08,47555712,6.56142e+06
#3822984,438122988,49933568
#3822984,447038042,49933568
#3822984,445762009,49933568
#3822984,444815751,49933568
#3822984,447198313,49933568
3822984,4.44587e+08,49933568,6.69585e+06
#4014133,467955991,52430080
#4014133,478775001,52430080
#4014133,472821104,52430080
#4014133,475089765,52430080
#4014133,461960648,52430080
4014133,4.71321e+08,52430080,1.16946e+07
#4214839,528247115,55051520
#4214839,533295245,55051520
#4214839,533421339,55051520
#4214839,534091410,55051520
#4214839,535263767,55051520
4214839,5.32864e+08,55051520,4.82308e+06
#4425580,566125329,57804160
#4425580,567881094,57804160
#4425580,568973863,57804160
#4425580,567829641,57804160
#4425580,568586138,57804160
4425580,5.67879e+08,57804160,1.9548e+06
#4646859,602466462,60694400
#4646859,603337058,60694400
#4646859,606214493,60694400
#4646859,602816860,60694400
#4646859,602575835,60694400
4646859,6.03482e+08,60694400,2.79748e+06
#4879201,642755243,63729024
#4879201,641817365,63729024
#4879201,653528677,63729024
#4879201,650171440,63729024
#4879201,625379244,63729024
4879201,6.4273e+08,63729024,1.94704e+07
#5123161,660528400,66915456
#5123161,691541873,66915456
#5123161,709186545,66915456
#5123161,681214508,66915456
#5123161,677212152,66915456
5123161,6.83937e+08,66915456,3.2199e+07
#5379319,708266086,70261248
#5379319,706809817,70261248
#5379319,725290849,70261248
#5379319,705848110,70261248
#5379319,701350770,70261248
5379319,7.09513e+08,70261248,1.64403e+07
#5648284,748004092,73774080
#5648284,785306901,73774080
#5648284,761166956,73774080
#5648284,777201952,73774080
#5648284,777088225,73774080
5648284,7.69754e+08,73774080,2.68023e+07
#5930698,734491864,77462912
#5930698,788220842,77462912
#5930698,741898858,77462912
#5930698,763076371,77462912
#5930698,841619597,77462912
5930698,7.73862e+08,77462912,7.73835e+07
#6227232,888824695,81335936
#6227232,889511694,81335936
#6227232,892095180,81335936
#6227232,892907747,81335936
#6227232,890969453,81335936
6227232,8.90862e+08,81335936,3.05827e+06
#6538593,961440149,85402752
#6538593,954793044,85402752
#6538593,930693571,85402752
#6538593,976325301,85402752
#6538593,900922631,85402752
6538593,9.44835e+08,85402752,5.28758e+07
#6865522,1038298133,89672832
#6865522,960181876,89672832
#6865522,1026422861,89672832
#6865522,997728287,89672832
#6865522,989827322,89672832
6865522,1.00249e+09,89672832,5.53389e+07
#7208798,1039316164,94156416
#7208798,1036468262,94156416
#7208798,1035324521,94156416
#7208798,1025663611,94156416
#7208798,1032439291,94156416
7208798,1.03384e+09,94156416,9.29151e+06
#7569237,1090759503,98864128
#7569237,1097000419,98864128
#7569237,1098510064,98864128
#7569237,1098384980,98864128
#7569237,1098712774,98864128
7569237,1.09667e+09,98864128,6.03609e+06
#7947698,1144891885,103807360
#7947698,1165882474,103807360
#7947698,1165006814,103807360
#7947698,1149503384,103807360
#7947698,1146557919,103807360
7947698,1.15437e+09,103807360,1.83352e+07
#8345082,1281225948,108997760
#8345082,1266977951,108997760
#8345082,1245845227,108997760
#8345082,1245877842,108997760
#8345082,1242643404,108997760
8345082,1.25651e+09,108997760,3.0193e+07
#8762336,1376500240,114447616
#8762336,1328488527,114447616
#8762336,1310720256,114447616
#8762336,1315548419,114447616
#8762336,1316143648,114447616
8762336,1.32948e+09,114447616,4.84624e+07
#9200452,1427509117,120169856
#9200452,1372777792,120169856
#9200452,1434742001,120169856
#9200452,1400125695,120169856
#9200452,1399428485,120169856
9200452,1.40692e+09,120169856,4.44158e+07
#9660474,1489039111,126178176
#9660474,1470023871,126178176
#9660474,1483479869,126178176
#9660474,1545620537,126178176
#9660474,1472653194,126178176
9660474,1.49216e+09,126178176,5.5235e+07
