#1,2153,536
#1,399,536
#1,287,536
#1,283,536
#1,226,536
1,669.6,536,1487.64
#2,2391,544
#2,338,544
#2,303,544
#2,306,544
#2,307,544
2,729,544,1662.19
#3,2319,552
#3,375,552
#3,317,552
#3,316,552
#3,330,552
3,731.4,552,1588.18
#4,432,568
#4,417,568
#4,375,568
#4,367,568
#4,368,568
4,391.8,568,54.5146
#5,487,576
#5,427,576
#5,436,576
#5,420,576
#5,437,576
5,441.4,576,47.2711
#6,554,584
#6,514,584
#6,459,584
#6,464,584
#6,462,584
6,490.6,584,75.3191
#7,730,600
#7,656,600
#7,637,600
#7,604,600
#7,604,600
7,646.2,600,92.8
#8,727,608
#8,1145,608
#8,861,608
#8,910,608
#8,1010,608
8,930.6,608,281.415
#9,3458,608
#9,861,608
#9,720,608
#9,684,608
#9,673,608
9,1279.2,608,2182.94
#10,3555,616
#10,808,616
#10,746,616
#10,773,616
#10,764,616
10,1329.2,616,2226.17
#11,1305,632
#11,1303,632
#11,1306,632
#11,1219,632
#11,1335,632
11,1293.6,632,78.2366
#12,996,640
#12,1005,640
#12,971,640
#12,903,640
#12,928,640
12,960.6,640,78.5529
#13,1727,648
#13,1858,648
#13,1657,648
#13,1707,648
#13,1536,648
13,1697,648,208.695
#14,1564,664
#14,1868,664
#14,1798,664
#14,1074,664
#14,1078,664
14,1476.4,664,684.163
#15,1236,672
#15,1212,672
#15,1126,672
#15,1084,672
#15,1087,672
15,1149,672,126.92
#16,1138,680
#16,1081,680
#16,1004,680
#16,935,680
#16,948,680
16,1021.2,680,155.699
#17,5271,680
#17,19286,680
#17,1417,680
#17,1347,680
#17,1324,680
17,5729,680,13891
#18,1711,696
#18,1711,696
#18,1608,696
#18,1441,696
#18,1417,696
18,1577.6,696,254.507
#19,1555,704
#19,1473,704
#19,1397,704
#19,1307,704
#19,1304,704
19,1407.2,704,193.843
#20,1611,712
#20,1597,712
#20,1561,712
#20,1456,712
#20,1458,712
20,1536.6,712,134.024
#21,2455,728
#21,2341,728
#21,2132,728
#21,2198,728
#21,2183,728
21,2261.8,728,237.869
#22,2118,736
#22,1593,736
#22,1399,736
#22,6382,736
#22,1889,736
22,2676.2,736,3738.32
#23,2020,744
#23,2031,744
#23,1891,744
#23,1836,744
#23,1712,744
23,1898,744,238.432
#24,1962,760
#24,1995,760
#24,1816,760
#24,1789,760
#24,1704,760
24,1853.2,760,218.56
#25,1679,760
#25,1634,760
#25,1487,760
#25,1509,760
#25,1484,760
25,1558.6,760,163.299
#26,1927,768
#26,1890,768
#26,1875,768
#26,1887,768
#26,1822,768
26,1880.2,768,67.8044
#27,1649,776
#27,1649,776
#27,1614,776
#27,1608,776
#27,1617,776
27,1627.4,776,35.7458
#28,1834,792
#28,1859,792
#28,1869,792
#28,1807,792
#28,1816,792
28,1837,792,47.8163
#29,3408,800
#29,3287,800
#29,3275,800
#29,3028,800
#29,3219,800
29,3243.4,800,248.17
#30,2155,808
#30,2244,808
#30,2139,808
#30,2153,808
#30,2070,808
30,2152.2,808,110.876
#31,2309,824
#31,2275,824
#31,2149,824
#31,2046,824
#31,2078,824
31,2171.4,824,209.031
#32,2368,832
#32,2379,832
#32,2278,832
#32,2257,832
#32,2210,832
32,2298.4,832,130.492
#33,2681,832
#33,2514,832
#33,2444,832
#33,2409,832
#33,2397,832
33,2489,832,208.572
#34,3916,840
#34,3436,840
#34,3348,840
#34,3313,840
#34,3335,840
34,3469.6,840,454.162
#35,3669,856
#35,3417,856
#35,3359,856
#35,2536,856
#35,2324,856
35,3061,856,1059.81
#36,2785,864
#36,2602,864
#36,2497,864
#36,2458,864
#36,2418,864
36,2552,864,263.22
#37,3299,872
#37,3312,872
#37,3117,872
#37,3093,872
#37,3023,872
37,3168.8,872,231.767
#38,3429,888
#38,3511,888
#38,4191,888
#38,4797,888
#38,3475,888
38,3880.6,888,1073.76
#39,3838,896
#39,3679,896
#39,3627,896
#39,3497,896
#39,3567,896
39,3641.6,896,230.927
#40,3527,904
#40,3429,904
#40,3131,904
#40,3173,904
#40,3112,904
40,3274.4,904,340.502
#42,4229,920
#42,4026,920
#42,3846,920
#42,3934,920
#42,3821,920
42,3971.2,920,295.409
#44,3612,936
#44,3633,936
#44,3472,936
#44,4257,936
#44,3675,936
44,3729.8,936,544.537
#46,3545,960
#46,3586,960
#46,3401,960
#46,3305,960
#46,3284,960
46,3424.2,960,245.234
#48,3839,984
#48,3535,984
#48,3409,984
#48,3261,984
#48,3276,984
48,3464,984,424.494
#50,4319,992
#50,3928,992
#50,3931,992
#50,3896,992
#50,3806,992
50,3976,992,354.715
#52,5040,1016
#52,4687,1016
#52,5223,1016
#52,6521,1016
#52,6386,1016
52,5571.4,1016,1483.58
#54,4180,1032
#54,4140,1032
#54,3937,1032
#54,3952,1032
#54,3910,1032
54,4023.8,1032,225.461
#56,5327,1056
#56,4903,1056
#56,4701,1056
#56,4647,1056
#56,4624,1056
56,4840.4,1056,524.872
#58,4446,1064
#58,4368,1064
#58,4263,1064
#58,4187,1064
#58,4220,1064
58,4296.8,1064,192.721
#60,5017,1088
#60,5033,1088
#60,4924,1088
#60,4826,1088
#60,4811,1088
60,4922.2,1088,185.228
#63,5591,1120
#63,5509,1120
#63,5502,1120
#63,5461,1120
#63,5481,1120
63,5508.8,1120,88.818
#66,5442,1144
#66,5315,1144
#66,5234,1144
#66,5243,1144
#66,5222,1144
66,5291.2,1144,164.173
#69,5369,1176
#69,5996,1176
#69,6561,1176
#69,5307,1176
#69,5284,1176
69,5703.4,1176,1006.36
#72,5265,1208
#72,5194,1208
#72,4911,1208
#72,4931,1208
#72,4873,1208
72,5034.8,1208,323.254
#75,5921,1224
#75,5628,1224
#75,5509,1224
#75,5443,1224
#75,6768,1224
75,5853.8,1224,971.146
#78,6129,1256
#78,6039,1256
#78,5797,1256
#78,7116,1256
#78,5934,1256
78,6203,1256,939.42
#81,5680,1280
#81,5557,1280
#81,5313,1280
#81,5420,1280
#81,5357,1280
81,5465.4,1280,270.527
#85,8792,1320
#85,8248,1320
#85,8287,1320
#85,8215,1320
#85,8190,1320
85,8346.4,1320,450.331
#89,7046,1352
#89,6875,1352
#89,6735,1352
#89,6737,1352
#89,7068,1352
89,6892.2,1352,287.965
#93,8094,1400
#93,7995,1400
#93,7982,1400
#93,7867,1400
#93,7837,1400
93,7955,1400,186.157
#97,7252,1432
#97,7123,1432
#97,6853,1432
#97,6934,1432
#97,6905,1432
97,7013.4,1432,300.3
#101,7694,1472
#101,7596,1472
#101,7470,1472
#101,7356,1472
#101,7277,1472
101,7478.6,1472,304.535
#106,8123,1512
#106,9526,1512
#106,9615,1512
#106,7679,1512
#106,7589,1512
106,8506.4,1512,1775.79
#111,9131,1568
#111,10494,1568
#111,10775,1568
#111,8893,1568
#111,7772,1568
111,9413,1568,2202.98
#116,8511,1608
#116,8602,1608
#116,8479,1608
#116,8339,1608
#116,8354,1608
116,8457,1608,197.905
#121,11981,1656
#121,11966,1656
#121,10660,1656
#121,8618,1656
#121,8496,1656
121,10344.2,1656,3073.07
#127,11679,1720
#127,11599,1720
#127,11618,1720
#127,11522,1720
#127,11585,1720
127,11600.6,1720,101.482
#133,9255,1768
#133,9143,1768
#133,8888,1768
#133,8807,1768
#133,8741,1768
133,8966.8,1768,396.824
#139,14173,1824
#139,13826,1824
#139,13621,1824
#139,13788,1824
#139,14506,1824
139,13982.8,1824,634.569
#145,11225,1880
#145,11423,1880
#145,11341,1880
#145,11322,1880
#145,11205,1880
145,11303.2,1880,159.732
#152,12167,1952
#152,11976,1952
#152,11928,1952
#152,11947,1952
#152,11948,1952
152,11993.2,1952,176.478
#159,11880,2016
#159,11959,2016
#159,13955,2016
#159,11892,2016
#159,11813,2016
159,12299.8,2016,1657.79
#166,17130,2080
#166,13627,2080
#166,11990,2080
#166,12658,2080
#166,14698,2080
166,14020.6,2080,3606.9
#174,11846,2152
#174,11847,2152
#174,11718,2152
#174,11759,2152
#174,11603,2152
174,11754.6,2152,181.622
#182,12070,2232
#182,12107,2232
#182,11959,2232
#182,11981,2232
#182,11860,2232
182,11995.4,2232,174.092
#191,18338,2312
#191,14736,2312
#191,14553,2312
#191,14641,2312
#191,14625,2312
191,15378.6,2312,2961.7
#200,15195,2400
#200,15125,2400
#200,15146,2400
#200,15030,2400
#200,15079,2400
200,15115,2400,113.073
#210,13717,2488
#210,13967,2488
#210,13791,2488
#210,13794,2488
#210,13731,2488
210,13800,2488,178.115
#220,22117,2584
#220,23384,2584
#220,22980,2584
#220,15980,2584
#220,15733,2584
220,20038.8,2584,6880.33
#231,21801,2688
#231,21922,2688
#231,22069,2688
#231,27589,2688
#231,32980,2688
231,25272.2,2688,8868.43
#242,24681,2784
#242,34390,2784
#242,25404,2784
#242,25321,2784
#242,24376,2784
242,26834.4,2784,7594.97
#254,17432,2904
#254,17582,2904
#254,17495,2904
#254,17906,2904
#254,24367,2904
254,18956.4,2904,5420.43
#266,18511,3008
#266,17456,3008
#266,17345,3008
#266,17268,3008
#266,17239,3008
266,17563.8,3008,959.031
#279,27312,3136
#279,27306,3136
#279,19431,3136
#279,20844,3136
#279,19066,3136
279,22791.8,3136,7471.58
#292,29907,3256
#292,30230,3256
#292,29833,3256
#292,29852,3256
#292,29744,3256
292,29913.2,3256,333.715
#306,23302,3384
#306,26526,3384
#306,22920,3384
#306,31544,3384
#306,33068,3384
306,27472,3384,8337.91
#321,21873,3520
#321,24035,3520
#321,25680,3520
#321,29670,3520
#321,30960,3520
321,26443.6,3520,6816.59
#337,24366,3672
#337,24118,3672
#337,24002,3672
#337,23995,3672
#337,24048,3672
337,24105.8,3672,274.583
#353,25307,3816
#353,23576,3816
#353,25733,3816
#353,28500,3816
#353,21635,3816
353,24950.2,3816,4579.97
#370,22034,3976
#370,22121,3976
#370,22036,3976
#370,22162,3976
#370,21935,3976
370,22057.6,3976,157.412
#388,27487,4152
#388,38753,4152
#388,39931,4152
#388,28247,4152
#388,27443,4152
388,32372.2,4152,11420.3
#407,26392,4328
#407,26184,4328
#407,26067,4328
#407,26081,4328
#407,25996,4328
407,26144,4328,275.545
#427,28961,4512
#427,31266,4512
#427,32606,4512
#427,29298,4512
#427,29072,4512
427,30240.6,4512,2903.52
#448,32142,4712
#448,42536,4712
#448,34248,4712
#448,29602,4712
#448,29532,4712
448,33612,4712,9588.73
#470,36701,4920
#470,37790,4920
#470,34327,4920
#470,26725,4920
#470,26486,4920
470,32405.8,4920,9734.26
#493,42474,5128
#493,32050,5128
#493,31553,5128
#493,31791,5128
#493,32629,5128
493,34099.4,5128,8405.18
#517,32899,5352
#517,32819,5352
#517,32646,5352
#517,34515,5352
#517,36137,5352
517,33803.2,5352,2694.98
#542,35708,5592
#542,35732,5592
#542,46760,5592
#542,50921,5592
#542,39561,5592
542,41736.4,5592,12222
#569,47685,5832
#569,39439,5832
#569,37214,5832
#569,47405,5832
#569,40129,5832
569,42374.4,5832,8662.45
#597,41118,6104
#597,54187,6104
#597,54589,6104
#597,49162,6104
#597,43982,6104
597,48607.6,6104,10759.3
#626,42003,6368
#626,44734,6368
#626,61262,6368
#626,43018,6368
#626,51955,6368
626,48594.4,6368,14455.6
#657,48116,6656
#657,40321,6656
#657,40258,6656
#657,40150,6656
#657,39965,6656
657,41762,6656,6358.59
#689,41053,6952
#689,41344,6952
#689,41157,6952
#689,57546,6952
#689,40138,6952
689,44247.6,6952,13324.4
#723,61114,7272
#723,49706,7272
#723,42257,7272
#723,42024,7272
#723,42061,7272
723,47432.4,7272,14892.8
#759,45504,7616
#759,64895,7616
#759,53390,7616
#759,45332,7616
#759,45091,7616
759,50842.4,7616,15385.9
#796,55865,7960
#796,48892,7960
#796,62778,7960
#796,53960,7960
#796,46321,7960
796,53563.2,7960,11476.5
#835,64788,8320
#835,52951,8320
#835,51883,8320
#835,51676,8320
#835,67971,8320
835,57853.8,8320,14093.8
#876,49036,8704
#876,49117,8704
#876,49047,8704
#876,49047,8704
#876,49061,8704
876,49061.6,8704,57.6278
#919,51888,9112
#919,52794,9112
#919,60480,9112
#919,45476,9112
#919,61434,9112
919,54414.4,9112,11831.1
#964,57182,9528
#964,57918,9528
#964,57205,9528
#964,57174,9528
#964,61432,9528
964,58182.2,9528,3298.82
#1012,74090,9976
#1012,57458,9976
#1012,51922,9976
#1012,56520,9976
#1012,51798,9976
1012,58357.6,9976,16398.5
#1062,55473,10440
#1062,55305,10440
#1062,55237,10440
#1062,55602,10440
#1062,55317,10440
1062,55386.8,10440,264.945
#1115,56959,10936
#1115,57214,10936
#1115,56808,10936
#1115,56869,10936
#1115,56703,10936
1115,56910.6,10936,346.12
#1170,62176,11448
#1170,62401,11448
#1170,62316,11448
#1170,62090,11448
#1170,64069,11448
1170,62610.4,11448,1474.46
#1228,59549,11992
#1228,59787,11992
#1228,59713,11992
#1228,59641,11992
#1228,63763,11992
1228,60490.6,11992,3276.19
#1289,63141,12552
#1289,63213,12552
#1289,63417,12552
#1289,63319,12552
#1289,80446,12552
1289,66707.2,12552,13740.1
#1353,75048,13152
#1353,75144,13152
#1353,74990,13152
#1353,75128,13152
#1353,79311,13152
1353,75924.2,13152,3388.63
#1420,73207,13784
#1420,73303,13784
#1420,73133,13784
#1420,73026,13784
#1420,80069,13784
1420,74547.6,13784,5524.38
#1491,71574,14440
#1491,71886,14440
#1491,71743,14440
#1491,71611,14440
#1491,76562,14440
1491,72675.2,14440,3892.99
#1565,95266,15136
#1565,109580,15136
#1565,86697,15136
#1565,80801,15136
#1565,88954,15136
1565,92259.6,15136,19640.8
#1643,85865,15864
#1643,86062,15864
#1643,85729,15864
#1643,85922,15864
#1643,85853,15864
1643,85886.2,15864,216.242
#1725,87923,16632
#1725,134388,16632
#1725,99550,16632
#1725,88422,16632
#1725,124755,16632
1725,107008,16632,38261.4
#1811,95525,17432
#1811,141330,17432
#1811,104230,17432
#1811,100322,17432
#1811,127437,17432
1811,113769,17432,35225.9
#1901,95202,18272
#1901,140327,18272
#1901,101638,18272
#1901,141146,18272
#1901,141298,18272
1901,123922,18272,41848.6
#1996,103383,19160
#1996,103663,19160
#1996,103503,19160
#1996,103442,19160
#1996,109636,19160
1996,104725,19160,4914.15
#2095,117004,20088
#2095,117374,20088
#2095,117261,20088
#2095,128063,20088
#2095,134817,20088
2095,122904,20088,14581.3
#2199,115670,21056
#2199,116725,21056
#2199,115775,21056
#2199,115709,21056
#2199,128651,21056
2199,118506,21056,10175.2
#2308,119605,22072
#2308,120293,22072
#2308,120125,22072
#2308,125951,22072
#2308,126203,22072
2308,122435,22072,5966.12
#2423,126084,23144
#2423,126095,23144
#2423,138344,23144
#2423,148210,23144
#2423,130588,23144
2423,133864,23144,16911.4
#2544,126857,24280
#2544,127301,24280
#2544,127522,24280
#2544,132033,24280
#2544,126851,24280
2544,128113,24280,3954.26
#2671,138733,25464
#2671,139535,25464
#2671,139558,25464
#2671,139022,25464
#2671,141381,25464
2671,139646,25464,1844.61
#2804,154180,26696
#2804,154461,26696
#2804,154761,26696
#2804,178138,26696
#2804,167637,26696
2804,161835,26696,19234.7
#2944,149499,28008
#2944,150935,28008
#2944,150298,28008
#2944,151365,28008
#2944,153355,28008
2944,151090,28008,2590.51
#3091,160542,29376
#3091,172245,29376
#3091,174835,29376
#3091,172709,29376
#3091,161755,29376
3091,168417,29376,12022.1
#3245,178075,30816
#3245,184416,30816
#3245,197790,30816
#3245,192903,30816
#3245,189242,30816
3245,188485,30816,13611.7
#3407,193402,32328
#3407,186692,32328
#3407,186706,32328
#3407,191160,32328
#3407,219951,32328
3407,195582,32328,24915.4
#3577,221485,33912
#3577,222538,33912
#3577,259728,33912
#3577,272776,33912
#3577,253456,33912
3577,245997,33912,41109.2
#3755,226544,35576
#3755,227858,35576
#3755,231798,35576
#3755,226368,35576
#3755,282914,35576
3755,239096,35576,43992
#3942,208618,37320
#3942,218097,37320
#3942,241854,37320
#3942,303170,37320
#3942,216440,37320
3942,237636,37320,69198.8
#4139,213485,39160
#4139,213725,39160
#4139,213173,39160
#4139,218250,39160
#4139,277543,39160
4139,227235,39160,50445.6
#4345,268478,41080
#4345,248012,41080
#4345,249305,41080
#4345,261166,41080
#4345,344479,41080
4345,274288,41080,71818.1
#4562,234236,43104
#4562,253014,43104
#4562,250875,43104
#4562,253914,43104
#4562,316899,43104
4562,261788,43104,56952
#4790,253478,45240
#4790,253977,45240
#4790,257913,45240
#4790,262724,45240
#4790,355368,45240
4790,276692,45240,78955.8
#5029,253841,47464
#5029,285974,47464
#5029,259863,47464
#5029,266626,47464
#5029,333797,47464
5029,280020,47464,57954.9
#5280,277845,49816
#5280,303886,49816
#5280,303788,49816
#5280,361572,49816
#5280,293586,49816
5280,308135,49816,56721.2
#5544,295676,52280
#5544,324451,52280
#5544,335053,52280
#5544,395649,52280
#5544,348427,52280
5544,339851,52280,65718
#5821,315574,54856
#5821,343413,54856
#5821,336382,54856
#5821,395864,54856
#5821,390084,54856
5821,356263,54856,62789
#6112,322400,57576
#6112,348383,57576
#6112,348577,57576
#6112,325623,57576
#6112,331114,57576
6112,335219,57576,22360.5
#6417,386420,60416
#6417,410072,60416
#6417,397554,60416
#6417,411268,60416
#6417,434482,60416
6417,407959,60416,32138.2
#6737,381104,63400
#6737,368193,63400
#6737,373516,63400
#6737,368078,63400
#6737,408279,63400
6737,379834,63400,29991.5
#7073,386591,66536
#7073,428583,66536
#7073,434769,66536
#7073,487279,66536
#7073,513002,66536
7073,450045,66536,89756.7
#7426,418211,69832
#7426,412584,69832
#7426,439086,69832
#7426,447380,69832
#7426,415361,69832
7426,426524,69832,28011.7
#7797,449515,73304
#7797,450930,73304
#7797,497210,73304
#7797,501511,73304
#7797,466946,73304
7797,473222,73304,44488.5
#8186,458585,76928
#8186,484220,76928
#8186,531441,76928
#8186,521042,76928
#8186,537952,76928
8186,506648,76928,60761.1
#8595,488428,80744
#8595,476456,80744
#8595,535109,80744
#8595,518681,80744
#8595,520071,80744
8595,507749,80744,43565.7
#9024,500344,84760
#9024,511714,84760
#9024,515185,84760
#9024,594781,84760
#9024,587192,84760
9024,541843,84760,80991.5
#9475,527286,88960
#9475,528511,88960
#9475,620498,88960
#9475,616997,88960
#9475,592655,88960
9475,577189,88960,82749.7
#9948,580000,93376
#9948,576340,93376
#9948,590200,93376
#9948,660881,93376
#9948,811997,93376
9948,643884,93376,179056
#10445,587347,98016
#10445,720896,98016
#10445,750865,98016
#10445,824251,98016
#10445,860188,98016
10445,748709,98016,189631
#10967,594544,102888
#10967,687659,102888
#10967,631640,102888
#10967,668327,102888
#10967,654148,102888
10967,647264,102888,64164.2
#11515,662792,108000
#11515,652943,108000
#11515,707974,108000
#11515,704925,108000
#11515,694366,108000
11515,684600,108000,45011.8
#12090,661573,113368
#12090,689940,113368
#12090,723715,113368
#12090,748802,113368
#12090,728829,113368
12090,710572,113368,61930.1
#12694,680190,119008
#12694,729087,119008
#12694,739195,119008
#12694,752196,119008
#12694,766264,119008
12694,733386,119008,58766.1
#13328,726489,124928
#13328,795667,124928
#13328,830826,124928
#13328,806147,124928
#13328,800052,124928
13328,791836,124928,69727.7
#13994,777434,131136
#13994,866643,131136
#13994,865832,131136
#13994,875647,131136
#13994,871190,131136
13994,851349,131136,74249
#14693,866906,137664
#14693,914643,137664
#14693,952470,137664
#14693,979749,137664
#14693,907979,137664
14693,924349,137664,77572.3
#15427,932761,144512
#15427,1224981,144512
#15427,1129415,144512
#15427,1029712,144512
#15427,1021109,144512
15427,1.0676e+06,144512,200735
#16198,931845,151712
#16198,1194663,151712
#16198,1106203,151712
#16198,1230994,151712
#16198,1245510,151712
16198,1.14184e+06,151712,231264
#17007,1048505,159264
#17007,1085117,159264
#17007,1118739,159264
#17007,1116945,159264
#17007,1154194,159264
17007,1.1047e+06,159264,71207.1
#17857,1021455,167192
#17857,1103236,167192
#17857,1257081,167192
#17857,1423448,167192
#17857,1376842,167192
17857,1.23641e+06,167192,308639
#18749,1065849,175520
#18749,1313181,175520
#18749,1338046,175520
#18749,1397654,175520
#18749,1344042,175520
18749,1.29175e+06,175520,232524
#19686,1128994,184264
#19686,1167137,184264
#19686,1335311,184264
#19686,1464372,184264
#19686,1518100,184264
19686,1.32278e+06,184264,310010
#20670,1167859,193448
#20670,1415857,193448
#20670,1361866,193448
#20670,1318820,193448
#20670,1340103,193448
20670,1.3209e+06,193448,166108
#21703,1237576,203096
#21703,1548686,203096
#21703,1568063,203096
#21703,1571268,203096
#21703,1609453,203096
21703,1.50701e+06,203096,272298
#22788,1357987,213216
#22788,1620899,213216
#22788,1656219,213216
#22788,1622973,213216
#22788,1590278,213216
22788,1.56967e+06,213216,215760
#23927,1416865,223848
#23927,1572836,223848
#23927,1648926,223848
#23927,1582331,223848
#23927,1628706,223848
23927,1.56993e+06,223848,163184
#25123,1429410,235008
#25123,1629571,235008
#25123,1632016,235008
#25123,1663883,235008
#25123,1627088,235008
25123,1.59639e+06,235008,169116
#26379,1546786,246728
#26379,1692470,246728
#26379,1681296,246728
#26379,1660042,246728
#26379,1699648,246728
26379,1.65605e+06,246728,112496
#27697,1596376,259032
#27697,1708209,259032
#27697,1692993,259032
#27697,1745389,259032
#27697,1710815,259032
27697,1.69076e+06,259032,100416
#29081,1689919,271944
#29081,1764789,271944
#29081,1787190,271944
#29081,1823548,271944
#29081,1880945,271944
29081,1.78928e+06,271944,126660
#30535,1860059,285528
#30535,1931465,285528
#30535,1943398,285528
#30535,1977861,285528
#30535,2054239,285528
30535,1.9534e+06,285528,126683
#32061,1950535,299768
#32061,2033789,299768
#32061,2052696,299768
#32061,2101200,299768
#32061,2084537,299768
32061,2.04455e+06,299768,105182
#33664,2043320,314728
#33664,2057650,314728
#33664,2052812,314728
#33664,2094533,314728
#33664,2136215,314728
33664,2.07691e+06,314728,68746.5
#35347,2051426,330432
#35347,2137114,330432
#35347,2199232,330432
#35347,2221832,330432
#35347,2192527,330432
35347,2.16043e+06,330432,122414
#37114,2235629,346920
#37114,2358608,346920
#37114,2373637,346920
#37114,2403590,346920
#37114,2419309,346920
37114,2.35815e+06,346920,129790
#38969,2334150,364232
#38969,2434227,364232
#38969,2377027,364232
#38969,2529266,364232
#38969,2470178,364232
38969,2.42897e+06,364232,137037
#40917,2452628,382424
#40917,2536231,382424
#40917,2558523,382424
#40917,2687680,382424
#40917,2613589,382424
40917,2.56973e+06,382424,156962
#42962,2644618,401504
#42962,2639468,401504
#42962,2690991,401504
#42962,2764186,401504
#42962,2727307,401504
42962,2.69331e+06,401504,95726.5
#45110,2719045,421560
#45110,2803057,421560
#45110,2807814,421560
#45110,2865897,421560
#45110,2896977,421560
45110,2.81856e+06,421560,122144
#47365,2902649,442600
#47365,2982075,442600
#47365,2992061,442600
#47365,2984491,442600
#47365,3107226,442600
47365,2.9937e+06,442600,130847
#49733,3088847,464704
#49733,3168726,464704
#49733,3175025,464704
#49733,3316697,464704
#49733,3227534,464704
49733,3.19537e+06,464704,150268
#52219,3108288,487904
#52219,3194730,487904
#52219,3453478,487904
#52219,3279601,487904
#52219,3257614,487904
52219,3.25874e+06,487904,228197
#54829,3368555,512264
#54829,3365977,512264
#54829,3442533,512264
#54829,3436448,512264
#54829,3472638,512264
54829,3.41723e+06,512264,85209.1
#57570,3428151,537848
#57570,3424323,537848
#57570,3471231,537848
#57570,3644886,537848
#57570,3567890,537848
57570,3.5073e+06,537848,172167
#60448,3674537,564712
#60448,3771916,564712
#60448,5307841,564712
#60448,4481250,564712
#60448,4046129,564712
60448,4.25633e+06,564712,1.19116e+06
#63470,3869373,592920
#63470,4106729,592920
#63470,4420869,592920
#63470,4276750,592920
#63470,4317734,592920
63470,4.19829e+06,592920,386299
#66643,4054431,622528
#66643,4059811,622528
#66643,4118676,622528
#66643,4169172,622528
#66643,4266977,622528
66643,4.13381e+06,622528,157454
#69975,4388238,653632
#69975,4679770,653632
#69975,4621626,653632
#69975,4588592,653632
#69975,4637162,653632
69975,4.58308e+06,653632,203477
#73473,4439081,686272
#73473,4565037,686272
#73473,4681935,686272
#73473,4623942,686272
#73473,4642436,686272
73473,4.59049e+06,686272,169120
#77146,4753963,720552
#77146,4886149,720552
#77146,5277008,720552
#77146,5180903,720552
#77146,5233651,720552
77146,5.06633e+06,720552,415256
#81003,5088441,756552
#81003,5441138,756552
#81003,5511618,756552
#81003,5492625,756552
#81003,5569895,756552
81003,5.42074e+06,756552,342359
#85053,5258596,794360
#85053,5585809,794360
#85053,5662194,794360
#85053,5695101,794360
#85053,5723648,794360
85053,5.58507e+06,794360,339228
#89305,5534839,834040
#89305,5659749,834040
#89305,5894539,834040
#89305,5810611,834040
#89305,5770475,834040
89305,5.73404e+06,834040,250041
#93770,5847078,875712
#93770,5752009,875712
#93770,6133331,875712
#93770,6051162,875712
#93770,6027172,875712
93770,5.96215e+06,875712,281218
#98458,6058168,919464
#98458,6290465,919464
#98458,6353297,919464
#98458,6307830,919464
#98458,6276140,919464
98458,6.25718e+06,919464,205674
#103380,6520787,965408
#103380,6543717,965408
#103380,6608184,965408
#103380,6650273,965408
#103380,6569948,965408
103380,6.57858e+06,965408,92287.6
#108549,6699989,1013656
#108549,7058843,1013656
#108549,7033003,1013656
#108549,7023005,1013656
#108549,6987343,1013656
108549,6.96044e+06,1013656,264456
#113976,7107436,1064312
#113976,7401147,1064312
#113976,7370257,1064312
#113976,7371629,1064312
#113976,7346376,1064312
113976,7.31937e+06,1064312,214762
#119674,7571603,1117480
#119674,7812695,1117480
#119674,7893988,1117480
#119674,7866510,1117480
#119674,7823073,1117480
119674,7.79357e+06,1117480,229625
#125657,7895038,1173320
#125657,8115169,1173320
#125657,8159124,1173320
#125657,8223719,1173320
#125657,8147653,1173320
125657,8.10814e+06,1173320,224466
#131939,8418182,1231960
#131939,8642437,1231960
#131939,8852394,1231960
#131939,8620751,1231960
#131939,8644095,1231960
131939,8.63557e+06,1231960,275114
#138535,8828086,1293528
#138535,9048328,1293528
#138535,9332863,1293528
#138535,9023972,1293528
#138535,9029574,1293528
138535,9.05256e+06,1293528,322889
#145461,9220581,1358168
#145461,9503043,1358168
#145461,10751550,1358168
#145461,10709688,1358168
#145461,9856072,1358168
145461,1.00082e+07,1358168,1.24686e+06
#152734,9728479,1426048
#152734,10026955,1426048
#152734,9852347,1426048
#152734,9890301,1426048
#152734,9828413,1426048
152734,9.8653e+06,1426048,193919
#160370,10063745,1497312
#160370,10517233,1497312
#160370,10564806,1497312
#160370,10696108,1497312
#160370,10449572,1497312
160370,1.04583e+07,1497312,426257
#168388,13011965,1572152
#168388,11212696,1572152
#168388,11285784,1572152
#168388,11092163,1572152
#168388,11120930,1572152
168388,1.15447e+07,1572152,1.47364e+06
#176807,11234945,1650728
#176807,11748536,1650728
#176807,11453943,1650728
#176807,11421637,1650728
#176807,11612937,1650728
176807,1.14944e+07,1650728,349725
#185647,11799312,1733240
#185647,12143612,1733240
#185647,12029765,1733240
#185647,12054265,1733240
#185647,12118836,1733240
185647,1.20292e+07,1733240,244298
#194929,12273753,1819864
#194929,12635304,1819864
#194929,12641349,1819864
#194929,12586585,1819864
#194929,13324277,1819864
194929,1.26923e+07,1819864,687952
#204675,13016748,1910824
#204675,13333265,1910824
#204675,13236602,1910824
#204675,13200300,1910824
#204675,13293150,1910824
204675,1.3216e+07,1910824,219227
#214908,13637718,2006336
#214908,13926709,2006336
#214908,14161705,2006336
#214908,14017824,2006336
#214908,14094327,2006336
214908,1.39677e+07,2006336,365243
#225653,14568568,2106624
#225653,14882392,2106624
#225653,14839835,2106624
#225653,14988290,2106624
#225653,14861751,2106624
225653,1.48282e+07,2106624,278906
#236935,15350753,2211928
#236935,15730301,2211928
#236935,15630830,2211928
#236935,15656072,2211928
#236935,15652203,2211928
236935,1.5604e+07,2211928,262055
#248781,15949027,2322488
#248781,16174022,2322488
#248781,16223092,2322488
#248781,29446837,2322488
#248781,41966979,2322488
248781,2.3952e+07,2322488,2.07656e+07
#261220,16991338,2438584
#261220,17111719,2438584
#261220,17175869,2438584
#261220,17080197,2438584
#261220,17026187,2438584
261220,1.70771e+07,2438584,129339
#274281,17428080,2560480
#274281,17957599,2560480
#274281,17942362,2560480
#274281,17983628,2560480
#274281,17957338,2560480
274281,1.78538e+07,2560480,426549
#287995,18223522,2688480
#287995,20274648,2688480
#287995,19133567,2688480
#287995,18973153,2688480
#287995,18755019,2688480
287995,1.9072e+07,2688480,1.35065e+06
#302394,19339406,2822872
#302394,19710859,2822872
#302394,19712450,2822872
#302394,19734465,2822872
#302394,23317951,2822872
302394,2.0363e+07,2822872,2.96958e+06
#317513,20724957,2963976
#317513,20724954,2963976
#317513,20808023,2963976
#317513,20966036,2963976
#317513,21030450,2963976
317513,2.08509e+07,2963976,251487
#333388,21442705,3112152
#333388,21924449,3112152
#333388,21776614,3112152
#333388,23417262,3112152
#333388,21721250,3112152
333388,2.20565e+07,3112152,1.39616e+06
#350057,22488292,3267720
#350057,22757944,3267720
#350057,22881679,3267720
#350057,22897679,3267720
#350057,22848313,3267720
350057,2.27748e+07,3267720,302387
#367559,23853240,3431080
#367559,24644247,3431080
#367559,24350477,3431080
#367559,24360098,3431080
#367559,24300542,3431080
367559,2.43017e+07,3431080,509310
#385936,25204347,3602600
#385936,25690459,3602600
#385936,25452516,3602600
#385936,25476589,3602600
#385936,25525744,3602600
385936,2.54699e+07,3602600,313216
#405232,26540891,3782696
#405232,27118545,3782696
#405232,27472846,3782696
#405232,27662424,3782696
#405232,28131214,3782696
405232,2.73852e+07,3782696,1.06772e+06
#425493,35547065,3971800
#425493,30093446,3971800
#425493,29071704,3971800
#425493,28905328,3971800
#425493,28910677,3971800
425493,3.05056e+07,3971800,5.11836e+06
#446767,28939311,4170360
#446767,29974366,4170360
#446767,29524863,4170360
#446767,29616991,4170360
#446767,29453769,4170360
446767,2.95019e+07,4170360,666826
#469105,32044653,4378840
#469105,31838882,4378840
#469105,31433702,4378840
#469105,31397013,4378840
#469105,31322610,4378840
469105,3.16074e+07,4378840,565907
#492560,31853132,4597760
#492560,33043147,4597760
#492560,32908719,4597760
#492560,32743515,4597760
#492560,33461354,4597760
492560,3.2802e+07,4597760,1.06134e+06
#517188,34487610,4827616
#517188,34696430,4827616
#517188,34519481,4827616
#517188,34739620,4827616
#517188,34549419,4827616
517188,3.45985e+07,4827616,200907
#543047,35871415,5068968
#543047,37123320,5068968
#543047,36813468,5068968
#543047,37232459,5068968
#543047,36800162,5068968
543047,3.67682e+07,5068968,958724
#570199,36956420,5322392
#570199,38702652,5322392
#570199,38284551,5322392
#570199,39290630,5322392
#570199,39211904,5322392
570199,3.84892e+07,5322392,1.6974e+06
#598708,38860218,5588472
#598708,42594217,5588472
#598708,44335483,5588472
#598708,40654632,5588472
#598708,40392089,5588472
598708,4.13673e+07,5588472,3.80103e+06
#628643,41235610,5867864
#628643,42625748,5867864
#628643,42471249,5867864
#628643,42373221,5867864
#628643,42789900,5867864
628643,4.22991e+07,5867864,1.10044e+06
#660075,43341876,6161224
#660075,45435724,6161224
#660075,44945580,6161224
#660075,45294515,6161224
#660075,46850399,6161224
660075,4.51736e+07,6161224,2.24538e+06
#693078,46485790,6469256
#693078,48791953,6469256
#693078,51011315,6469256
#693078,51384963,6469256
#693078,48543540,6469256
693078,4.92435e+07,6469256,3.57881e+06
#727731,52354477,6792680
#727731,52156425,6792680
#727731,52438296,6792680
#727731,52067814,6792680
#727731,51196824,6792680
727731,5.20428e+07,6792680,886689
#764117,53719288,7132288
#764117,57524355,7132288
#764117,55713953,7132288
#764117,55050092,7132288
#764117,55233444,7132288
764117,5.54482e+07,7132288,2.46167e+06
#802322,57590850,7488864
#802322,59001724,7488864
#802322,59169682,7488864
#802322,60569517,7488864
#802322,60207539,7488864
802322,5.93079e+07,7488864,2.09038e+06
#842438,62843724,7863288
#842438,63319227,7863288
#842438,64560728,7863288
#842438,63479361,7863288
#842438,63600846,7863288
842438,6.35608e+07,7863288,1.12451e+06
#884559,65483805,8256416
#884559,69501828,8256416
#884559,74049747,8256416
#884559,82225653,8256416
#884559,69602586,8256416
884559,7.21727e+07,8256416,1.14216e+07
#928786,74878240,8669192
#928786,90959339,8669192
#928786,92116583,8669192
#928786,88036329,8669192
#928786,74495397,8669192
928786,8.40972e+07,8669192,1.55974e+07
#975225,79305768,9102624
#975225,80084723,9102624
#975225,89910696,9102624
#975225,93051380,9102624
#975225,93916251,9102624
975225,8.72538e+07,9102624,1.26373e+07
#1023986,84933256,9557728
#1023986,99495319,9557728
#1023986,103770233,9557728
#1023986,114109619,9557728
#1023986,106183899,9557728
1023986,1.01698e+08,9557728,1.92743e+07
#1075185,102746986,10035584
#1075185,110932865,10035584
#1075185,112213278,10035584
#1075185,110685781,10035584
#1075185,113310266,10035584
1075185,1.09978e+08,10035584,7.47266e+06
#1128944,112781130,10537344
#1128944,125025784,10537344
#1128944,125562924,10537344
#1128944,130011994,10537344
#1128944,129947708,10537344
1128944,1.24666e+08,10537344,1.26067e+07
#1185391,131750012,11064184
#1185391,151953794,11064184
#1185391,143146676,11064184
#1185391,156553767,11064184
#1185391,142614168,11064184
1185391,1.45204e+08,11064184,1.7119e+07
#1244660,157121916,11617352
#1244660,157171968,11617352
#1244660,157096149,11617352
#1244660,152052935,11617352
#1244660,159776069,11617352
1244660,1.56644e+08,11617352,5.02787e+06
#1306893,160562234,12198200
#1306893,171517568,12198200
#1306893,166915498,12198200
#1306893,167018277,12198200
#1306893,164718134,12198200
1306893,1.66146e+08,12198200,7.12314e+06
#1372237,171441403,12808072
#1372237,182154228,12808072
#1372237,183380490,12808072
#1372237,192591046,12808072
#1372237,191982632,12808072
1372237,1.8431e+08,12808072,1.54546e+07
#1440848,189745863,13448448
#1440848,198653269,13448448
#1440848,197782243,13448448
#1440848,199470948,13448448
#1440848,210858615,13448448
1440848,1.99302e+08,13448448,1.34947e+07
#1512890,210523825,14120832
#1512890,220100363,14120832
#1512890,214181964,14120832
#1512890,221755438,14120832
#1512890,215102587,14120832
1512890,2.16333e+08,14120832,8.17231e+06
#1588534,225074687,14826848
#1588534,231381287,14826848
#1588534,230840381,14826848
#1588534,230894542,14826848
#1588534,236338460,14826848
1588534,2.30906e+08,14826848,7.14121e+06
#1667960,243575196,15568160
#1667960,249908867,15568160
#1667960,251448692,15568160
#1667960,254742769,15568160
#1667960,254250209,15568160
1667960,2.50785e+08,15568160,8.04293e+06
#1751358,259756821,16346536
#1751358,276333349,16346536
#1751358,275522270,16346536
#1751358,280300548,16346536
#1751358,278057746,16346536
1751358,2.73994e+08,16346536,1.46094e+07
#1838925,297271760,17163832
#1838925,313036810,17163832
#1838925,291893352,17163832
#1838925,287775026,17163832
#1838925,295568551,17163832
1838925,2.97109e+08,17163832,1.72144e+07
#1930871,304090401,18021992
#1930871,314881888,18021992
#1930871,316774358,18021992
#1930871,321292534,18021992
#1930871,313568343,18021992
1930871,3.14122e+08,18021992,1.13126e+07
#2027414,329765100,18923064
#2027414,343277656,18923064
#2027414,334760702,18923064
#2027414,336317684,18923064
#2027414,336856798,18923064
2027414,3.36196e+08,18923064,8.67262e+06
#2128784,348960410,19869184
#2128784,355911500,19869184
#2128784,361749272,19869184
#2128784,361967652,19869184
#2128784,362934590,19869184
2128784,3.58305e+08,19869184,1.0574e+07
#2235223,376107999,20862616
#2235223,384699712,20862616
#2235223,385268947,20862616
#2235223,384417086,20862616
#2235223,383081368,20862616
2235223,3.82715e+08,20862616,6.76139e+06
#2346984,407990757,21905720
#2346984,409959827,21905720
#2346984,411489643,21905720
#2346984,411210959,21905720
#2346984,418042217,21905720
2346984,4.11739e+08,21905720,6.76972e+06
#2464333,425541948,23000968
#2464333,435439740,23000968
#2464333,434113622,23000968
#2464333,440808755,23000968
#2464333,434368957,23000968
2464333,4.34055e+08,23000968,9.80224e+06
#2587549,453580622,24150984
#2587549,463236256,24150984
#2587549,476886511,24150984
#2587549,471936331,24150984
#2587549,468427479,24150984
2587549,4.66813e+08,24150984,1.59554e+07
#2716926,485852298,25358504
#2716926,496103415,25358504
#2716926,500058501,25358504
#2716926,499401589,25358504
#2716926,497386119,25358504
2716926,4.9576e+08,25358504,1.0302e+07
#2852772,522583814,26626400
#2852772,517254071,26626400
#2852772,483542343,26626400
#2852772,531677288,26626400
#2852772,534431329,26626400
2852772,5.17898e+08,26626400,3.65065e+07
#2995410,551177441,27957688
#2995410,560977095,27957688
#2995410,560605840,27957688
#2995410,559158013,27957688
#2995410,561771046,27957688
2995410,5.58738e+08,27957688,7.74804e+06
#3145180,577467703,29355544
#3145180,589932859,29355544
#3145180,594490296,29355544
#3145180,591265577,29355544
#3145180,595715739,29355544
3145180,5.89774e+08,29355544,1.29998e+07
#3302439,622930763,30823296
#3302439,628116626,30823296
#3302439,624309517,30823296
#3302439,625147842,30823296
#3302439,626316674,30823296
3302439,6.25364e+08,30823296,3.52861e+06
#3467560,653251119,32364424
#3467560,659713765,32364424
#3467560,646409370,32364424
#3467560,642145167,32364424
#3467560,660462677,32364424
3467560,6.52396e+08,32364424,1.44297e+07
#3640938,688836765,33982616
#3640938,699580430,33982616
#3640938,701863343,33982616
#3640938,700107255,33982616
#3640938,698437288,33982616
3640938,6.97765e+08,33982616,9.19755e+06
#3822984,731343527,35681720
#3822984,742129545,35681720
#3822984,738888830,35681720
#3822984,740057851,35681720
#3822984,742094717,35681720
3822984,7.38903e+08,35681720,7.95372e+06
#4014133,773320408,37465768
#4014133,783231146,37465768
#4014133,782308687,37465768
#4014133,784979139,37465768
#4014133,786552406,37465768
4014133,7.82078e+08,37465768,9.23105e+06
#4214839,818464190,39339032
#4214839,832755405,39339032
#4214839,827342265,39339032
#4214839,826117432,39339032
#4214839,835287022,39339032
4214839,8.27993e+08,39339032,1.16832e+07
#4425580,881006630,41305944
#4425580,889998202,41305944
#4425580,858714191,41305944
#4425580,891043282,41305944
#4425580,884547188,41305944
4425580,8.81062e+08,41305944,2.35126e+07
#4646859,922365356,43371208
#4646859,931619539,43371208
#4646859,926258785,43371208
#4646859,929973910,43371208
#4646859,936491118,43371208
4646859,9.29342e+08,43371208,9.5865e+06
#4879201,980113164,45539736
#4879201,988353567,45539736
#4879201,990029621,45539736
#4879201,988590263,45539736
#4879201,990442995,45539736
4879201,9.87506e+08,45539736,7.56532e+06
#5123161,1019212098,47816696
#5123161,1032130281,47816696
#5123161,1030507989,47816696
#5123161,1030898180,47816696
#5123161,1033123168,47816696
5123161,1.02917e+09,47816696,1.01322e+07
#5379319,1094876326,50207512
#5379319,1098408684,50207512
#5379319,1101032318,50207512
#5379319,1101052328,50207512
#5379319,1073413221,50207512
5379319,1.09376e+09,50207512,2.08406e+07
#5648284,1160225949,52717848
#5648284,1165695302,52717848
#5648284,1167492659,52717848
#5648284,1164660702,52717848
#5648284,1168336489,52717848
5648284,1.16528e+09,52717848,5.68066e+06
#5930698,1218259921,55353704
#5930698,1230558891,55353704
#5930698,1229592830,55353704
#5930698,1228533099,55353704
#5930698,1228313154,55353704
5930698,1.22705e+09,55353704,8.93707e+06
#6227232,1287619286,58121368
#6227232,1264020188,58121368
#6227232,1299859504,58121368
#6227232,1295745811,58121368
#6227232,1298499059,58121368
6227232,1.28915e+09,58121368,2.65248e+07
#6538593,1355072330,61027392
#6538593,1365762069,61027392
#6538593,1366229492,61027392
#6538593,1364483554,61027392
#6538593,1365887646,61027392
6538593,1.36349e+09,61027392,8.49753e+06
#6865522,1403624800,64078728
#6865522,1446907200,64078728
#6865522,1446608174,64078728
#6865522,1444451085,64078728
#6865522,1443109751,64078728
6865522,1.43694e+09,64078728,3.3433e+07
#7208798,1513369972,67282648
#7208798,1522187761,67282648
#7208798,1522961473,67282648
#7208798,1524464810,67282648
#7208798,1526231422,67282648
7208798,1.52184e+09,67282648,8.91265e+06
#7569237,1589902871,70646744
#7569237,1598333156,70646744
#7569237,1600618169,70646744
#7569237,1594748368,70646744
#7569237,1595466487,70646744
7569237,1.59581e+09,70646744,7.24563e+06
#7947698,1651811374,74179040
#7947698,1671552705,74179040
#7947698,1670225379,74179040
#7947698,1651911367,74179040
#7947698,1672737049,74179040
7947698,1.66365e+09,74179040,1.93124e+07
#8345082,1715091580,77887960
#8345082,1726905689,77887960
#8345082,1723631491,77887960
#8345082,1729279299,77887960
#8345082,1723945039,77887960
8345082,1.72377e+09,77887960,9.61456e+06
#8762336,1862370836,81782336
#8762336,1869200591,81782336
#8762336,1872445361,81782336
#8762336,1870172711,81782336
#8762336,1870712195,81782336
8762336,1.86898e+09,81782336,6.93752e+06
#9200452,1954970507,85871416
#9200452,1971247393,85871416
#9200452,1941107230,85871416
#9200452,1965806358,85871416
#9200452,1970792914,85871416
9200452,1.96078e+09,85871416,-nan
#9660474,2076348469,90164952
#9660474,2077934256,90164952
#9660474,2081730424,90164952
#9660474,2084275812,90164952
#9660474,2079480279,90164952
9660474,2.07995e+09,90164952,-nan
