#1,719,9
#1,153,9
#1,60,9
#1,56,9
#1,55,9
#1,55,9
1,183,9,484.577
#2,88,27
#2,97,27
#2,73,27
#2,71,27
#2,76,27
#2,73,27
2,79.6667,27,19.1021
#3,101,27
#3,99,27
#3,95,27
#3,96,27
#3,100,27
#3,96,27
3,97.8333,27,4.53382
#4,113,63
#4,113,63
#4,114,63
#4,115,63
#4,115,63
#4,110,63
4,113.333,63,3.39935
#5,192,63
#5,161,63
#5,181,63
#5,137,63
#5,139,63
#5,136,63
5,157.667,63,44.5671
#6,176,63
#6,158,63
#6,157,63
#6,159,63
#6,144,63
#6,143,63
6,156.167,63,22.0126
#7,171,63
#7,177,63
#7,175,63
#7,179,63
#7,166,63
#7,163,63
7,171.833,63,11.571
#8,195,135
#8,199,135
#8,198,135
#8,192,135
#8,198,135
#8,186,135
8,194.667,135,9.06765
#9,236,135
#9,242,135
#9,202,135
#9,198,135
#9,201,135
#9,198,135
9,212.833,135,37.2812
#10,234,135
#10,259,135
#10,229,135
#10,236,135
#10,228,135
#10,209,135
10,232.5,135,29.4562
#11,276,135
#11,275,135
#11,291,135
#11,246,135
#11,241,135
#11,238,135
11,261.167,135,40.6188
#12,353,135
#12,273,135
#12,264,135
#12,248,135
#12,247,135
#12,259,135
12,274,135,72.9018
#13,318,135
#13,319,135
#13,298,135
#13,283,135
#13,284,135
#13,261,135
13,293.833,135,41.0433
#14,326,135
#14,330,135
#14,333,135
#14,295,135
#14,288,135
#14,278,135
14,308.333,135,43.9798
#15,261,279
#15,271,279
#15,240,279
#15,247,279
#15,244,279
#15,266,279
15,254.833,279,23.4213
#16,368,279
#16,370,279
#16,302,279
#16,272,279
#16,265,279
#16,262,279
16,306.5,279,92.1141
#17,394,279
#17,393,279
#17,329,279
#17,292,279
#17,294,279
#17,296,279
17,333,279,89.0992
#18,412,279
#18,372,279
#18,325,279
#18,319,279
#18,323,279
#18,317,279
18,344.667,279,70.9992
#19,481,279
#19,462,279
#19,331,279
#19,314,279
#19,315,279
#19,317,279
19,370,279,144.398
#20,480,279
#20,433,279
#20,370,279
#20,410,279
#20,368,279
#20,346,279
20,401.167,279,90.9976
#21,490,279
#21,353,279
#21,369,279
#21,353,279
#21,354,279
#21,350,279
21,378.167,279,100.78
#22,550,279
#22,427,279
#22,384,279
#22,413,279
#22,375,279
#22,422,279
22,428.5,279,115.151
#23,572,279
#23,460,279
#23,386,279
#23,416,279
#23,392,279
#23,427,279
23,442.167,279,125.859
#24,567,279
#24,443,279
#24,431,279
#24,470,279
#24,464,279
#24,477,279
24,475.333,279,87.8382
#25,616,279
#25,550,279
#25,472,279
#25,412,279
#25,438,279
#25,406,279
25,482.333,279,153.387
#26,636,279
#26,552,279
#26,487,279
#26,463,279
#26,470,279
#26,461,279
26,511.5,279,127.451
#27,487,279
#27,520,279
#27,492,279
#27,484,279
#27,519,279
#27,487,279
27,498.167,279,30.5378
#28,647,279
#28,468,279
#28,461,279
#28,472,279
#28,466,279
#28,466,279
28,496.667,279,134.619
#29,559,567
#29,578,567
#29,467,567
#29,479,567
#29,434,567
#29,435,567
29,492,567,113.408
#30,804,567
#30,695,567
#30,539,567
#30,535,567
#30,522,567
#30,481,567
30,596,567,229.108
#31,714,567
#31,477,567
#31,477,567
#31,479,567
#31,446,567
#31,469,567
31,510.333,567,183.542
#32,757,567
#32,540,567
#32,533,567
#32,518,567
#32,523,567
#32,536,567
32,567.833,567,169.86
#33,804,567
#33,546,567
#33,512,567
#33,496,567
#33,484,567
#33,504,567
33,557.667,567,223.624
#34,678,567
#34,529,567
#34,503,567
#34,526,567
#34,552,567
#34,469,567
34,542.833,567,131.319
#35,794,567
#35,581,567
#35,562,567
#35,526,567
#35,531,567
#35,539,567
35,588.833,567,187.351
#36,772,567
#36,657,567
#36,616,567
#36,523,567
#36,572,567
#36,531,567
36,611.833,567,170.729
#37,804,567
#37,671,567
#37,561,567
#37,546,567
#37,586,567
#37,543,567
37,618.5,567,187.057
#38,811,567
#38,608,567
#38,599,567
#38,596,567
#38,609,567
#38,554,567
38,629.5,567,166.488
#39,821,567
#39,644,567
#39,645,567
#39,657,567
#39,621,567
#39,604,567
39,665.333,567,143.521
#40,861,567
#40,622,567
#40,598,567
#40,596,567
#40,619,567
#40,570,567
40,644.333,567,196.797
#42,931,567
#42,724,567
#42,674,567
#42,684,567
#42,755,567
#42,694,567
42,743.667,567,176.048
#44,939,567
#44,734,567
#44,670,567
#44,692,567
#44,726,567
#44,675,567
44,739.333,567,184.859
#46,850,567
#46,721,567
#46,709,567
#46,662,567
#46,665,567
#46,675,567
46,713.667,567,129.603
#48,978,567
#48,801,567
#48,723,567
#48,708,567
#48,797,567
#48,694,567
48,783.5,567,192.682
#50,969,567
#50,798,567
#50,773,567
#50,752,567
#50,759,567
#50,751,567
50,800.333,567,154.228
#52,974,567
#52,777,567
#52,809,567
#52,792,567
#52,779,567
#52,776,567
52,817.833,567,141.56
#54,1289,567
#54,1172,567
#54,970,567
#54,817,567
#54,815,567
#54,828,567
54,981.833,567,373.562
#56,1012,567
#56,863,567
#56,911,567
#56,874,567
#56,853,567
#56,823,567
56,889.333,567,121.56
#58,971,1143
#58,1004,1143
#58,940,1143
#58,956,1143
#58,897,1143
#58,892,1143
58,943.333,1143,79.1595
#60,1122,1143
#60,853,1143
#60,881,1143
#60,872,1143
#60,964,1143
#60,923,1143
60,935.833,1143,181.767
#63,1268,1143
#63,967,1143
#63,1066,1143
#63,922,1143
#63,952,1143
#63,1013,1143
63,1031.33,1143,230.847
#66,1211,1143
#66,1106,1143
#66,1037,1143
#66,982,1143
#66,967,1143
#66,998,1143
66,1050.17,1143,170.182
#69,1305,1143
#69,1053,1143
#69,1031,1143
#69,999,1143
#69,963,1143
#69,1013,1143
69,1060.67,1143,225.464
#72,1196,1143
#72,1165,1143
#72,1114,1143
#72,1110,1143
#72,1092,1143
#72,1112,1143
72,1131.5,1143,72.9909
#75,1260,1143
#75,1070,1143
#75,1014,1143
#75,1048,1143
#75,1007,1143
#75,1051,1143
75,1075,1143,171.075
#78,1373,1143
#78,1129,1143
#78,1167,1143
#78,1146,1143
#78,1176,1143
#78,1181,1143
78,1195.33,1143,162.852
#81,1329,1143
#81,1203,1143
#81,1194,1143
#81,1274,1143
#81,1215,1143
#81,1177,1143
81,1232,1143,105.742
#85,1422,1143
#85,1285,1143
#85,1233,1143
#85,1241,1143
#85,1263,1143
#85,1287,1143
85,1288.5,1143,126.025
#89,1511,1143
#89,1349,1143
#89,1295,1143
#89,1270,1143
#89,1287,1143
#89,1274,1143
89,1331,1143,169.167
#93,1678,1143
#93,1475,1143
#93,1489,1143
#93,1461,1143
#93,1415,1143
#93,1386,1143
93,1484,1143,187.325
#97,1534,1143
#97,1466,1143
#97,1414,1143
#97,1358,1143
#97,1379,1143
#97,1328,1143
97,1413.17,1143,138.701
#101,1662,1143
#101,1410,1143
#101,1418,1143
#101,1414,1143
#101,1414,1143
#101,1441,1143
101,1459.83,1143,181.954
#106,1729,1143
#106,1539,1143
#106,1516,1143
#106,1528,1143
#106,1508,1143
#106,1533,1143
106,1558.83,1143,153.594
#111,1924,1143
#111,1684,1143
#111,1595,1143
#111,1609,1143
#111,1567,1143
#111,1647,1143
111,1671,1143,238.314
#116,1910,2295
#116,1614,2295
#116,1605,2295
#116,1554,2295
#116,1643,2295
#116,1561,2295
116,1647.83,2295,242.32
#121,1778,2295
#121,1537,2295
#121,1534,2295
#121,1596,2295
#121,1595,2295
#121,1601,2295
121,1606.83,2295,162.831
#127,1929,2295
#127,1691,2295
#127,1634,2295
#127,1691,2295
#127,1694,2295
#127,1669,2295
127,1718,2295,193.239
#133,2094,2295
#133,1858,2295
#133,1886,2295
#133,1787,2295
#133,1791,2295
#133,1817,2295
133,1872.17,2295,210.534
#139,2198,2295
#139,1964,2295
#139,1887,2295
#139,1820,2295
#139,1879,2295
#139,1870,2295
139,1936.33,2295,248.85
#145,2251,2295
#145,2077,2295
#145,1974,2295
#145,2024,2295
#145,2012,2295
#145,2015,2295
145,2058.83,2295,182.177
#152,2245,2295
#152,2066,2295
#152,2044,2295
#152,2054,2295
#152,2006,2295
#152,1976,2295
152,2065.17,2295,171.978
#159,2366,2295
#159,2155,2295
#159,2172,2295
#159,2224,2295
#159,2174,2295
#159,2217,2295
159,2218,2295,141.332
#166,2292,2295
#166,2313,2295
#166,2236,2295
#166,2273,2295
#166,2298,2295
#166,2251,2295
166,2277.17,2295,53.7577
#174,2724,2295
#174,2497,2295
#174,2493,2295
#174,2421,2295
#174,2373,2295
#174,2371,2295
174,2479.83,2295,240.562
#182,2876,2295
#182,2588,2295
#182,2513,2295
#182,2516,2295
#182,2589,2295
#182,2456,2295
182,2589.67,2295,272.227
#191,2984,2295
#191,2750,2295
#191,2636,2295
#191,2713,2295
#191,2755,2295
#191,2676,2295
191,2752.33,2295,222.994
#200,3143,2295
#200,3085,2295
#200,2803,2295
#200,2737,2295
#200,2727,2295
#200,2705,2295
200,2866.67,2295,356.407
#210,3350,2295
#210,3073,2295
#210,2882,2295
#210,2782,2295
#210,2708,2295
#210,2799,2295
210,2932.33,2295,437.774
#220,3733,2295
#220,3452,2295
#220,3175,2295
#220,3106,2295
#220,2983,2295
#220,2984,2295
220,3238.83,2295,542.679
#231,4801,4599
#231,4757,4599
#231,4477,4599
#231,4558,4599
#231,4209,4599
#231,4475,4599
231,4546.17,4599,394.175
#242,5120,4599
#242,5464,4599
#242,5480,4599
#242,4801,4599
#242,5193,4599
#242,4770,4599
242,5138,4599,563.076
#254,5174,4599
#254,4974,4599
#254,5367,4599
#254,5355,4599
#254,5177,4599
#254,5133,4599
254,5196.67,4599,269.094
#266,5342,4599
#266,5290,4599
#266,5423,4599
#266,4949,4599
#266,5364,4599
#266,5073,4599
266,5240.17,4599,340.919
#279,5823,4599
#279,5368,4599
#279,5606,4599
#279,5794,4599
#279,5564,4599
#279,5540,4599
279,5615.83,4599,310.502
#292,6047,4599
#292,6111,4599
#292,5757,4599
#292,6125,4599
#292,6295,4599
#292,6124,4599
292,6076.5,4599,322.998
#306,6407,4599
#306,6503,4599
#306,6874,4599
#306,6492,4599
#306,6140,4599
#306,6590,4599
306,6501,4599,436.877
#321,6657,4599
#321,7059,4599
#321,7095,4599
#321,6763,4599
#321,6639,4599
#321,6704,4599
321,6819.5,4599,373.077
#337,7193,4599
#337,7062,4599
#337,6431,4599
#337,6798,4599
#337,6719,4599
#337,6831,4599
337,6839,4599,488.299
#353,7824,4599
#353,7908,4599
#353,7224,4599
#353,7314,4599
#353,7633,4599
#353,7982,4599
353,7647.5,4599,578.324
#370,8268,4599
#370,8177,4599
#370,8058,4599
#370,7835,4599
#370,7744,4599
#370,7827,4599
370,7984.83,4599,389.724
#388,9047,4599
#388,8997,4599
#388,8492,4599
#388,8204,4599
#388,8079,4599
#388,8238,4599
388,8509.5,4599,765.612
#407,8601,4599
#407,8311,4599
#407,8659,4599
#407,8512,4599
#407,8303,4599
#407,8431,4599
407,8469.5,4599,269.982
#427,10227,4599
#427,9152,4599
#427,8916,4599
#427,9514,4599
#427,8764,4599
#427,8661,4599
427,9205.67,4599,1069.8
#448,10509,4599
#448,9962,4599
#448,9741,4599
#448,9645,4599
#448,9284,4599
#448,9289,4599
448,9738.33,4599,841.028
#470,8004,9207
#470,8343,9207
#470,7893,9207
#470,8230,9207
#470,7808,9207
#470,7966,9207
470,8040.67,9207,374.265
#493,8852,9207
#493,8796,9207
#493,8965,9207
#493,9161,9207
#493,8997,9207
#493,9152,9207
493,8987.17,9207,274.215
#517,9605,9207
#517,9341,9207
#517,10273,9207
#517,9406,9207
#517,9405,9207
#517,9890,9207
517,9653.33,9207,664.695
#542,9922,9207
#542,10279,9207
#542,10538,9207
#542,10332,9207
#542,10057,9207
#542,9908,9207
542,10172.7,9207,459.292
#569,10785,9207
#569,10296,9207
#569,10544,9207
#569,10846,9207
#569,10504,9207
#569,9845,9207
569,10470,9207,667.4
#597,11436,9207
#597,11079,9207
#597,10685,9207
#597,10333,9207
#597,10429,9207
#597,10918,9207
597,10813.3,9207,759.012
#626,10872,9207
#626,10936,9207
#626,10716,9207
#626,10950,9207
#626,10746,9207
#626,11427,9207
626,10941.2,9207,468.837
#657,10889,9207
#657,10985,9207
#657,10539,9207
#657,10148,9207
#657,10678,9207
#657,10823,9207
657,10677,9207,553.781
#689,11965,9207
#689,12514,9207
#689,12504,9207
#689,11968,9207
#689,12463,9207
#689,12401,9207
689,12302.5,9207,480.689
#723,13221,9207
#723,12670,9207
#723,13055,9207
#723,12974,9207
#723,12697,9207
#723,12987,9207
723,12934,9207,389.259
#759,14105,9207
#759,13504,9207
#759,13448,9207
#759,13355,9207
#759,13174,9207
#759,13343,9207
759,13488.2,9207,588.702
#796,15636,9207
#796,21607,9207
#796,15890,9207
#796,14327,9207
#796,14502,9207
#796,14826,9207
796,16131.3,9207,5026.65
#835,15798,9207
#835,15578,9207
#835,14991,9207
#835,15198,9207
#835,14753,9207
#835,14546,9207
835,15144,9207,876.692
#876,18065,9207
#876,16598,9207
#876,16206,9207
#876,15465,9207
#876,15542,9207
#876,15757,9207
876,16272.2,9207,1784.16
#919,14150,18423
#919,13222,18423
#919,13853,18423
#919,13663,18423
#919,13507,18423
#919,13213,18423
919,13601.3,18423,669.213
#964,14595,18423
#964,14300,18423
#964,14752,18423
#964,14421,18423
#964,14459,18423
#964,14323,18423
964,14475,18423,314.144
#1012,16069,18423
#1012,15773,18423
#1012,15318,18423
#1012,15799,18423
#1012,15935,18423
#1012,15101,18423
1012,15665.8,18423,685.194
#1062,16304,18423
#1062,17105,18423
#1062,17218,18423
#1062,16448,18423
#1062,16718,18423
#1062,16586,18423
1062,16729.8,18423,663.651
#1115,17404,18423
#1115,17094,18423
#1115,16672,18423
#1115,17118,18423
#1115,16796,18423
#1115,16939,18423
1115,17003.8,18423,475.261
#1170,19181,18423
#1170,18767,18423
#1170,18913,18423
#1170,18433,18423
#1170,17998,18423
#1170,17960,18423
1170,18542,18423,910.358
#1228,18182,18423
#1228,18769,18423
#1228,18820,18423
#1228,18761,18423
#1228,18286,18423
#1228,18010,18423
1228,18471.3,18423,645.482
#1289,19884,18423
#1289,20087,18423
#1289,20422,18423
#1289,19814,18423
#1289,19812,18423
#1289,19702,18423
1289,19953.5,18423,479.499
#1353,21514,18423
#1353,21106,18423
#1353,20610,18423
#1353,20460,18423
#1353,20776,18423
#1353,20757,18423
1353,20870.5,18423,696.532
#1420,22404,18423
#1420,22142,18423
#1420,21623,18423
#1420,21500,18423
#1420,21603,18423
#1420,20868,18423
1420,21690,18423,979.096
#1491,24321,18423
#1491,23229,18423
#1491,23008,18423
#1491,22911,18423
#1491,23663,18423
#1491,23647,18423
1491,23463.2,18423,957.951
#1565,23909,18423
#1565,23385,18423
#1565,22538,18423
#1565,23378,18423
#1565,22695,18423
#1565,22511,18423
1565,23069.3,18423,1043.76
#1643,24580,18423
#1643,24633,18423
#1643,24213,18423
#1643,23450,18423
#1643,23042,18423
#1643,23481,18423
1643,23899.8,18423,1214.33
#1725,28817,18423
#1725,27184,18423
#1725,26482,18423
#1725,26741,18423
#1725,26331,18423
#1725,26646,18423
1725,27033.5,18423,1680.65
#1811,23198,36855
#1811,23586,36855
#1811,23843,36855
#1811,23392,36855
#1811,23250,36855
#1811,22877,36855
1811,23357.7,36855,609.365
#1901,25066,36855
#1901,25405,36855
#1901,24721,36855
#1901,24550,36855
#1901,24933,36855
#1901,25169,36855
1901,24974,36855,564.338
#1996,26615,36855
#1996,26571,36855
#1996,26373,36855
#1996,27016,36855
#1996,27219,36855
#1996,27546,36855
1996,26890,36855,816.141
#2095,27300,36855
#2095,27167,36855
#2095,27623,36855
#2095,27542,36855
#2095,27569,36855
#2095,27639,36855
2095,27473.3,36855,353.645
#2199,28125,36855
#2199,27824,36855
#2199,27788,36855
#2199,28034,36855
#2199,27824,36855
#2199,28138,36855
2199,27955.5,36855,295.341
#2308,29228,36855
#2308,29235,36855
#2308,29157,36855
#2308,29512,36855
#2308,29455,36855
#2308,28890,36855
2308,29246.2,36855,407.872
#2423,31627,36855
#2423,30846,36855
#2423,31636,36855
#2423,31749,36855
#2423,32298,36855
#2423,31037,36855
2423,31532.2,36855,955.443
#2544,33530,36855
#2544,33424,36855
#2544,32616,36855
#2544,33469,36855
#2544,33040,36855
#2544,32688,36855
2544,33127.8,36855,743.411
#2671,34167,36855
#2671,34275,36855
#2671,33004,36855
#2671,33850,36855
#2671,33559,36855
#2671,32972,36855
2671,33637.8,36855,1027.07
#2804,35860,36855
#2804,35274,36855
#2804,34958,36855
#2804,35167,36855
#2804,35326,36855
#2804,34851,36855
2804,35239.3,36855,647.623
#2944,41681,36855
#2944,37432,36855
#2944,37107,36855
#2944,36652,36855
#2944,35937,36855
#2944,36801,36855
2944,37601.7,36855,3761.96
#3091,39960,36855
#3091,39228,36855
#3091,39114,36855
#3091,38024,36855
#3091,37628,36855
#3091,38094,36855
3091,38674.7,36855,1634.49
#3245,43144,36855
#3245,42347,36855
#3245,41947,36855
#3245,40624,36855
#3245,41679,36855
#3245,40680,36855
3245,41736.8,36855,1780.49
#3407,45901,36855
#3407,43372,36855
#3407,42316,36855
#3407,41773,36855
#3407,41894,36855
#3407,42153,36855
3407,42901.5,36855,2876.34
#3577,49107,36855
#3577,46734,36855
#3577,45274,36855
#3577,45222,36855
#3577,44566,36855
#3577,43659,36855
3577,45760.3,36855,3513.46
#3755,42106,73719
#3755,41918,73719
#3755,41696,73719
#3755,41556,73719
#3755,41280,73719
#3755,42099,73719
3755,41775.8,73719,596.774
#3942,44289,73719
#3942,43962,73719
#3942,44195,73719
#3942,43916,73719
#3942,43585,73719
#3942,43417,73719
3942,43894,73719,619.001
#4139,47552,73719
#4139,46354,73719
#4139,46179,73719
#4139,75686,73719
#4139,45274,73719
#4139,44893,73719
4139,50989.7,73719,22154
#4345,47298,73719
#4345,46798,73719
#4345,46675,73719
#4345,46366,73719
#4345,46594,73719
#4345,46747,73719
4345,46746.3,73719,565.658
#4562,49211,73719
#4562,48685,73719
#4562,49204,73719
#4562,48921,73719
#4562,48913,73719
#4562,48999,73719
4562,48988.8,73719,363.708
#4790,52452,73719
#4790,52200,73719
#4790,52783,73719
#4790,52239,73719
#4790,52858,73719
#4790,52047,73719
4790,52429.8,73719,602.41
#5029,55114,73719
#5029,54524,73719
#5029,54352,73719
#5029,54576,73719
#5029,54935,73719
#5029,53675,73719
5029,54529.3,73719,920.123
#5280,56257,73719
#5280,55761,73719
#5280,54812,73719
#5280,54829,73719
#5280,55354,73719
#5280,55360,73719
5280,55395.5,73719,1013.29
#5544,60383,73719
#5544,67251,73719
#5544,59785,73719
#5544,59254,73719
#5544,60514,73719
#5544,59268,73719
5544,61075.8,73719,5608.44
#5821,63013,73719
#5821,62502,73719
#5821,62290,73719
#5821,61495,73719
#5821,75440,73719
#5821,59841,73719
5821,64096.8,73719,10345.1
#6112,65825,73719
#6112,64473,73719
#6112,64142,73719
#6112,63927,73719
#6112,64118,73719
#6112,63850,73719
6112,64389.2,73719,1343.52
#6417,70612,73719
#6417,69844,73719
#6417,68086,73719
#6417,67969,73719
#6417,67317,73719
#6417,67384,73719
6417,68535.3,73719,2497.69
#6737,75274,73719
#6737,72192,73719
#6737,70357,73719
#6737,69897,73719
#6737,69157,73719
#6737,69715,73719
6737,71098.7,73719,4187.88
#7073,79224,73719
#7073,76075,73719
#7073,74914,73719
#7073,72950,73719
#7073,71692,73719
#7073,71897,73719
7073,74458.7,73719,5292.82
#7426,70522,147447
#7426,70290,147447
#7426,70094,147447
#7426,70292,147447
#7426,70198,147447
#7426,70550,147447
7426,70324.3,147447,327.857
#7797,74521,147447
#7797,74565,147447
#7797,74300,147447
#7797,74308,147447
#7797,74617,147447
#7797,74306,147447
7797,74436.2,147447,268.833
#8186,78287,147447
#8186,77704,147447
#8186,77335,147447
#8186,77679,147447
#8186,77438,147447
#8186,77736,147447
8186,77696.5,147447,604.493
#8595,81569,147447
#8595,81236,147447
#8595,80624,147447
#8595,80604,147447
#8595,80715,147447
#8595,80238,147447
8595,80831,147447,882.478
#9024,83989,147447
#9024,125401,147447
#9024,135574,147447
#9024,114148,147447
#9024,83378,147447
#9024,114736,147447
9024,109538,147447,39284.2
#9475,92196,147447
#9475,91675,147447
#9475,90672,147447
#9475,90836,147447
#9475,121187,147447
#9475,90577,147447
9475,96190.5,147447,22387.6
#9948,97959,147447
#9948,95611,147447
#9948,96475,147447
#9948,96841,147447
#9948,95059,147447
#9948,96005,147447
9948,96325,147447,1857.18
#10445,105016,147447
#10445,100716,147447
#10445,99496,147447
#10445,99744,147447
#10445,99685,147447
#10445,108631,147447
10445,102215,147447,6887.54
#10967,108110,147447
#10967,107727,147447
#10967,106915,147447
#10967,106702,147447
#10967,107567,147447
#10967,106195,147447
10967,107203,147447,1311.42
#11515,124463,147447
#11515,113378,147447
#11515,112159,147447
#11515,111136,147447
#11515,111747,147447
#11515,112081,147447
11515,114161,147447,9311.52
#12090,120798,147447
#12090,119360,147447
#12090,118961,147447
#12090,117706,147447
#12090,117964,147447
#12090,117370,147447
12090,118693,147447,2338.61
#12694,129480,147447
#12694,127173,147447
#12694,125470,147447
#12694,125680,147447
#12694,124748,147447
#12694,125147,147447
12694,126283,147447,3233.6
#13328,137082,147447
#13328,135839,147447
#13328,134473,147447
#13328,133295,147447
#13328,132346,147447
#13328,132122,147447
13328,134193,147447,3618.55
#13994,148341,147447
#13994,146529,147447
#13994,145051,147447
#13994,142761,147447
#13994,142293,147447
#13994,141745,147447
13994,144453,147447,4805.94
#14693,141620,294903
#14693,141089,294903
#14693,140659,294903
#14693,143266,294903
#14693,144070,294903
#14693,140985,294903
14693,141948,294903,2539.6
#15427,150777,294903
#15427,149678,294903
#15427,149414,294903
#15427,148707,294903
#15427,150126,294903
#15427,149304,294903
15427,149668,294903,1306.47
#16198,156612,294903
#16198,156287,294903
#16198,156701,294903
#16198,161351,294903
#16198,155519,294903
#16198,156217,294903
16198,157114,294903,3865
#17007,165701,294903
#17007,164092,294903
#17007,164933,294903
#17007,168420,294903
#17007,169762,294903
#17007,165111,294903
17007,166336,294903,4081.53
#17857,173555,294903
#17857,173664,294903
#17857,172829,294903
#17857,172964,294903
#17857,171776,294903
#17857,172518,294903
17857,172884,294903,1272.71
#18749,183036,294903
#18749,182752,294903
#18749,181603,294903
#18749,182620,294903
#18749,183259,294903
#18749,182448,294903
18749,182620,294903,1052.83
#19686,192596,294903
#19686,192439,294903
#19686,191428,294903
#19686,191324,294903
#19686,191319,294903
#19686,191517,294903
19686,191770,294903,1068.68
#20670,204480,294903
#20670,204287,294903
#20670,214445,294903
#20670,203892,294903
#20670,203531,294903
#20670,204077,294903
20670,205785,294903,7768.48
#21703,215682,294903
#21703,215911,294903
#21703,215074,294903
#21703,213844,294903
#21703,213645,294903
#21703,214134,294903
21703,214715,294903,1776.79
#22788,228019,294903
#22788,226981,294903
#22788,225473,294903
#22788,226947,294903
#22788,233544,294903
#22788,225426,294903
22788,227732,294903,5505.31
#23927,253028,294903
#23927,240937,294903
#23927,239476,294903
#23927,238700,294903
#23927,239014,294903
#23927,238211,294903
23927,241561,294903,10396.3
#25123,261403,294903
#25123,258291,294903
#25123,256925,294903
#25123,255119,294903
#25123,266660,294903
#25123,255788,294903
25123,259031,294903,7942.78
#26379,278423,294903
#26379,276242,294903
#26379,273517,294903
#26379,271956,294903
#26379,272154,294903
#26379,271613,294903
26379,273984,294903,5040.15
#27697,302983,294903
#27697,301381,294903
#27697,299618,294903
#27697,298031,294903
#27697,297516,294903
#27697,297169,294903
27697,299450,294903,4258.01
#29081,299179,589815
#29081,304620,589815
#29081,294395,589815
#29081,300363,589815
#29081,339552,589815
#29081,324585,589815
29081,310449,589815,32324
#30535,306370,589815
#30535,303030,589815
#30535,319408,589815
#30535,308640,589815
#30535,309335,589815
#30535,310119,589815
30535,309484,589815,10032.4
#32061,328770,589815
#32061,316603,589815
#32061,336806,589815
#32061,325678,589815
#32061,324968,589815
#32061,324565,589815
32061,326232,589815,11990.3
#33664,337028,589815
#33664,351821,589815
#33664,341454,589815
#33664,340937,589815
#33664,341736,589815
#33664,341670,589815
33664,342441,589815,9004.17
#35347,362237,589815
#35347,360529,589815
#35347,360771,589815
#35347,360440,589815
#35347,361765,589815
#35347,376984,589815
35347,363788,589815,11876.2
#37114,371103,589815
#37114,369289,589815
#37114,367733,589815
#37114,366724,589815
#37114,373924,589815
#37114,367046,589815
37114,369303,589815,5086.19
#38969,391602,589815
#38969,389651,589815
#38969,393817,589815
#38969,387154,589815
#38969,387986,589815
#38969,386658,589815
38969,389478,589815,5095.6
#40917,421008,589815
#40917,399598,589815
#40917,420209,589815
#40917,409399,589815
#40917,409389,589815
#40917,435773,589815
40917,415896,589815,22949.3
#42962,437700,589815
#42962,432812,589815
#42962,437084,589815
#42962,431212,589815
#42962,431476,589815
#42962,435931,589815
42962,434369,589815,5270.48
#45110,463729,589815
#45110,461825,589815
#45110,459234,589815
#45110,469791,589815
#45110,463271,589815
#45110,482101,589815
45110,466658,589815,15205.8
#47365,486747,589815
#47365,506763,589815
#47365,495691,589815
#47365,497618,589815
#47365,496241,589815
#47365,496580,589815
47365,496607,589815,11614.9
#49733,526956,589815
#49733,550967,589815
#49733,535861,589815
#49733,541042,589815
#49733,534318,589815
#49733,533201,589815
49733,537058,589815,14948.8
#52219,560958,589815
#52219,559249,589815
#52219,556150,589815
#52219,555578,589815
#52219,555899,589815
#52219,558971,589815
52219,557801,589815,4059.34
#54829,618285,589815
#54829,631840,589815
#54829,632585,589815
#54829,633618,589815
#54829,626169,589815
#54829,625149,589815
54829,627941,589815,10744.6
#57570,656890,1179639
#57570,655443,1179639
#57570,641738,1179639
#57570,639381,1179639
#57570,639244,1179639
#57570,640425,1179639
57570,645520,1179639,15167.5
#60448,681087,1179639
#60448,673619,1179639
#60448,652457,1179639
#60448,651476,1179639
#60448,653116,1179639
#60448,651680,1179639
60448,660572,1179639,24143.2
#63470,664760,1179639
#63470,666502,1179639
#63470,696453,1179639
#63470,664518,1179639
#63470,661671,1179639
#63470,651655,1179639
63470,667593,1179639,27576.1
#66643,630012,1179639
#66643,637169,1179639
#66643,615956,1179639
#66643,615982,1179639
#66643,614494,1179639
#66643,614833,1179639
66643,621408,1179639,17750.8
#69975,635565,1179639
#69975,631448,1179639
#69975,636287,1179639
#69975,652028,1179639
#69975,633560,1179639
#69975,631730,1179639
69975,636770,1179639,14107.2
#73473,664931,1179639
#73473,664223,1179639
#73473,667180,1179639
#73473,663208,1179639
#73473,666389,1179639
#73473,664984,1179639
73473,665152,1179639,2628.33
#77146,701620,1179639
#77146,698343,1179639
#77146,702087,1179639
#77146,699511,1179639
#77146,698140,1179639
#77146,697356,1179639
77146,699510,1179639,3556.36
#81003,737740,1179639
#81003,741078,1179639
#81003,735859,1179639
#81003,736343,1179639
#81003,738195,1179639
#81003,740981,1179639
81003,738366,1179639,4081.82
#85053,783950,1179639
#85053,781458,1179639
#85053,784458,1179639
#85053,780180,1179639
#85053,779939,1179639
#85053,782892,1179639
85053,782146,1179639,3499.11
#89305,826635,1179639
#89305,826155,1179639
#89305,823910,1179639
#89305,824881,1179639
#89305,822429,1179639
#89305,824892,1179639
89305,824817,1179639,2784.51
#93770,878495,1179639
#93770,878853,1179639
#93770,875320,1179639
#93770,877460,1179639
#93770,874276,1179639
#93770,875122,1179639
93770,876588,1179639,3524.16
#98458,935613,1179639
#98458,934071,1179639
#98458,935052,1179639
#98458,936036,1179639
#98458,932177,1179639
#98458,931272,1179639
98458,934037,1179639,3522.88
#103380,1002701,1179639
#103380,995310,1179639
#103380,992523,1179639
#103380,994035,1179639
#103380,995704,1179639
#103380,992285,1179639
103380,995426,1179639,6987.82
#108549,1080974,1179639
#108549,1104927,1179639
#108549,1132568,1179639
#108549,1131406,1179639
#108549,1128099,1179639
#108549,1118878,1179639
108549,1.11614e+06,1179639,36659
#113976,1212792,1179639
#113976,1202375,1179639
#113976,1217084,1179639
#113976,1207100,1179639
#113976,1234642,1179639
#113976,1240757,1179639
113976,1.21912e+06,1179639,28025.7
#119674,1225276,2359287
#119674,1189744,2359287
#119674,1182503,2359287
#119674,1173032,2359287
#119674,1219845,2359287
#119674,1227473,2359287
119674,1.20298e+06,2359287,43763.2
#125657,1296181,2359287
#125657,1261300,2359287
#125657,1278402,2359287
#125657,1259662,2359287
#125657,1257749,2359287
#125657,1257433,2359287
125657,1.26845e+06,2359287,28662.3
#131939,1338657,2359287
#131939,1315842,2359287
#131939,1355518,2359287
#131939,1360888,2359287
#131939,1390484,2359287
#131939,1404897,2359287
131939,1.36105e+06,2359287,59803.9
#138535,1432678,2359287
#138535,1380195,2359287
#138535,1372019,2359287
#138535,1412849,2359287
#138535,1388975,2359287
#138535,1439839,2359287
138535,1.40443e+06,2359287,51635.2
#145461,1495270,2359287
#145461,1480026,2359287
#145461,1470941,2359287
#145461,1464113,2359287
#145461,1462684,2359287
#145461,1462707,2359287
145461,1.47262e+06,2359287,23665
#152734,1534401,2359287
#152734,1529288,2359287
#152734,1523587,2359287
#152734,1543681,2359287
#152734,1588898,2359287
#152734,1578226,2359287
152734,1.54968e+06,2359287,49793.2
#160370,1623474,2359287
#160370,1617131,2359287
#160370,1611702,2359287
#160370,1640940,2359287
#160370,1666060,2359287
#160370,1675541,2359287
160370,1.63914e+06,2359287,48549.8
#168388,1713171,2359287
#168388,1704917,2359287
#168388,1704045,2359287
#168388,1766390,2359287
#168388,1749663,2359287
#168388,1713965,2359287
168388,1.72536e+06,2359287,47782.6
#176807,1804607,2359287
#176807,1802160,2359287
#176807,1877200,2359287
#176807,1843713,2359287
#176807,1836632,2359287
#176807,1855423,2359287
176807,1.83662e+06,2359287,53309.9
#185647,1960520,2359287
#185647,1951066,2359287
#185647,1927017,2359287
#185647,1916646,2359287
#185647,1920384,2359287
#185647,1974284,2359287
185647,1.94165e+06,2359287,43214.8
#194929,2081246,2359287
#194929,2069891,2359287
#194929,2051184,2359287
#194929,2040758,2359287
#194929,2064387,2359287
#194929,2103523,2359287
194929,2.0685e+06,2359287,40639.8
#204675,2216192,2359287
#204675,2221526,2359287
#204675,2193285,2359287
#204675,2185552,2359287
#204675,2184074,2359287
#204675,2216603,2359287
204675,2.20287e+06,2359287,31189.7
#214908,2373480,2359287
#214908,2384429,2359287
#214908,2357678,2359287
#214908,2349051,2359287
#214908,2357740,2359287
#214908,2350927,2359287
214908,2.36222e+06,2359287,25320.4
#225653,2564854,2359287
#225653,2618701,2359287
#225653,2579542,2359287
#225653,2571831,2359287
#225653,2644896,2359287
#225653,2568917,2359287
225653,2.59146e+06,2359287,59670.7
#236935,2551689,4718583
#236935,2504534,4718583
#236935,2457336,4718583
#236935,2504058,4718583
#236935,2575582,4718583
#236935,2550790,4718583
236935,2.524e+06,4718583,79018.1
#248781,2713400,4718583
#248781,2635126,4718583
#248781,2684830,4718583
#248781,2718831,4718583
#248781,2968788,4718583
#248781,2848462,4718583
248781,2.76157e+06,4718583,225852
#261220,2958326,4718583
#261220,2813599,4718583
#261220,2812709,4718583
#261220,2822711,4718583
#261220,2829656,4718583
#261220,2850411,4718583
261220,2.8479e+06,4718583,101923
#274281,3118566,4718583
#274281,2939026,4718583
#274281,2945008,4718583
#274281,2979947,4718583
#274281,2958438,4718583
#274281,2954828,4718583
274281,2.98264e+06,4718583,124260
#287995,3274642,4718583
#287995,3066474,4718583
#287995,3091451,4718583
#287995,3113842,4718583
#287995,3135847,4718583
#287995,3190813,4718583
287995,3.14551e+06,4718583,139027
#302394,3404427,4718583
#302394,3269605,4718583
#302394,3318799,4718583
#302394,3278708,4718583
#302394,3274094,4718583
#302394,3277217,4718583
302394,3.30381e+06,4718583,95703.6
#317513,3591428,4718583
#317513,3406904,4718583
#317513,3462623,4718583
#317513,3497575,4718583
#317513,3421643,4718583
#317513,3460055,4718583
317513,3.47337e+06,4718583,120857
#333388,3810743,4718583
#333388,3578929,4718583
#333388,3631066,4718583
#333388,3626450,4718583
#333388,3642826,4718583
#333388,3699366,4718583
333388,3.6649e+06,4718583,148233
#350057,3995280,4718583
#350057,3830843,4718583
#350057,3863556,4718583
#350057,3846593,4718583
#350057,3843941,4718583
#350057,3839856,4718583
350057,3.87001e+06,4718583,113741
#367559,4221291,4718583
#367559,4091359,4718583
#367559,4115193,4718583
#367559,4053141,4718583
#367559,4074472,4718583
#367559,4065738,4718583
367559,4.10353e+06,4718583,112438
#385936,4463909,4718583
#385936,4388834,4718583
#385936,4441744,4718583
#385936,4348491,4718583
#385936,4353001,4718583
#385936,4421046,4718583
385936,4.40284e+06,4718583,86441.9
#405232,4763843,4718583
#405232,4613897,4718583
#405232,4654479,4718583
#405232,4643026,4718583
#405232,4616985,4718583
#405232,4679550,4718583
405232,4.66196e+06,4718583,101446
#425493,5122181,4718583
#425493,4910940,4718583
#425493,5069778,4718583
#425493,4968953,4718583
#425493,4957451,4718583
#425493,4971932,4718583
425493,5.00021e+06,4718583,144432
#446767,5509612,4718583
#446767,5354945,4718583
#446767,5406262,4718583
#446767,5393757,4718583
#446767,5373403,4718583
#446767,5577335,4718583
446767,5.43589e+06,4718583,160315
#469105,5674405,9437175
#469105,5571001,9437175
#469105,5566618,9437175
#469105,5589299,9437175
#469105,5576418,9437175
#469105,5566462,9437175
469105,5.5907e+06,9437175,76454.5
#492560,5989888,9437175
#492560,5957739,9437175
#492560,5922522,9437175
#492560,5901945,9437175
#492560,5877920,9437175
#492560,5875753,9437175
492560,5.92096e+06,9437175,83122
#517188,6306104,9437175
#517188,6246371,9437175
#517188,6200186,9437175
#517188,6198842,9437175
#517188,6253881,9437175
#517188,6322476,9437175
517188,6.25464e+06,9437175,94508.8
#543047,6641990,9437175
#543047,6561619,9437175
#543047,6520743,9437175
#543047,6524636,9437175
#543047,6529869,9437175
#543047,6551620,9437175
543047,6.55508e+06,9437175,83064.4
#570199,6994742,9437175
#570199,6936848,9437175
#570199,6948484,9437175
#570199,6950295,9437175
#570199,6915951,9437175
#570199,6990457,9437175
570199,6.95613e+06,9437175,56260.6
#598708,7549345,9437175
#598708,7255114,9437175
#598708,7282642,9437175
#598708,7334400,9437175
#598708,7413841,9437175
#598708,7376952,9437175
598708,7.36872e+06,9437175,193602
#628643,7794337,9437175
#628643,7680664,9437175
#628643,7723103,9437175
#628643,7748431,9437175
#628643,7767775,9437175
#628643,7706989,9437175
628643,7.73688e+06,9437175,75862.8
#660075,8423878,9437175
#660075,8122403,9437175
#660075,8109233,9437175
#660075,8099233,9437175
#660075,8113557,9437175
#660075,8190684,9437175
660075,8.1765e+06,9437175,229173
#693078,8937532,9437175
#693078,8557444,9437175
#693078,8537809,9437175
#693078,8556684,9437175
#693078,8657001,9437175
#693078,8654294,9437175
693078,8.65013e+06,9437175,273987
#727731,9405749,9437175
#727731,9100922,9437175
#727731,9063441,9437175
#727731,9073790,9437175
#727731,9104611,9437175
#727731,9143556,9437175
727731,9.14868e+06,9437175,235525
#764117,10024465,9437175
#764117,9717514,9437175
#764117,9789272,9437175
#764117,9702866,9437175
#764117,9668632,9437175
#764117,9805612,9437175
764117,9.78473e+06,9437175,234703
#802322,10643308,9437175
#802322,10309887,9437175
#802322,10397267,9437175
#802322,10317175,9437175
#802322,10374252,9437175
#802322,10423433,9437175
802322,1.04109e+07,9437175,223140
#842438,11364703,9437175
#842438,11013367,9437175
#842438,11000660,9437175
#842438,11077452,9437175
#842438,11108808,9437175
#842438,11217896,9437175
842438,1.11305e+07,9437175,253446
#884559,12259524,9437175
#884559,11865724,9437175
#884559,11887812,9437175
#884559,12274970,9437175
#884559,12236466,9437175
#884559,12128811,9437175
884559,1.21089e+07,9437175,341517
#928786,14111130,18874359
#928786,13872029,18874359
#928786,13889320,18874359
#928786,13917618,18874359
#928786,13858781,18874359
#928786,13934100,18874359
928786,1.39305e+07,18874359,169439
#975225,14820138,18874359
#975225,14724352,18874359
#975225,14659607,18874359
#975225,14806245,18874359
#975225,14668452,18874359
#975225,14711769,18874359
975225,1.47318e+07,18874359,123901
#1023986,15560538,18874359
#1023986,15560063,18874359
#1023986,15450985,18874359
#1023986,15429976,18874359
#1023986,15424538,18874359
#1023986,15396828,18874359
1023986,1.54705e+07,18874359,130873
#1075185,16412708,18874359
#1075185,16317873,18874359
#1075185,16336463,18874359
#1075185,16274628,18874359
#1075185,16298186,18874359
#1075185,16338579,18874359
1075185,1.63297e+07,18874359,86335.9
#1128944,17512490,18874359
#1128944,17422679,18874359
#1128944,17252315,18874359
#1128944,19631559,18874359
#1128944,17330264,18874359
#1128944,17296667,18874359
1128944,1.7741e+07,18874359,1.69955e+06
#1185391,18342415,18874359
#1185391,18215697,18874359
#1185391,18317663,18874359
#1185391,18178378,18874359
#1185391,18237897,18874359
#1185391,18711288,18874359
1185391,1.83339e+07,18874359,356028
#1244660,19695422,18874359
#1244660,19163525,18874359
#1244660,19250182,18874359
#1244660,19237904,18874359
#1244660,19238316,18874359
#1244660,19352522,18874359
1244660,1.9323e+07,18874359,350920
#1306893,20765415,18874359
#1306893,20367437,18874359
#1306893,20399826,18874359
#1306893,20306820,18874359
#1306893,20375595,18874359
#1306893,20332846,18874359
1306893,2.04247e+07,18874359,310622
#1372237,22265691,18874359
#1372237,21531863,18874359
#1372237,21549658,18874359
#1372237,21671254,18874359
#1372237,21522441,18874359
#1372237,21504070,18874359
1372237,2.16742e+07,18874359,540133
#1440848,23933980,18874359
#1440848,23035243,18874359
#1440848,22864655,18874359
#1440848,22803908,18874359
#1440848,22981203,18874359
#1440848,22770490,18874359
1440848,2.30649e+07,18874359,799198
#1512890,24508456,18874359
#1512890,24351047,18874359
#1512890,24129577,18874359
#1512890,24167805,18874359
#1512890,24203540,18874359
#1512890,24206074,18874359
1512890,2.42611e+07,18874359,260280
#1588534,26249688,18874359
#1588534,25760634,18874359
#1588534,25909380,18874359
#1588534,25764930,18874359
#1588534,25663530,18874359
#1588534,25765443,18874359
1588534,2.58523e+07,18874359,383310
#1667960,28032497,18874359
#1667960,27643206,18874359
#1667960,27683448,18874359
#1667960,27985470,18874359
#1667960,27684437,18874359
#1667960,27651836,18874359
1667960,2.77801e+07,18874359,326155
#1751358,30398893,18874359
#1751358,41040825,18874359
#1751358,39809524,18874359
#1751358,32725387,18874359
#1751358,29949567,18874359
#1751358,29836223,18874359
1751358,3.39601e+07,18874359,9.36838e+06
#1838925,57357390,37748727
#1838925,60814431,37748727
#1838925,62957767,37748727
#1838925,64763413,37748727
#1838925,62952913,37748727
#1838925,70394059,37748727
1838925,6.32067e+07,37748727,7.92234e+06
#1930871,77756736,37748727
#1930871,82241150,37748727
#1930871,85975470,37748727
#1930871,78144422,37748727
#1930871,77904701,37748727
#1930871,88695918,37748727
1930871,8.17864e+07,37748727,8.56607e+06
#2027414,68154913,37748727
#2027414,71245488,37748727
#2027414,74279162,37748727
#2027414,72334033,37748727
#2027414,70575095,37748727
#2027414,69412486,37748727
2027414,7.10002e+07,37748727,3.94868e+06
#2128784,84945415,37748727
#2128784,86632764,37748727
#2128784,86377883,37748727
#2128784,90908663,37748727
#2128784,101659292,37748727
#2128784,88598738,37748727
2128784,8.98538e+07,37748727,1.12133e+07
#2235223,78522095,37748727
#2235223,88852787,37748727
#2235223,88933317,37748727
#2235223,79226353,37748727
#2235223,77958980,37748727
#2235223,77744463,37748727
2235223,8.1873e+07,37748727,9.97207e+06
#2346984,93043412,37748727
#2346984,94527456,37748727
#2346984,93658384,37748727
#2346984,97824381,37748727
#2346984,102293370,37748727
#2346984,93547955,37748727
2346984,9.58158e+07,37748727,6.58973e+06
#2464333,94214026,37748727
#2464333,96100909,37748727
#2464333,95010450,37748727
#2464333,88437672,37748727
#2464333,87288569,37748727
#2464333,90972968,37748727
2464333,9.20041e+07,37748727,6.66956e+06
#2587549,117001432,37748727
#2587549,103745864,37748727
#2587549,103182366,37748727
#2587549,105941716,37748727
#2587549,101875185,37748727
#2587549,104964823,37748727
2587549,1.06119e+08,37748727,1.00683e+07
#2716926,102198684,37748727
#2716926,96889377,37748727
#2716926,94491169,37748727
#2716926,97913677,37748727
#2716926,96828325,37748727
#2716926,96603011,37748727
2716926,9.74874e+07,37748727,4.6854e+06
#2852772,121759117,37748727
#2852772,119684658,37748727
#2852772,118819238,37748727
#2852772,116948259,37748727
#2852772,126445783,37748727
#2852772,115038064,37748727
2852772,1.19783e+08,37748727,7.29321e+06
#2995410,107933084,37748727
#2995410,110251541,37748727
#2995410,117324906,37748727
#2995410,111568888,37748727
#2995410,110046712,37748727
#2995410,109763596,37748727
2995410,1.11148e+08,37748727,5.92171e+06
#3145180,125911504,37748727
#3145180,126288515,37748727
#3145180,131512796,37748727
#3145180,126325370,37748727
#3145180,128966574,37748727
#3145180,130190755,37748727
3145180,1.28199e+08,37748727,4.31513e+06
#3302439,136265156,37748727
#3302439,128341465,37748727
#3302439,126580657,37748727
#3302439,123190157,37748727
#3302439,132230502,37748727
#3302439,124280817,37748727
3302439,1.28481e+08,37748727,9.08908e+06
#3467560,143416441,37748727
#3467560,148652477,37748727
#3467560,139088447,37748727
#3467560,139364131,37748727
#3467560,142013712,37748727
#3467560,140159123,37748727
3467560,1.42116e+08,37748727,6.58257e+06
#3640938,142883519,37748727
#3640938,138309485,37748727
#3640938,143587176,37748727
#3640938,139952180,37748727
#3640938,138091727,37748727
#3640938,138584379,37748727
3640938,1.40235e+08,37748727,4.42399e+06
#3822984,329909619,75497463
#3822984,335407511,75497463
#3822984,391609891,75497463
#3822984,339032443,75497463
#3822984,337209670,75497463
#3822984,339850232,75497463
3822984,3.45503e+08,75497463,4.17414e+07
#4014133,357528438,75497463
#4014133,360892570,75497463
#4014133,350997780,75497463
#4014133,358842785,75497463
#4014133,350778843,75497463
#4014133,354340965,75497463
4014133,3.55564e+08,75497463,7.67016e+06
#4214839,366133212,75497463
#4214839,372306243,75497463
#4214839,374097406,75497463
#4214839,368592725,75497463
#4214839,374093040,75497463
#4214839,368849868,75497463
4214839,3.70679e+08,75497463,6.0195e+06
#4425580,385762081,75497463
#4425580,385104768,75497463
#4425580,390012627,75497463
#4425580,391819698,75497463
#4425580,392336136,75497463
#4425580,386617510,75497463
4425580,3.88609e+08,75497463,5.8035e+06
#4646859,411621648,75497463
#4646859,408958692,75497463
#4646859,414191895,75497463
#4646859,410359673,75497463
#4646859,409681498,75497463
#4646859,414859535,75497463
4646859,4.11612e+08,75497463,4.43754e+06
#4879201,434224566,75497463
#4879201,431285200,75497463
#4879201,429945463,75497463
#4879201,435365614,75497463
#4879201,427098725,75497463
#4879201,427608313,75497463
4879201,4.30921e+08,75497463,6.18256e+06
#5123161,445168451,75497463
#5123161,448443552,75497463
#5123161,455651936,75497463
#5123161,448358828,75497463
#5123161,456517710,75497463
#5123161,447271835,75497463
5123161,4.50235e+08,75497463,8.5633e+06
#5379319,470025694,75497463
#5379319,470758084,75497463
#5379319,472332537,75497463
#5379319,469825991,75497463
#5379319,465166392,75497463
#5379319,473638656,75497463
5379319,4.70291e+08,75497463,5.30038e+06
#5648284,494927324,75497463
#5648284,489554559,75497463
#5648284,498698717,75497463
#5648284,497410200,75497463
#5648284,493316740,75497463
#5648284,419421474,75497463
5648284,4.82222e+08,75497463,5.64763e+07
#5930698,519015665,75497463
#5930698,515273470,75497463
#5930698,514892625,75497463
#5930698,518510848,75497463
#5930698,514132289,75497463
#5930698,523396737,75497463
5930698,5.17537e+08,75497463,6.38643e+06
#6227232,539779318,75497463
#6227232,544842475,75497463
#6227232,539733072,75497463
#6227232,547862000,75497463
#6227232,541201048,75497463
#6227232,544354953,75497463
6227232,5.42962e+08,75497463,5.95219e+06
#6538593,570008010,75497463
#6538593,571620465,75497463
#6538593,592815236,75497463
#6538593,566627873,75497463
#6538593,566704342,75497463
#6538593,561885020,75497463
6538593,5.7161e+08,75497463,1.99281e+07
#6865522,599112962,75497463
#6865522,596550506,75497463
#6865522,597894185,75497463
#6865522,609771958,75497463
#6865522,597529618,75497463
#6865522,596592368,75497463
6865522,5.99575e+08,75497463,9.28238e+06
#7208798,626159342,75497463
#7208798,637200559,75497463
#7208798,624267335,75497463
#7208798,622867928,75497463
#7208798,629461766,75497463
#7208798,630454190,75497463
7208798,6.28402e+08,75497463,9.50439e+06
#7569237,965120014,150994935
#7569237,964257641,150994935
#7569237,962506277,150994935
#7569237,971002482,150994935
#7569237,967250467,150994935
#7569237,967285407,150994935
7569237,9.66237e+08,150994935,5.41109e+06
#7947698,1009026838,150994935
#7947698,1010938341,150994935
#7947698,1015526480,150994935
#7947698,1007203637,150994935
#7947698,1022984849,150994935
#7947698,1008378757,150994935
7947698,1.01234e+09,150994935,1.09082e+07
#8345082,1058910810,150994935
#8345082,1060635680,150994935
#8345082,1056070074,150994935
#8345082,1062730262,150994935
#8345082,1060218233,150994935
#8345082,1061512969,150994935
8345082,1.06001e+09,150994935,4.22885e+06
#8762336,1114301898,150994935
#8762336,1112580507,150994935
#8762336,1079934575,150994935
#8762336,1112421473,150994935
#8762336,1120009599,150994935
#8762336,1111620648,150994935
8762336,1.10848e+09,150994935,2.61264e+07
#9200452,1169226627,150994935
#9200452,1159188536,150994935
#9200452,1170828045,150994935
#9200452,1164429821,150994935
#9200452,1170517666,150994935
#9200452,1165211980,150994935
9200452,1.16657e+09,150994935,8.2334e+06
#9660474,1220338152,150994935
#9660474,1223788790,150994935
#9660474,1226961996,150994935
#9660474,1225364043,150994935
#9660474,1223093584,150994935
#9660474,1192189882,150994935
9660474,1.21862e+09,150994935,2.39903e+07
