#1,601,9
#1,29,9
#1,29,9
#1,30,9
1,172.25,9,495.079
#2,50,27
#2,39,27
#2,39,27
#2,36,27
2,41,27,10.6771
#3,53,27
#3,48,27
#3,61,27
#3,61,27
3,55.75,27,11.0793
#4,60,63
#4,56,63
#4,56,63
#4,56,63
4,57,63,3.4641
#5,70,63
#5,64,63
#5,68,63
#5,66,63
5,67,63,4.47214
#6,75,63
#6,77,63
#6,76,63
#6,74,63
6,75.5,63,2.23607
#7,85,63
#7,87,63
#7,84,63
#7,85,63
7,85.25,63,2.17945
#8,93,135
#8,97,135
#8,99,135
#8,97,135
8,96.5,135,4.3589
#9,99,135
#9,101,135
#9,102,135
#9,105,135
9,101.75,135,4.33013
#10,111,135
#10,112,135
#10,109,135
#10,110,135
10,110.5,135,2.23607
#12,140,135
#12,130,135
#12,127,135
#12,132,135
12,132.25,135,9.63068
#14,180,135
#14,151,135
#14,147,135
#14,161,135
14,159.75,135,25.5098
#16,142,279
#16,152,279
#16,133,279
#16,133,279
16,140,279,15.6844
#19,173,279
#19,174,279
#19,169,279
#19,170,279
19,171.5,279,4.12311
#22,212,279
#22,192,279
#22,183,279
#22,195,279
22,195.5,279,21
#26,263,279
#26,264,279
#26,237,279
#26,235,279
26,249.75,279,27.5454
#31,273,567
#31,284,567
#31,256,567
#31,245,567
31,264.5,567,30.0832
#37,318,567
#37,317,567
#37,317,567
#37,303,567
37,313.75,567,12.4399
#44,353,567
#44,369,567
#44,339,567
#44,342,567
44,350.75,567,23.5106
#52,486,567
#52,451,567
#52,416,567
#52,425,567
52,444.5,567,54.3783
#62,522,1143
#62,470,1143
#62,472,1143
#62,457,1143
62,480.25,1143,49.5656
#74,571,1143
#74,572,1143
#74,614,1143
#74,564,1143
74,580.25,1143,39.4557
#88,693,1143
#88,688,1143
#88,688,1143
#88,689,1143
88,689.5,1143,4.12311
#105,945,1143
#105,920,1143
#105,888,1143
#105,856,1143
105,902.25,1143,66.9683
#126,906,2295
#126,910,2295
#126,908,2295
#126,894,2295
126,904.5,2295,12.4499
#151,1082,2295
#151,1084,2295
#151,1059,2295
#151,1086,2295
151,1077.75,2295,21.8346
#181,1276,2295
#181,1311,2295
#181,1251,2295
#181,1280,2295
181,1279.5,2295,42.6263
#217,1780,2295
#217,1734,2295
#217,1674,2295
#217,1649,2295
217,1709.25,2295,102.424
#260,1772,4599
#260,1780,4599
#260,1799,4599
#260,1782,4599
260,1783.25,4599,19.666
#312,2204,4599
#312,2151,4599
#312,2115,4599
#312,2120,4599
312,2147.5,4599,70.8308
#374,2743,4599
#374,2746,4599
#374,2707,4599
#374,2601,4599
374,2699.25,4599,117.528
#448,3594,4599
#448,3487,4599
#448,3282,4599
#448,3190,4599
448,3388.25,4599,320.432
#537,3847,9207
#537,3770,9207
#537,3727,9207
#537,3701,9207
537,3761.25,9207,110.602
#644,4484,9207
#644,4505,9207
#644,4426,9207
#644,4465,9207
644,4470,9207,58.155
#772,5658,9207
#772,5609,9207
#772,5440,9207
#772,5405,9207
772,5528,9207,215.253
#926,6287,18423
#926,6221,18423
#926,6231,18423
#926,6196,18423
926,6233.75,18423,66.5639
#1111,7583,18423
#1111,7593,18423
#1111,7535,18423
#1111,7580,18423
1111,7572.75,18423,44.6402
#1333,9340,18423
#1333,9286,18423
#1333,9202,18423
#1333,9168,18423
1333,9249,18423,135.72
#1599,11553,18423
#1599,11440,18423
#1599,11194,18423
#1599,11078,18423
1599,11316.2,18423,378.25
#1918,13119,36855
#1918,13036,36855
#1918,13033,36855
#1918,12985,36855
1918,13043.2,36855,96.3782
#2301,15722,36855
#2301,15721,36855
#2301,15659,36855
#2301,15688,36855
2301,15697.5,36855,52.2015
#2761,19287,36855
#2761,19238,36855
#2761,19535,36855
#2761,19416,36855
2761,19369,36855,231.625
#3313,25081,36855
#3313,24229,36855
#3313,23891,36855
#3313,23562,36855
3313,24190.8,36855,1131.01
#3975,27333,73719
#3975,27212,73719
#3975,27159,73719
#3975,27439,73719
3975,27285.8,73719,217.308
#4770,33094,73719
#4770,33222,73719
#4770,45600,73719
#4770,33793,73719
4770,36427.2,73719,10604.8
#5724,42171,73719
#5724,41938,73719
#5724,41494,73719
#5724,41437,73719
5724,41760,73719,612.936
#6868,55984,73719
#6868,54546,73719
#6868,53374,73719
#6868,66292,73719
6868,57549,73719,10263.4
#8241,60942,147447
#8241,61026,147447
#8241,60944,147447
#8241,60926,147447
8241,60959.5,147447,78.0449
#9889,72504,147447
#9889,71642,147447
#9889,72152,147447
#9889,71858,147447
9889,72039,147447,647.583
#11866,94967,147447
#11866,94281,147447
#11866,93732,147447
#11866,92844,147447
11866,93956,147447,1553.86
#14239,128558,147447
#14239,126469,147447
#14239,125195,147447
#14239,124637,147447
14239,126215,147447,3014.08
#17086,129981,294903
#17086,128977,294903
#17086,129396,294903
#17086,129212,294903
17086,129392,294903,742.672
#20503,161625,294903
#20503,160729,294903
#20503,160486,294903
#20503,160514,294903
20503,160838,294903,927.431
#24603,201821,294903
#24603,201033,294903
#24603,199738,294903
#24603,199493,294903
24603,200521,294903,1903.16
#29523,243249,589815
#29523,242767,589815
#29523,242355,589815
#29523,242104,589815
29523,242619,589815,868.173
#35427,288274,589815
#35427,288169,589815
#35427,287730,589815
#35427,305171,589815
35427,292336,589815,14826.2
#42512,363111,589815
#42512,361557,589815
#42512,361450,589815
#42512,360774,589815
42512,361723,589815,1711.5
#51014,457905,589815
#51014,456027,589815
#51014,454788,589815
#51014,455218,589815
51014,455984,589815,2389.41
#61216,543088,1179639
#61216,543587,1179639
#61216,540493,1179639
#61216,540132,1179639
61216,541825,1179639,3056.19
#73459,676026,1179639
#73459,673709,1179639
#73459,672858,1179639
#73459,674052,1179639
73459,674161,1179639,2322.12
#88150,826161,1179639
#88150,823959,1179639
#88150,822335,1179639
#88150,825639,1179639
88150,824524,1179639,3005.65
#105780,1022753,1179639
#105780,1025176,1179639
#105780,1021032,1179639
#105780,1021069,1179639
105780,1.02251e+06,1179639,3380.47
#126936,1237435,2359287
#126936,1229238,2359287
#126936,1219878,2359287
#126936,1220126,2359287
126936,1.22667e+06,2359287,14540.8
#152323,1535215,2359287
#152323,1502878,2359287
#152323,1491004,2359287
#152323,1488905,2359287
152323,1.5045e+06,2359287,37032.3
#182787,1864740,2359287
#182787,1838068,2359287
#182787,1827403,2359287
#182787,1821462,2359287
182787,1.83792e+06,2359287,33178.4
#219344,2402505,2359287
#219344,2380011,2359287
#219344,2365950,2359287
#219344,2358308,2359287
219344,2.37669e+06,2359287,33625.7
#263212,2715674,4718583
#263212,2767500,4718583
#263212,2719041,4718583
#263212,2667876,4718583
263212,2.71752e+06,4718583,70485.8
#315854,3375632,4718583
#315854,3271261,4718583
#315854,3224096,4718583
#315854,3261364,4718583
315854,3.28309e+06,4718583,112500
#379024,4166907,4718583
#379024,4084834,4718583
#379024,4074186,4718583
#379024,4055563,4718583
379024,4.09537e+06,4718583,85216.8
#454828,5460207,4718583
#454828,5337348,4718583
#454828,5392929,4718583
#454828,5410156,4718583
454828,5.40016e+06,4718583,87767.9
#545793,6420446,9437175
#545793,6255933,9437175
#545793,6387265,9437175
#545793,6417987,9437175
545793,6.37041e+06,9437175,134745
#654951,9042188,9437175
#654951,9484850,9437175
#654951,10281249,9437175
#654951,10298683,9437175
654951,9.77674e+06,9437175,1.07318e+06
#785941,17595396,9437175
#785941,16280007,9437175
#785941,17290346,9437175
#785941,25789674,9437175
785941,1.92389e+07,9437175,7.62664e+06
#943129,17650445,18874359
#943129,17244754,18874359
#943129,18083608,18874359
#943129,25983260,18874359
943129,1.97405e+07,18874359,7.23287e+06
#1131754,36425304,18874359
#1131754,19586754,18874359
#1131754,19919100,18874359
#1131754,21919767,18874359
1131754,2.44627e+07,18874359,1.3928e+07
#1358104,28913365,18874359
#1358104,24608177,18874359
#1358104,24929038,18874359
#1358104,23961713,18874359
1358104,2.56031e+07,18874359,3.88539e+06
#1629724,37204868,18874359
#1629724,32336202,18874359
#1629724,31482825,18874359
#1629724,33584654,18874359
1629724,3.36521e+07,18874359,4.36624e+06
#1955668,72518303,37748727
#1955668,71707162,37748727
#1955668,73009555,37748727
#1955668,65305993,37748727
1955668,7.06353e+07,37748727,6.2236e+06
#2346801,67811843,37748727
#2346801,67107541,37748727
#2346801,69499537,37748727
#2346801,66986989,37748727
2346801,6.78515e+07,37748727,2.00461e+06
#2816161,90334341,37748727
#2816161,91841158,37748727
#2816161,89475562,37748727
#2816161,95912359,37748727
2816161,9.18909e+07,37748727,4.94281e+06
#3379393,100973075,37748727
#3379393,99135159,37748727
#3379393,99937877,37748727
#3379393,99609244,37748727
3379393,9.99138e+07,37748727,1.3497e+06
#4055271,258918618,75497463
#4055271,250799998,75497463
#4055271,251062142,75497463
#4055271,252268621,75497463
4055271,2.53262e+08,75497463,6.62457e+06
#4866325,320688012,75497463
#4866325,319536152,75497463
#4866325,298378122,75497463
#4866325,316362315,75497463
4866325,3.13741e+08,75497463,1.80204e+07
#5839590,352994022,75497463
#5839590,358184048,75497463
#5839590,351253007,75497463
#5839590,351333983,75497463
5839590,3.53441e+08,75497463,5.65006e+06
#7007508,454050097,75497463
#7007508,485688553,75497463
#7007508,468607325,75497463
#7007508,580745145,75497463
7007508,4.97273e+08,75497463,9.89532e+07
#8409009,727904283,150994935
#8409009,729698545,150994935
#8409009,724514588,150994935
#8409009,722829398,150994935
8409009,7.26237e+08,150994935,5.41669e+06
