#1,388,256
#1,66,256
#1,29,256
#1,31,256
1,128.5,256,301.086
#2,60,256
#2,38,256
#2,38,256
#2,39,256
2,43.75,256,18.7816
#3,51,256
#3,46,256
#3,49,256
#3,46,256
3,48,256,4.24264
#4,57,256
#4,60,256
#4,58,256
#4,111,256
4,71.5,256,45.6618
#5,67,256
#5,64,256
#5,66,256
#5,67,256
5,66,256,2.44949
#6,78,256
#6,81,256
#6,74,256
#6,76,256
6,77.25,256,5.17204
#7,120,256
#7,97,256
#7,83,256
#7,83,256
7,95.75,256,30.2448
#8,118,256
#8,103,256
#8,97,256
#8,96,256
8,103.5,256,17.5784
#9,116,256
#9,122,256
#9,105,256
#9,102,256
9,111.25,256,16.2096
#10,153,256
#10,116,256
#10,116,256
#10,107,256
10,123,256,35.4119
#12,133,256
#12,125,256
#12,128,256
#12,126,256
12,128,256,6.16441
#14,176,384
#14,154,384
#14,129,384
#14,128,384
14,146.75,384,39.6831
#16,197,384
#16,148,384
#16,147,384
#16,144,384
16,159,384,43.9773
#19,232,384
#19,201,384
#19,181,384
#19,176,384
19,197.5,384,44.0114
#22,244,384
#22,229,384
#22,405,384
#22,290,384
22,292,384,138.007
#26,363,640
#26,254,640
#26,237,640
#26,274,640
26,282,640,97.1288
#31,339,640
#31,261,640
#31,254,640
#31,253,640
31,276.75,640,72.144
#37,508,640
#37,490,640
#37,410,640
#37,357,640
37,441.25,640,122.093
#44,461,896
#44,424,896
#44,393,896
#44,364,896
44,410.5,896,72.118
#52,512,1152
#52,440,1152
#52,442,1152
#52,432,1152
52,456.5,1152,64.5213
#62,655,1152
#62,598,1152
#62,544,1152
#62,476,1152
62,568.25,1152,132.321
#74,837,1408
#74,704,1408
#74,610,1408
#74,606,1408
74,689.25,1408,187.773
#88,820,1536
#88,784,1536
#88,707,1536
#88,671,1536
88,745.5,1536,118.596
#105,975,1792
#105,937,1792
#105,851,1792
#105,809,1792
105,893,1792,132.212
#126,1104,1920
#126,1071,1920
#126,937,1920
#126,943,1920
126,1013.75,1920,149.395
#151,1352,2176
#151,1257,2176
#151,1188,2176
#151,1105,2176
151,1225.5,2176,181.441
#181,1784,2560
#181,1678,2560
#181,1515,2560
#181,1393,2560
181,1592.5,2560,299.648
#217,1971,2944
#217,1835,2944
#217,1607,2944
#217,1594,2944
217,1751.75,2944,317.551
#260,2373,3328
#260,2263,3328
#260,2016,3328
#260,1991,3328
260,2160.75,3328,324.458
#312,3297,3840
#312,3073,3840
#312,2595,3840
#312,2469,3840
312,2858.5,3840,677.816
#374,3678,4480
#374,3214,4480
#374,2767,4480
#374,2726,4480
374,3096.25,4480,773.168
#448,4255,5248
#448,3900,5248
#448,3486,5248
#448,3422,5248
448,3765.75,5248,673.656
#537,5119,6144
#537,4579,6144
#537,4121,6144
#537,4020,6144
537,4459.75,6144,870.036
#644,5971,7296
#644,5614,7296
#644,5122,7296
#644,4994,7296
644,5425.25,7296,781.925
#772,7511,8576
#772,6866,8576
#772,6257,8576
#772,6034,8576
772,6667,8576,1149.23
#926,9087,10112
#926,8328,10112
#926,7548,10112
#926,7462,10112
926,8106.25,10112,1318.24
#1111,11156,12032
#1111,10595,12032
#1111,9579,12032
#1111,9660,12032
1111,10247.5,12032,1318.4
#1333,13918,14208
#1333,12691,14208
#1333,11939,14208
#1333,11482,14208
1333,12507.5,14208,1843.37
#1599,15841,16896
#1599,15033,16896
#1599,13953,16896
#1599,13732,16896
1599,14639.8,16896,1700.97
#1918,20621,20224
#1918,19412,20224
#1918,18303,20224
#1918,17921,20224
1918,19064.2,20224,2104.98
#2301,25792,24064
#2301,23819,24064
#2301,22844,24064
#2301,21708,24064
2301,23540.8,24064,2998.33
#2761,29676,28800
#2761,27533,28800
#2761,26259,28800
#2761,24946,28800
2761,27103.5,28800,3488.58
#3313,35038,34304
#3313,33290,34304
#3313,31349,34304
#3313,43514,34304
3313,35797.8,34304,9284.28
#3975,44234,41088
#3975,42519,41088
#3975,39835,41088
#3975,39107,41088
3975,41423.8,41088,4121.72
#4770,54348,49152
#4770,51928,49152
#4770,49375,49152
#4770,48568,49152
4770,51054.8,49152,4540.21
#5724,65099,58880
#5724,62467,58880
#5724,60707,58880
#5724,58729,58880
5724,61750.5,58880,4684.46
#6868,78799,70528
#6868,76180,70528
#6868,74344,70528
#6868,73023,70528
6868,75586.5,70528,4334.48
#8241,93869,84480
#8241,91712,84480
#8241,88756,84480
#8241,102590,84480
8241,94231.8,84480,10311.4
#9889,116405,101120
#9889,114006,101120
#9889,111762,101120
#9889,110858,101120
9889,113258,101120,4296.64
#11866,140108,121216
#11866,138584,121216
#11866,136372,121216
#11866,135136,121216
11866,137550,121216,3850.66
#14239,169225,145408
#14239,170202,145408
#14239,166555,145408
#14239,165193,145408
14239,167794,145408,4018.28
#17086,225210,174336
#17086,207250,174336
#17086,206154,174336
#17086,205785,174336
17086,211100,174336,16328.7
#20503,269279,209024
#20503,260356,209024
#20503,254911,209024
#20503,255113,209024
20503,259915,209024,11661
#24603,325620,250624
#24603,324233,250624
#24603,322783,250624
#24603,321692,250624
24603,323582,250624,2964.41
#29523,397739,300672
#29523,396789,300672
#29523,382093,300672
#29523,401595,300672
29523,394554,300672,14832.1
#35427,476580,360576
#35427,475402,360576
#35427,474232,360576
#35427,474552,360576
35427,475192,360576,1817.1
#42512,598560,432512
#42512,597773,432512
#42512,595634,432512
#42512,607452,432512
42512,599855,432512,9030.12
#51014,710637,518912
#51014,711328,518912
#51014,712094,518912
#51014,707902,518912
51014,710490,518912,3161.39
#61216,879206,622592
#61216,875298,622592
#61216,873429,622592
#61216,872656,622592
61216,875147,622592,5065.07
#73459,1073709,747008
#73459,1075271,747008
#73459,1076738,747008
#73459,1072797,747008
73459,1.07463e+06,747008,3010.43
#88150,1295121,896256
#88150,1296934,896256
#88150,1294064,896256
#88150,1293920,896256
88150,1.29501e+06,896256,2407.72
#105780,1571777,1075328
#105780,1573939,1075328
#105780,1568302,1075328
#105780,1570701,1075328
105780,1.57118e+06,1075328,4059.66
#126936,1933332,1290240
#126936,1902145,1290240
#126936,1884074,1290240
#126936,1887795,1290240
126936,1.90184e+06,1290240,38790.9
#152323,2282436,1548160
#152323,2343391,1548160
#152323,2292325,1548160
#152323,2292005,1548160
152323,2.30254e+06,1548160,47836.3
#182787,2783781,1857536
#182787,2704376,1857536
#182787,2689970,1857536
#182787,2779938,1857536
182787,2.73952e+06,1857536,85340.2
#219344,3389424,2228992
#219344,3289254,2228992
#219344,3380599,2228992
#219344,3303013,2228992
219344,3.34057e+06,2228992,89626.4
#263212,4318802,2674560
#263212,3956842,2674560
#263212,3947483,2674560
#263212,3954379,2674560
263212,4.04438e+06,2674560,316954
#315854,5279668,3209344
#315854,4820875,3209344
#315854,4754318,3209344
#315854,4838170,3209344
315854,4.92326e+06,3209344,416282
#379024,6347038,3851136
#379024,5799584,3851136
#379024,5745913,3851136
#379024,5724762,3851136
379024,5.90432e+06,3851136,514104
#454828,7729383,4621184
#454828,7151220,4621184
#454828,7091016,4621184
#454828,7083030,4621184
454828,7.26366e+06,4621184,540346
#545793,9290920,5545216
#545793,8613935,5545216
#545793,8622722,5545216
#545793,8629241,5545216
545793,8.7892e+06,5545216,579433
#654951,12382976,6654208
#654951,11378868,6654208
#654951,11512502,6654208
#654951,11387162,6654208
654951,1.16654e+07,6654208,835350
#785941,18592646,7984896
#785941,17421670,7984896
#785941,17635311,7984896
#785941,17614404,7984896
785941,1.7816e+07,7984896,912121
#943129,29699649,9581696
#943129,28111494,9581696
#943129,28038600,9581696
#943129,28353849,9581696
943129,2.85509e+07,9581696,1.34684e+06
#1131754,43669580,11497856
#1131754,43611311,11497856
#1131754,43695766,11497856
#1131754,45089258,11497856
1131754,4.40165e+07,11497856,1.24025e+06
#1358104,64187986,13797376
#1358104,63450823,13797376
#1358104,63653944,13797376
#1358104,63579793,13797376
1358104,6.37181e+07,13797376,561671
#1629724,88743858,16556672
#1629724,87966026,16556672
#1629724,88933816,16556672
#1629724,88910523,16556672
1629724,8.86386e+07,16556672,790272
#1955668,119404336,19867776
#1955668,119793666,19867776
#1955668,120045891,19867776
#1955668,120182379,19867776
1955668,1.19857e+08,19867776,592002
#2346801,158048250,23841280
#2346801,158510466,23841280
#2346801,159730320,23841280
#2346801,159995232,23841280
2346801,1.59071e+08,23841280,1.62761e+06
#2816161,207022522,28609280
#2816161,205433777,28609280
#2816161,206646012,28609280
#2816161,206096791,28609280
2816161,2.063e+08,28609280,1.19725e+06
#3379393,263034034,34331008
#3379393,265794060,34331008
#3379393,265673002,34331008
#3379393,264081263,34331008
3379393,2.64646e+08,34331008,2.30003e+06
#4055271,335591639,41197056
#4055271,334557286,41197056
#4055271,334778669,41197056
#4055271,334978364,41197056
4055271,3.34976e+08,41197056,770245
#4866325,419505096,49436416
#4866325,420885137,49436416
#4866325,420061938,49436416
#4866325,421420696,49436416
4866325,4.20468e+08,49436416,1.47435e+06
#5839590,559133619,59323520
#5839590,528143308,59323520
#5839590,524519358,59323520
#5839590,526535381,59323520
5839590,5.34583e+08,59323520,2.84648e+07
#7007508,650675200,71188096
#7007508,650854849,71188096
#7007508,650375636,71188096
#7007508,650885040,71188096
7007508,6.50698e+08,71188096,404998
#8409009,809808372,85425536
#8409009,807456836,85425536
#8409009,811116643,85425536
#8409009,810711831,85425536
8409009,8.09773e+08,85425536,2.83772e+06
