#1,1150,40
#1,700,40
#1,844,40
#1,623,40
1,829.25,40,402.918
#2,1200,40
#2,925,40
#2,765,40
#2,873,40
2,940.75,40,320.838
#3,955,40
#3,491,40
#3,1140,40
#3,766,40
3,838,40,480.09
#4,852,40
#4,742,40
#4,809,40
#4,1158,40
4,890.25,40,318.956
#5,1179,80
#5,1418,80
#5,852,80
#5,811,80
5,1065,80,497.484
#6,860,80
#6,738,80
#6,574,80
#6,908,80
6,770,80,258.039
#7,849,80
#7,1140,80
#7,632,80
#7,878,80
7,874.75,80,360.498
#8,2579,80
#8,2064,80
#8,1289,80
#8,1413,80
8,1836.25,80,1040.27
#9,1037,160
#9,910,160
#9,740,160
#9,788,160
9,868.75,160,230.449
#10,1344,160
#10,848,160
#10,803,160
#10,630,160
10,906.25,160,531.03
#12,2367,160
#12,1671,160
#12,1599,160
#12,1685,160
12,1830.5,160,622.925
#14,1811,160
#14,1770,160
#14,1634,160
#14,4279,160
14,2373.5,160,2204.18
#16,3002,160
#16,2064,160
#16,2021,160
#16,1820,160
16,2226.75,160,913.936
#19,1767,320
#19,1772,320
#19,1643,320
#19,1276,320
19,1614.5,320,404.298
#22,1732,320
#22,1473,320
#22,1519,320
#22,1358,320
22,1520.5,320,270.919
#26,1367,320
#26,1489,320
#26,1443,320
#26,1205,320
26,1376,320,215.824
#31,3354,320
#31,2084,320
#31,2493,320
#31,2136,320
31,2516.75,320,1016.76
#37,2724,640
#37,2865,640
#37,2020,640
#37,2212,640
37,2455.25,640,699.096
#44,3612,640
#44,2493,640
#44,3214,640
#44,2289,640
44,2902,640,1069.81
#52,4015,640
#52,2994,640
#52,3315,640
#52,2478,640
52,3200.5,640,1114.08
#62,4931,640
#62,3897,640
#62,3811,640
#62,3388,640
62,4006.75,640,1134.66
#74,4469,1280
#74,3152,1280
#74,3052,1280
#74,3568,1280
74,3560.25,1280,1118.42
#88,5149,1280
#88,4113,1280
#88,3667,1280
#88,3883,1280
88,4203,1280,1136.97
#105,6228,1280
#105,5083,1280
#105,4568,1280
#105,4882,1280
105,5190.25,1280,1253.25
#126,613097,2560
#126,599965,2560
#126,609279,2560
#126,603397,2560
126,606434,2560,10176.5
#151,7699,2560
#151,6400,2560
#151,7416,2560
#151,5841,2560
151,6839,2560,1503.75
#181,9355,2560
#181,8011,2560
#181,7206,2560
#181,6678,2560
181,7812.5,2560,2018.33
#217,12383,2560
#217,10504,2560
#217,21896,2560
#217,9444,2560
217,13556.8,2560,9856.71
#260,11311,5120
#260,10628,5120
#260,9153,5120
#260,9889,5120
260,10245.2,5120,1613.15
#312,13429,5120
#312,12254,5120
#312,11158,5120
#312,11131,5120
312,11993,5120,1889.57
#374,17374,5120
#374,16067,5120
#374,15377,5120
#374,14712,5120
374,15882.5,5120,1970.84
#448,24994,5120
#448,50079,5120
#448,22299,5120
#448,21843,5120
448,29803.8,5120,23535.4
#537,23116,10240
#537,21753,10240
#537,20910,10240
#537,20322,10240
537,21525.2,10240,2099.69
#644,28681,10240
#644,26011,10240
#644,25233,10240
#644,25776,10240
644,26425.2,10240,2665.14
#772,35208,10240
#772,35666,10240
#772,35117,10240
#772,34352,10240
772,35085.8,10240,943.928
#926,49624,10240
#926,48704,10240
#926,48287,10240
#926,48311,10240
926,48731.5,10240,1082.46
#1111,44432,20480
#1111,43461,20480
#1111,43398,20480
#1111,43254,20480
1111,43636.2,20480,931.026
#1333,57691,20480
#1333,56588,20480
#1333,55900,20480
#1333,57104,20480
1333,56820.8,20480,1318.91
#1599,73935,20480
#1599,71328,20480
#1599,70036,20480
#1599,70447,20480
1599,71436.5,20480,3032.29
#1918,110935,20480
#1918,113176,20480
#1918,109643,20480
#1918,109044,20480
1918,110700,20480,3169.45
#2301,95546,40960
#2301,138131,40960
#2301,91233,40960
#2301,91560,40960
2301,104118,40960,39421.9
#2761,120492,40960
#2761,118331,40960
#2761,116766,40960
#2761,117313,40960
2761,118226,40960,2847.97
#3313,202323,40960
#3313,150651,40960
#3313,156229,40960
#3313,153166,40960
3313,165592,40960,42596.6
#3975,1011218,81920
#3975,986538,81920
#3975,990055,81920
#3975,1062472,81920
3975,1.01257e+06,81920,60635.2
#4770,210108,81920
#4770,204272,81920
#4770,201604,81920
#4770,195796,81920
4770,202945,81920,10294.5
#5724,271035,81920
#5724,251963,81920
#5724,264200,81920
#5724,253788,81920
5724,260246,81920,15567.6
#6868,360985,81920
#6868,346994,81920
#6868,430050,81920
#6868,354883,81920
6868,373228,81920,66358.1
#8241,372002,163840
#8241,418314,163840
#8241,471391,163840
#8241,407365,163840
8241,417268,163840,71256.4
#9889,465026,163840
#9889,456460,163840
#9889,554883,163840
#9889,463233,163840
9889,484900,163840,81061
#11866,593695,163840
#11866,587566,163840
#11866,595396,163840
#11866,606783,163840
11866,595860,163840,13892.6
#14239,830545,163840
#14239,829027,163840
#14239,821631,163840
#14239,835425,163840
14239,829157,163840,9893.03
#17086,918736,327680
#17086,893075,327680
#17086,878949,327680
#17086,823587,327680
17086,878587,327680,69620.2
#20503,1023896,327680
#20503,1020275,327680
#20503,1000466,327680
#20503,1015256,327680
20503,1.01497e+06,327680,17840
#24603,1293956,327680
#24603,1308247,327680
#24603,1316104,327680
#24603,1303474,327680
24603,1.30545e+06,327680,16042.1
#29523,1941122,327680
#29523,2049408,327680
#29523,1894259,327680
#29523,1941798,327680
29523,1.95665e+06,327680,113835
#35427,1981816,655360
#35427,1945374,655360
#35427,1874255,655360
#35427,1884641,655360
35427,1.92152e+06,655360,88310
#42512,2399446,655360
#42512,2391436,655360
#42512,2326565,655360
#42512,2279429,655360
42512,2.34922e+06,655360,98432.1
#51014,3108741,655360
#51014,2987510,655360
#51014,2912609,655360
#51014,2987519,655360
51014,2.99909e+06,655360,140607
#61216,4669123,655360
#61216,4628257,655360
#61216,4745945,655360
#61216,4726508,655360
61216,4.69246e+06,655360,93201.7
#73459,4279649,1310720
#73459,4133093,1310720
#73459,4156330,1310720
#73459,4157022,1310720
73459,4.18152e+06,1310720,114931
#88150,5082365,1310720
#88150,4986694,1310720
#88150,5055106,1310720
#88150,5139412,1310720
88150,5.06589e+06,1310720,109842
#105780,6681616,1310720
#105780,6752342,1310720
#105780,6633773,1310720
#105780,6596024,1310720
105780,6.66594e+06,1310720,116765
#126936,15504456,2621440
#126936,15805436,2621440
#126936,15509091,2621440
#126936,17208621,2621440
126936,1.60069e+07,2621440,1.40889e+06
#152323,13865527,2621440
#152323,12851507,2621440
#152323,15147216,2621440
#152323,13029931,2621440
152323,1.37235e+07,2621440,1.81344e+06
#182787,21742255,2621440
#182787,17234558,2621440
#182787,16261904,2621440
#182787,16067630,2621440
182787,1.78266e+07,2621440,4.60707e+06
#219344,21119799,2621440
#219344,21479075,2621440
#219344,21498219,2621440
#219344,21149648,2621440
219344,2.13117e+07,2621440,354811
#263212,28933432,5242880
#263212,29407964,5242880
#263212,28534573,5242880
#263212,28623183,5242880
263212,2.88748e+07,5242880,683204
#315854,35682947,5242880
#315854,34765099,5242880
#315854,35674208,5242880
#315854,35381109,5242880
315854,3.53758e+07,5242880,745902
#379024,45291634,5242880
#379024,44429799,5242880
#379024,44695951,5242880
#379024,44613803,5242880
379024,4.47578e+07,5242880,645851
#454828,60488597,5242880
#454828,76260783,5242880
#454828,61162026,5242880
#454828,60903697,5242880
454828,6.47038e+07,5242880,1.33535e+07
#545793,69134927,10485760
#545793,68541271,10485760
#545793,69572134,10485760
#545793,68633567,10485760
545793,6.89705e+07,10485760,828710
#654951,85217358,10485760
#654951,128975898,10485760
#654951,118786994,10485760
#654951,110107580,10485760
654951,1.10772e+08,10485760,3.23899e+07
#785941,152940757,10485760
#785941,156152024,10485760
#785941,168973292,10485760
#785941,198462100,10485760
785941,1.69132e+08,10485760,3.59293e+07
#943129,305529470,10485760
#943129,216621608,10485760
#943129,232228942,10485760
#943129,209560753,10485760
943129,2.40985e+08,10485760,7.63133e+07
#1131754,194227959,20971520
#1131754,206693472,20971520
#1131754,278457262,20971520
#1131754,209413261,20971520
1131754,2.22198e+08,20971520,6.59641e+07
#1358104,253200474,20971520
#1358104,219581363,20971520
#1358104,278510527,20971520
#1358104,252178978,20971520
1358104,2.50868e+08,20971520,4.18345e+07
#1629724,256072259,20971520
#1629724,247897881,20971520
#1629724,248207053,20971520
#1629724,291155443,20971520
1629724,2.60833e+08,20971520,3.56209e+07
#1955668,520058389,20971520
#1955668,465830985,20971520
#1955668,410103198,20971520
#1955668,471243223,20971520
1955668,4.66809e+08,20971520,7.79209e+07
#2346801,439450620,41943040
#2346801,425191283,41943040
#2346801,356857467,41943040
#2346801,352080173,41943040
2346801,3.93395e+08,41943040,7.8575e+07
#2816161,538268983,41943040
#2816161,414935164,41943040
#2816161,453204412,41943040
#2816161,432412970,41943040
2816161,4.59705e+08,41943040,9.46771e+07
#3379393,864169807,41943040
#3379393,1033644806,41943040
#3379393,1714439510,41943040
#3379393,1632764825,41943040
3379393,1.31125e+09,41943040,7.36803e+08
#4055271,2471681186,83886080
#4055271,2773167014,83886080
#4055271,1351095848,83886080
#4055271,1204165767,83886080
4055271,1.95003e+09,83886080,1.36554e+09
#4866325,798142279,83886080
#4866325,819523699,83886080
#4866325,865088164,83886080
#4866325,1118029411,83886080
4866325,9.00196e+08,83886080,2.56139e+08
#5839590,1261574664,83886080
#5839590,1016829543,83886080
#5839590,1343920732,83886080
#5839590,975793283,83886080
5839590,1.14953e+09,83886080,3.13266e+08
#7007508,1263632796,83886080
#7007508,1386078055,83886080
#7007508,1454043898,83886080
#7007508,1355661241,83886080
7007508,1.36485e+09,83886080,1.36878e+08
#8409009,1586395479,167772160
#8409009,1423304031,167772160
#8409009,1502547993,167772160
#8409009,1408152854,167772160
8409009,1.4801e+09,167772160,1.42144e+08
