#1,296,256
#1,60,256
#1,37,256
#1,28,256
#1,28,256
#1,29,256
#1,30,256
#1,28,256
#1,30,256
#1,27,256
1,59.3,256,158.924
#2,57,256
#2,34,256
#2,38,256
#2,34,256
#2,35,256
#2,35,256
#2,37,256
#2,38,256
#2,37,256
#2,38,256
2,38.3,256,12.839
#3,56,256
#3,48,256
#3,45,256
#3,44,256
#3,43,256
#3,41,256
#3,43,256
#3,50,256
#3,44,256
#3,42,256
3,45.6,256,8.63481
#4,52,256
#4,51,256
#4,53,256
#4,50,256
#4,52,256
#4,51,256
#4,52,256
#4,51,256
#4,51,256
#4,51,256
4,51.4,256,1.6
#5,59,256
#5,63,256
#5,62,256
#5,62,256
#5,58,256
#5,58,256
#5,58,256
#5,57,256
#5,63,256
#5,60,256
5,60,256,4.38178
#6,67,256
#6,68,256
#6,69,256
#6,68,256
#6,67,256
#6,69,256
#6,66,256
#6,67,256
#6,65,256
#6,71,256
6,67.7,256,3.2311
#7,77,256
#7,76,256
#7,77,256
#7,76,256
#7,77,256
#7,74,256
#7,77,256
#7,79,256
#7,77,256
#7,75,256
7,76.5,256,2.56905
#8,95,256
#8,87,256
#8,91,256
#8,86,256
#8,87,256
#8,85,256
#8,83,256
#8,85,256
#8,84,256
#8,81,256
8,86.4,256,7.65245
#10,111,256
#10,108,256
#10,116,256
#10,149,256
#10,113,256
#10,107,256
#10,111,256
#10,103,256
#10,103,256
#10,109,256
10,113,256,25.219
#12,133,256
#12,143,256
#12,131,256
#12,142,256
#12,131,256
#12,126,256
#12,125,256
#12,128,256
#12,128,256
#12,124,256
12,131.1,256,12.6
#15,203,384
#15,147,384
#15,300,384
#15,262,384
#15,215,384
#15,164,384
#15,163,384
#15,170,384
#15,173,384
#15,171,384
15,196.8,384,93.6367
#18,184,384
#18,163,384
#18,159,384
#18,164,384
#18,165,384
#18,160,384
#18,147,384
#18,171,384
#18,153,384
#18,151,384
18,161.7,384,20.1802
#22,203,384
#22,202,384
#22,181,384
#22,184,384
#22,179,384
#22,189,384
#22,196,384
#22,177,384
#22,174,384
#22,169,384
22,185.4,384,22.2926
#27,284,640
#27,231,640
#27,230,640
#27,218,640
#27,211,640
#27,219,640
#27,214,640
#27,214,640
#27,213,640
#27,210,640
27,224.4,640,42.097
#33,279,640
#33,264,640
#33,248,640
#33,251,640
#33,245,640
#33,255,640
#33,245,640
#33,249,640
#33,247,640
#33,245,640
33,252.8,640,20.7229
#41,359,896
#41,294,896
#41,282,896
#41,287,896
#41,285,896
#41,285,896
#41,286,896
#41,288,896
#41,285,896
#41,287,896
41,293.8,896,43.8616
#51,510,896
#51,438,896
#51,407,896
#51,406,896
#51,399,896
#51,400,896
#51,401,896
#51,397,896
#51,402,896
#51,400,896
51,416,896,66.5853
#63,581,1152
#63,539,1152
#63,512,1152
#63,496,1152
#63,503,1152
#63,461,1152
#63,472,1152
#63,452,1152
#63,471,1152
#63,460,1152
63,494.7,1152,77.5115
#78,755,1536
#78,732,1536
#78,613,1536
#78,587,1536
#78,584,1536
#78,562,1536
#78,565,1536
#78,578,1536
#78,560,1536
#78,577,1536
78,611.3,1536,135.718
#97,777,1664
#97,776,1664
#97,710,1664
#97,658,1664
#97,656,1664
#97,663,1664
#97,673,1664
#97,673,1664
#97,679,1664
#97,659,1664
97,692.4,1664,89.1659
#121,1636,1920
#121,13997,1920
#121,1536,1920
#121,1454,1920
#121,1439,1920
#121,1425,1920
#121,1475,1920
#121,1517,1920
#121,1461,1920
#121,1478,1920
121,2741.8,1920,7504.36
#151,2021,2176
#151,1909,2176
#151,1841,2176
#151,1930,2176
#151,1853,2176
#151,1844,2176
#151,1890,2176
#151,1916,2176
#151,1859,2176
#151,1813,2176
151,1887.6,2176,114.046
#188,2783,2560
#188,2558,2560
#188,2329,2560
#188,2287,2560
#188,2249,2560
#188,2272,2560
#188,2265,2560
#188,2274,2560
#188,2237,2560
#188,2250,2560
188,2350.4,2560,338.949
#235,2985,3072
#235,2856,3072
#235,2698,3072
#235,2683,3072
#235,2726,3072
#235,2648,3072
#235,2710,3072
#235,2797,3072
#235,2795,3072
#235,2729,3072
235,2762.7,3072,188.993
#293,3908,3584
#293,3626,3584
#293,3326,3584
#293,3142,3584
#293,3047,3584
#293,3180,3584
#293,3129,3584
#293,3229,3584
#293,3186,3584
#293,3318,3584
293,3309.1,3584,500.705
#366,4657,4352
#366,4161,4352
#366,4259,4352
#366,3972,4352
#366,4115,4352
#366,4178,4352
#366,3750,4352
#366,4005,4352
#366,4006,4352
#366,4151,4352
366,4125.4,4352,446.522
#457,5242,5248
#457,4955,5248
#457,4538,5248
#457,4803,5248
#457,4382,5248
#457,4501,5248
#457,4369,5248
#457,4548,5248
#457,4482,5248
#457,4357,5248
457,4617.7,5248,553.705
#571,6598,6400
#571,5904,6400
#571,5550,6400
#571,5406,6400
#571,5202,6400
#571,5388,6400
#571,5255,6400
#571,4998,6400
#571,5451,6400
#571,5359,6400
571,5511.1,6400,851.958
#713,7878,7808
#713,7013,7808
#713,6585,7808
#713,6647,7808
#713,6269,7808
#713,6479,7808
#713,6285,7808
#713,6203,7808
#713,6249,7808
#713,6183,7808
713,6579.1,7808,996.001
#891,10137,9472
#891,8934,9472
#891,7977,9472
#891,7943,9472
#891,7589,9472
#891,7887,9472
#891,7667,9472
#891,7513,9472
#891,7725,9472
#891,7869,9472
891,8124.1,9472,1537.72
#1113,13360,11648
#1113,12440,11648
#1113,11070,11648
#1113,10197,11648
#1113,10284,11648
#1113,10268,11648
#1113,10135,11648
#1113,9965,11648
#1113,9957,11648
#1113,9899,11648
1113,10757.5,11648,2269.17
#1391,13976,14464
#1391,12730,14464
#1391,11709,14464
#1391,23968,14464
#1391,11918,14464
#1391,11373,14464
#1391,11633,14464
#1391,11578,14464
#1391,11265,14464
#1391,11296,14464
1391,13144.6,14464,7386.54
#1738,19129,17920
#1738,17258,17920
#1738,16185,17920
#1738,15410,17920
#1738,15277,17920
#1738,15129,17920
#1738,15302,17920
#1738,14918,17920
#1738,14829,17920
#1738,14838,17920
1738,15827.5,17920,2616.77
#2172,23861,22144
#2172,21545,22144
#2172,21110,22144
#2172,20172,22144
#2172,19291,22144
#2172,19152,22144
#2172,19170,22144
#2172,19145,22144
#2172,18576,22144
#2172,18756,22144
2172,20077.8,22144,3144.04
#2715,30371,27520
#2715,28180,27520
#2715,27443,27520
#2715,38182,27520
#2715,25580,27520
#2715,25121,27520
#2715,24711,27520
#2715,24656,27520
#2715,24462,27520
#2715,24146,27520
2715,27285.2,27520,8198.63
#3393,40748,34304
#3393,38308,34304
#3393,35916,34304
#3393,34876,34304
#3393,33397,34304
#3393,34036,34304
#3393,33451,34304
#3393,33179,34304
#3393,32907,34304
#3393,32913,34304
3393,34973.1,34304,5011.19
#4241,49331,42624
#4241,46476,42624
#4241,44630,42624
#4241,43031,42624
#4241,42562,42624
#4241,41707,42624
#4241,41360,42624
#4241,41057,42624
#4241,41359,42624
#4241,40592,42624
4241,43210.5,42624,5336.62
#5301,78830,53120
#5301,60376,53120
#5301,57978,53120
#5301,55524,53120
#5301,54854,53120
#5301,67426,53120
#5301,54262,53120
#5301,54286,53120
#5301,54258,53120
#5301,54546,53120
5301,59234,53120,15269.4
#6626,80686,66176
#6626,77538,66176
#6626,74711,66176
#6626,72797,66176
#6626,72792,66176
#6626,71534,66176
#6626,71122,66176
#6626,70042,66176
#6626,69945,66176
#6626,70362,66176
6626,73152.9,66176,6727.98
#8282,114725,82560
#8282,101856,82560
#8282,100060,82560
#8282,99360,82560
#8282,97439,82560
#8282,95676,82560
#8282,95335,82560
#8282,94969,82560
#8282,94825,82560
#8282,94711,82560
8282,98895.6,82560,11585.7
#10352,128548,103040
#10352,130429,103040
#10352,124268,103040
#10352,134633,103040
#10352,119199,103040
#10352,117822,103040
#10352,117236,103040
#10352,117262,103040
#10352,116611,103040
#10352,116170,103040
10352,122218,103040,12832.2
#12940,164556,128640
#12940,162490,128640
#12940,160799,128640
#12940,159218,128640
#12940,158891,128640
#12940,158669,128640
#12940,159423,128640
#12940,158038,128640
#12940,157784,128640
#12940,157263,128640
12940,159713,128640,4334.5
#16175,204727,160640
#16175,203325,160640
#16175,202495,160640
#16175,200641,160640
#16175,202360,160640
#16175,200774,160640
#16175,201633,160640
#16175,199876,160640
#16175,200773,160640
#16175,200966,160640
16175,201757,160640,2796.21
#20218,266492,200576
#20218,265826,200576
#20218,263920,200576
#20218,265263,200576
#20218,263605,200576
#20218,261615,200576
#20218,279783,200576
#20218,269222,200576
#20218,269954,200576
#20218,281272,200576
20218,268695,200576,12754.4
#25272,337871,250496
#25272,336952,250496
#25272,337069,250496
#25272,337433,250496
#25272,335872,250496
#25272,335224,250496
#25272,335756,250496
#25272,335398,250496
#25272,335732,250496
#25272,335558,250496
25272,336286,250496,1798.9
#31590,435248,312960
#31590,431149,312960
#31590,429155,312960
#31590,430933,312960
#31590,443267,312960
#31590,441662,312960
#31590,444378,312960
#31590,440940,312960
#31590,441554,312960
#31590,441761,312960
31590,438005,312960,10953.3
#39487,553487,391040
#39487,550276,391040
#39487,549233,391040
#39487,550767,391040
#39487,551350,391040
#39487,550373,391040
#39487,545696,391040
#39487,551397,391040
#39487,548504,391040
#39487,547171,391040
39487,549825,391040,4279.53
#49358,705154,488576
#49358,704187,488576
#49358,707516,488576
#49358,704468,488576
#49358,704882,488576
#49358,707504,488576
#49358,706129,488576
#49358,704752,488576
#49358,704735,488576
#49358,706383,488576
49358,705571,488576,2335.86
#61697,912759,610560
#61697,911676,610560
#61697,914130,610560
#61697,913593,610560
#61697,918544,610560
#61697,891764,610560
#61697,909718,610560
#61697,907551,610560
#61697,909251,610560
#61697,908456,610560
61697,909744,610560,13480.5
#77121,1127248,763008
#77121,1124178,763008
#77121,1125528,763008
#77121,1128161,763008
#77121,1125579,763008
#77121,1123326,763008
#77121,1126333,763008
#77121,1125528,763008
#77121,1125871,763008
#77121,1126049,763008
77121,1.12578e+06,763008,2605.12
#96401,1421987,953600
#96401,1422322,953600
#96401,1417184,953600
#96401,1419841,953600
#96401,1417740,953600
#96401,1419024,953600
#96401,1420575,953600
#96401,1421169,953600
#96401,1420321,953600
#96401,1419590,953600
96401,1.41998e+06,953600,3182.29
#120501,1847996,1191808
#120501,1820800,1191808
#120501,1811563,1191808
#120501,1805474,1191808
#120501,1812340,1191808
#120501,1810626,1191808
#120501,1813448,1191808
#120501,1813032,1191808
#120501,1813158,1191808
#120501,1811068,1191808
120501,1.81595e+06,1191808,22514.4
#150626,2334763,1489536
#150626,2283474,1489536
#150626,2266049,1489536
#150626,2253945,1489536
#150626,2275972,1489536
#150626,2258268,1489536
#150626,2258224,1489536
#150626,2262332,1489536
#150626,2259684,1489536
#150626,2262192,1489536
150626,2.27149e+06,1489536,45453.8
#188282,2947654,1861760
#188282,2862251,1861760
#188282,2845019,1861760
#188282,2841851,1861760
#188282,2843634,1861760
#188282,2842813,1861760
#188282,2835009,1861760
#188282,2846726,1861760
#188282,2838296,1861760
#188282,2844419,1861760
188282,2.85477e+06,1861760,63391.2
#235352,3873309,2326912
#235352,3647007,2326912
#235352,3599044,2326912
#235352,3602116,2326912
#235352,3594046,2326912
#235352,3597718,2326912
#235352,3589790,2326912
#235352,3593741,2326912
#235352,3592512,2326912
#235352,3592071,2326912
235352,3.62814e+06,2326912,166493
#294190,4945143,2908544
#294190,4575900,2908544
#294190,4544223,2908544
#294190,4540807,2908544
#294190,4546562,2908544
#294190,4540186,2908544
#294190,4533805,2908544
#294190,4527634,2908544
#294190,4537180,2908544
#294190,4540142,2908544
294190,4.58316e+06,2908544,242540
#367737,6239646,3635456
#367737,5617292,3635456
#367737,5639350,3635456
#367737,5678534,3635456
#367737,5688039,3635456
#367737,5736628,3635456
#367737,5693737,3635456
#367737,5689813,3635456
#367737,5687083,3635456
#367737,5703015,3635456
367737,5.73731e+06,3635456,340634
#459671,7858783,4544128
#459671,7193677,4544128
#459671,7247461,4544128
#459671,7216969,4544128
#459671,7298332,4544128
#459671,7352346,4544128
#459671,7326121,4544128
#459671,7303552,4544128
#459671,7278944,4544128
#459671,7240622,4544128
459671,7.33168e+06,4544128,363630
#574588,10756424,5680000
#574588,9609915,5680000
#574588,9655442,5680000
#574588,10150643,5680000
#574588,9594027,5680000
#574588,9623828,5680000
#574588,9551772,5680000
#574588,9679841,5680000
#574588,9538481,5680000
#574588,9760717,5680000
574588,9.79211e+06,5680000,724860
#718235,16293245,7099904
#718235,14617189,7099904
#718235,14789001,7099904
#718235,15058239,7099904
#718235,15025021,7099904
#718235,15227083,7099904
#718235,15016861,7099904
#718235,14965874,7099904
#718235,15440731,7099904
#718235,15070387,7099904
718235,1.51504e+07,7099904,870331
#897793,26672549,8874624
#897793,26031149,8874624
#897793,26348867,8874624
#897793,25120540,8874624
#897793,25819513,8874624
#897793,25307010,8874624
#897793,25912410,8874624
#897793,25200853,8874624
#897793,25843559,8874624
#897793,25573469,8874624
897793,2.5783e+07,8874624,947216
#1122241,44047434,11093120
#1122241,42782117,11093120
#1122241,44651626,11093120
#1122241,42903289,11093120
#1122241,43324716,11093120
#1122241,43900850,11093120
#1122241,43463398,11093120
#1122241,43777242,11093120
#1122241,43681274,11093120
#1122241,43110870,11093120
1122241,4.35643e+07,11093120,1.07887e+06
#1402801,68770636,13866240
#1402801,68313749,13866240
#1402801,69866965,13866240
#1402801,68579483,13866240
#1402801,68836627,13866240
#1402801,68444497,13866240
#1402801,68765339,13866240
#1402801,68505378,13866240
#1402801,69194809,13866240
#1402801,69028087,13866240
1402801,6.88306e+07,13866240,857586
#1753501,103412814,17332608
#1753501,102169251,17332608
#1753501,101787633,17332608
#1753501,102933253,17332608
#1753501,101650609,17332608
#1753501,101917699,17332608
#1753501,103068862,17332608
#1753501,103131651,17332608
#1753501,102181885,17332608
#1753501,102462017,17332608
1753501,1.02472e+08,17332608,1.18583e+06
#2191876,145612609,21665536
#2191876,145851149,21665536
#2191876,146295269,21665536
#2191876,145346279,21665536
#2191876,146316366,21665536
#2191876,148260855,21665536
#2191876,146183599,21665536
#2191876,145913137,21665536
#2191876,146461076,21665536
#2191876,145786851,21665536
2191876,1.46203e+08,21665536,1.5214e+06
#2739845,202104082,27081856
#2739845,202362802,27081856
#2739845,202337187,27081856
#2739845,201824994,27081856
#2739845,202211102,27081856
#2739845,202616464,27081856
#2739845,203784750,27081856
#2739845,202037793,27081856
#2739845,201337251,27081856
#2739845,201798965,27081856
2739845,2.02242e+08,27081856,1.23197e+06
#3424806,273609989,33852032
#3424806,273680250,33852032
#3424806,273457731,33852032
#3424806,272953862,33852032
#3424806,274395533,33852032
#3424806,276028005,33852032
#3424806,276587543,33852032
#3424806,273558578,33852032
#3424806,273782889,33852032
#3424806,275268300,33852032
3424806,2.74332e+08,33852032,2.31119e+06
#4281007,366087356,42314880
#4281007,382614309,42314880
#4281007,385872551,42314880
#4281007,386464451,42314880
#4281007,366640340,42314880
#4281007,370352239,42314880
#4281007,366068630,42314880
#4281007,366548580,42314880
#4281007,367665086,42314880
#4281007,371199242,42314880
4281007,3.72951e+08,42314880,1.61989e+07
#5351258,482169377,52893440
#5351258,481448139,52893440
#5351258,481184319,52893440
#5351258,485940572,52893440
#5351258,481074076,52893440
#5351258,480348558,52893440
#5351258,480909325,52893440
#5351258,481372969,52893440
#5351258,481740855,52893440
#5351258,484774555,52893440
5351258,4.82096e+08,52893440,3.42734e+06
#6689072,626177035,66116608
#6689072,633519361,66116608
#6689072,628934650,66116608
#6689072,631575542,66116608
#6689072,628910298,66116608
#6689072,626576336,66116608
#6689072,627919556,66116608
#6689072,628820936,66116608
#6689072,630626834,66116608
#6689072,630874194,66116608
6689072,6.29393e+08,66116608,4.32315e+06
#8361340,817560105,82645632
#8361340,822433952,82645632
#8361340,818865582,82645632
#8361340,818572844,82645632
#8361340,820024994,82645632
#8361340,821209839,82645632
#8361340,820971619,82645632
#8361340,842635923,82645632
#8361340,819364380,82645632
#8361340,817841111,82645632
8361340,8.21948e+08,82645632,1.41012e+07
