#1,440,32
#1,54,32
#1,32,32
#1,31,32
#1,31,32
1,117.6,32,322.879
#2,94,32
#2,40,32
#2,39,32
#2,40,32
#2,53,32
2,53.2,32,42.0932
#3,61,48
#3,48,48
#3,48,48
#3,50,48
#3,49,48
3,51.2,48,9.91161
#4,77,48
#4,95,48
#4,57,48
#4,57,48
#4,55,48
4,68.2,48,31.2512
#5,81,64
#5,69,64
#5,63,64
#5,66,64
#5,66,64
5,69,64,12.5857
#6,202,64
#6,103,64
#6,74,64
#6,75,64
#6,76,64
6,106,64,98.4276
#7,88,80
#7,108,80
#7,100,80
#7,91,80
#7,91,80
7,95.6,80,14.7838
#8,118,80
#8,105,80
#8,91,80
#8,92,80
#8,92,80
8,99.6,80,21.113
#9,145,96
#9,128,96
#9,99,96
#9,100,96
#9,99,96
9,114.2,96,37.9768
#10,180,96
#10,140,96
#10,123,96
#10,112,96
#10,105,96
10,132,96,53.5014
#11,119,112
#11,120,112
#11,120,112
#11,118,112
#11,116,112
11,118.6,112,2.99333
#12,146,112
#12,135,112
#12,136,112
#12,137,112
#12,136,112
12,138,112,8.09938
#13,179,128
#13,133,128
#13,130,128
#13,131,128
#13,132,128
13,141,128,38.0526
#14,185,128
#14,162,128
#14,140,128
#14,140,128
#14,155,128
14,156.4,128,33.3371
#15,295,256
#15,227,256
#15,159,256
#15,149,256
#15,149,256
15,195.8,256,115.061
#16,327,256
#16,243,256
#16,194,256
#16,160,256
#16,161,256
16,217,256,125.507
#17,332,256
#17,214,256
#17,197,256
#17,167,256
#17,168,256
17,215.6,256,121.738
#18,301,256
#18,230,256
#18,190,256
#18,178,256
#18,178,256
18,215.4,256,93.7367
#19,270,256
#19,219,256
#19,206,256
#19,206,256
#19,183,256
19,216.8,256,58.04
#20,319,256
#20,201,256
#20,201,256
#20,205,256
#20,203,256
20,225.8,256,93.2472
#21,336,256
#21,243,256
#21,200,256
#21,198,256
#21,195,256
21,234.4,256,107.544
#22,353,256
#22,247,256
#22,230,256
#22,216,256
#22,214,256
22,252,256,103.73
#23,370,256
#23,256,256
#23,221,256
#23,243,256
#23,222,256
23,262.4,256,110.783
#24,365,256
#24,294,256
#24,250,256
#24,234,256
#24,233,256
24,275.2,256,100.123
#25,368,512
#25,239,512
#25,244,512
#25,228,512
#25,230,512
25,261.8,512,106.841
#26,381,512
#26,257,512
#26,237,512
#26,234,512
#26,233,512
26,268.4,512,113.952
#27,411,512
#27,300,512
#27,266,512
#27,264,512
#27,265,512
27,301.2,512,113.105
#28,409,512
#28,337,512
#28,294,512
#28,275,512
#28,265,512
28,316,512,105.284
#29,407,512
#29,269,512
#29,279,512
#29,263,512
#29,263,512
29,296.2,512,111.416
#30,408,512
#30,342,512
#30,315,512
#30,313,512
#30,305,512
30,336.6,512,75.6265
#31,433,512
#31,369,512
#31,311,512
#31,294,512
#31,282,512
31,337.8,512,112.381
#32,429,512
#32,343,512
#32,308,512
#32,311,512
#32,310,512
32,340.2,512,92.4978
#33,462,512
#33,368,512
#33,344,512
#33,357,512
#33,341,512
33,374.4,512,89.6982
#34,512,512
#34,418,512
#34,314,512
#34,305,512
#34,307,512
34,371.2,512,164.416
#35,463,512
#35,369,512
#35,360,512
#35,364,512
#35,351,512
35,381.4,512,82.4485
#36,453,512
#36,447,512
#36,368,512
#36,334,512
#36,329,512
36,386.2,512,107.654
#37,472,512
#37,480,512
#37,393,512
#37,377,512
#37,345,512
37,413.4,512,106.918
#38,478,512
#38,434,512
#38,366,512
#38,349,512
#38,337,512
38,392.8,512,108.469
#39,674,512
#39,555,512
#39,395,512
#39,416,512
#39,364,512
39,480.8,512,233.298
#40,505,512
#40,466,512
#40,411,512
#40,397,512
#40,374,512
40,430.6,512,95.9383
#42,516,512
#42,426,512
#42,417,512
#42,405,512
#42,403,512
42,433.4,512,84.2719
#44,617,512
#44,545,512
#44,401,512
#44,392,512
#44,390,512
44,469,512,188.624
#46,631,512
#46,543,512
#46,464,512
#46,462,512
#46,449,512
46,509.8,512,138.191
#48,677,512
#48,670,512
#48,530,512
#48,492,512
#48,450,512
48,563.8,512,186.206
#50,670,1024
#50,589,1024
#50,467,1024
#50,442,1024
#50,456,1024
50,524.8,1024,179.187
#52,664,1024
#52,666,1024
#52,575,1024
#52,495,1024
#52,500,1024
52,580,1024,149.939
#54,648,1024
#54,627,1024
#54,576,1024
#54,521,1024
#54,517,1024
54,577.8,1024,106.864
#56,679,1024
#56,682,1024
#56,555,1024
#56,502,1024
#56,488,1024
56,581.2,1024,168.216
#58,682,1024
#58,661,1024
#58,587,1024
#58,528,1024
#58,547,1024
58,601,1024,121.99
#60,857,1024
#60,730,1024
#60,577,1024
#60,567,1024
#60,545,1024
60,655.2,1024,240.594
#63,790,1024
#63,698,1024
#63,637,1024
#63,612,1024
#63,600,1024
63,667.4,1024,140.009
#66,800,1024
#66,786,1024
#66,644,1024
#66,605,1024
#66,610,1024
66,689,1024,172.167
#69,760,1024
#69,739,1024
#69,722,1024
#69,714,1024
#69,681,1024
69,723.2,1024,52.6938
#72,895,1024
#72,795,1024
#72,726,1024
#72,705,1024
#72,637,1024
72,751.6,1024,175.288
#75,886,1024
#75,876,1024
#75,798,1024
#75,750,1024
#75,732,1024
75,808.4,1024,126.324
#78,870,1024
#78,873,1024
#78,793,1024
#78,753,1024
#78,721,1024
78,802,1024,122.337
#81,969,1024
#81,949,1024
#81,829,1024
#81,788,1024
#81,809,1024
81,868.8,1024,150.095
#85,1082,1024
#85,994,1024
#85,858,1024
#85,788,1024
#85,765,1024
85,897.4,1024,244.064
#89,1086,1024
#89,1004,1024
#89,874,1024
#89,823,1024
#89,810,1024
89,919.4,1024,215.843
#93,1033,1024
#93,1059,1024
#93,948,1024
#93,925,1024
#93,899,1024
93,972.8,1024,124.582
#97,976,2048
#97,979,2048
#97,949,2048
#97,875,2048
#97,879,2048
97,931.6,2048,91.6131
#101,1050,2048
#101,1007,2048
#101,951,2048
#101,915,2048
#101,928,2048
101,970.2,2048,101.661
#106,1173,2048
#106,1124,2048
#106,1078,2048
#106,1011,2048
#106,994,2048
106,1076,2048,134.658
#111,1108,2048
#111,1097,2048
#111,1082,2048
#111,1045,2048
#111,1044,2048
111,1075.2,2048,52.7848
#116,1097,2048
#116,1078,2048
#116,1077,2048
#116,1057,2048
#116,1088,2048
116,1079.4,2048,26.7313
#121,1128,2048
#121,1128,2048
#121,1090,2048
#121,1075,2048
#121,1074,2048
121,1099,2048,48.695
#127,1207,2048
#127,1207,2048
#127,1172,2048
#127,1143,2048
#127,1142,2048
127,1174.2,2048,57.736
#133,1402,2048
#133,1332,2048
#133,1287,2048
#133,1241,2048
#133,1221,2048
133,1296.6,2048,130.418
#139,1431,2048
#139,1403,2048
#139,1327,2048
#139,1250,2048
#139,1249,2048
139,1332,2048,150.944
#145,1440,2048
#145,1435,2048
#145,1385,2048
#145,1345,2048
#145,1334,2048
145,1387.8,2048,88.0309
#152,1558,2048
#152,1567,2048
#152,1488,2048
#152,1443,2048
#152,1433,2048
152,1497.8,2048,112.11
#159,1584,2048
#159,1594,2048
#159,1537,2048
#159,1504,2048
#159,1475,2048
159,1538.8,2048,91.1035
#166,1949,2048
#166,1906,2048
#166,1688,2048
#166,1629,2048
#166,1593,2048
166,1753,2048,292.61
#174,1966,2048
#174,1911,2048
#174,1743,2048
#174,1674,2048
#174,1660,2048
174,1790.8,2048,250.086
#182,2200,2048
#182,2122,2048
#182,1838,2048
#182,1710,2048
#182,1692,2048
182,1912.4,2048,421.163
#191,2378,2048
#191,2223,2048
#191,1880,2048
#191,1824,2048
#191,1798,2048
191,2020.6,2048,470.465
#200,1817,4096
#200,1802,4096
#200,1789,4096
#200,1807,4096
#200,1792,4096
200,1801.4,4096,20.3411
#210,2007,4096
#210,2005,4096
#210,1964,4096
#210,1921,4096
#210,1909,4096
210,1961.2,4096,81.8037
#220,2025,4096
#220,2018,4096
#220,2034,4096
#220,1980,4096
#220,1980,4096
220,2007.4,4096,45.8798
#231,2275,4096
#231,2255,4096
#231,2102,4096
#231,2078,4096
#231,2092,4096
231,2160.4,4096,171.956
#242,2396,4096
#242,2408,4096
#242,2305,4096
#242,2253,4096
#242,2228,4096
242,2318,4096,146.09
#254,2479,4096
#254,2500,4096
#254,2394,4096
#254,2327,4096
#254,2328,4096
254,2405.6,4096,145.968
#266,2806,4096
#266,2747,4096
#266,2607,4096
#266,2541,4096
#266,2521,4096
266,2644.4,4096,226.202
#279,2764,4096
#279,2723,4096
#279,2669,4096
#279,2647,4096
#279,2633,4096
279,2687.2,4096,98.2438
#292,2762,4096
#292,2783,4096
#292,2707,4096
#292,2643,4096
#292,2648,4096
292,2708.6,4096,114.421
#306,3033,4096
#306,2926,4096
#306,2821,4096
#306,2784,4096
#306,2807,4096
306,2874.2,4096,186.296
#321,3355,4096
#321,3282,4096
#321,3090,4096
#321,3041,4096
#321,3000,4096
321,3153.6,4096,279.092
#337,3618,4096
#337,3506,4096
#337,3226,4096
#337,3196,4096
#337,3112,4096
337,3331.6,4096,390.08
#353,3690,4096
#353,3702,4096
#353,3436,4096
#353,3358,4096
#353,3338,4096
353,3504.8,4096,319.115
#370,3826,4096
#370,3767,4096
#370,3557,4096
#370,3517,4096
#370,3483,4096
370,3630,4096,278.413
#388,3624,8192
#388,3592,8192
#388,3525,8192
#388,3490,8192
#388,3468,8192
388,3539.8,8192,118.891
#407,3845,8192
#407,3782,8192
#407,3734,8192
#407,3659,8192
#407,3667,8192
407,3737.4,8192,140.517
#427,3928,8192
#427,3934,8192
#427,3833,8192
#427,3843,8192
#427,3840,8192
427,3875.6,8192,90.7797
#448,4190,8192
#448,4193,8192
#448,4065,8192
#448,4041,8192
#448,4045,8192
448,4106.8,8192,139.28
#470,4347,8192
#470,4315,8192
#470,4251,8192
#470,4205,8192
#470,4183,8192
470,4260.2,8192,125.312
#493,4738,8192
#493,4651,8192
#493,4596,8192
#493,4574,8192
#493,4531,8192
493,4618,8192,142.767
#517,17711,8192
#517,5033,8192
#517,4874,8192
#517,4863,8192
#517,4831,8192
517,7462.4,8192,10249.6
#542,5465,8192
#542,5416,8192
#542,5135,8192
#542,5060,8192
#542,5081,8192
542,5231.4,8192,346.338
#569,5660,8192
#569,5618,8192
#569,5391,8192
#569,5311,8192
#569,5278,8192
569,5451.6,8192,315.845
#597,5991,8192
#597,5867,8192
#597,5722,8192
#597,5628,8192
#597,5634,8192
597,5768.4,8192,281.711
#626,6151,8192
#626,6135,8192
#626,5985,8192
#626,5928,8192
#626,5929,8192
626,6025.6,8192,196.365
#657,6870,8192
#657,6626,8192
#657,6332,8192
#657,6351,8192
#657,6271,8192
657,6490,8192,451.789
#689,6916,8192
#689,6787,8192
#689,6549,8192
#689,6492,8192
#689,6458,8192
689,6640.4,8192,358.991
#723,7937,8192
#723,7533,8192
#723,7180,8192
#723,7131,8192
#723,7028,8192
723,7361.8,8192,668.076
#759,8146,8192
#759,7655,8192
#759,7300,8192
#759,7260,8192
#759,7223,8192
759,7516.8,8192,701.004
#796,7574,16384
#796,7455,16384
#796,7440,16384
#796,7412,16384
#796,7370,16384
796,7450.2,16384,136.66
#835,7846,16384
#835,7768,16384
#835,7710,16384
#835,7720,16384
#835,7659,16384
835,7740.6,16384,126.109
#876,8172,16384
#876,8089,16384
#876,8094,16384
#876,8130,16384
#876,8082,16384
876,8113.4,16384,67.3332
#919,8654,16384
#919,11345,16384
#919,8515,16384
#919,8460,16384
#919,8464,16384
919,9087.6,16384,2261.77
#964,9300,16384
#964,9351,16384
#964,9223,16384
#964,9158,16384
#964,9165,16384
964,9239.4,16384,151.148
#1012,9904,16384
#1012,9862,16384
#1012,9707,16384
#1012,9603,16384
#1012,9670,16384
1012,9749.2,16384,229.982
#1062,10311,16384
#1062,10259,16384
#1062,10275,16384
#1062,10238,16384
#1062,10236,16384
1062,10263.8,16384,55.2435
#1115,11108,16384
#1115,11013,16384
#1115,10890,16384
#1115,10786,16384
#1115,10755,16384
1115,10910.4,16384,267.751
#1170,11496,16384
#1170,11389,16384
#1170,11410,16384
#1170,11289,16384
#1170,11340,16384
1170,11384.8,16384,139.148
#1228,12189,16384
#1228,12084,16384
#1228,11904,16384
#1228,11867,16384
#1228,11862,16384
1228,11981.2,16384,263.756
#1289,13061,16384
#1289,12901,16384
#1289,12611,16384
#1289,12539,16384
#1289,12435,16384
1289,12709.4,16384,468.485
#1353,13375,16384
#1353,13291,16384
#1353,13143,16384
#1353,12984,16384
#1353,12988,16384
1353,13156.2,16384,315.167
#1420,14599,16384
#1420,14154,16384
#1420,13658,16384
#1420,13734,16384
#1420,13731,16384
1420,13975.2,16384,715.275
#1491,16151,16384
#1491,15481,16384
#1491,14961,16384
#1491,14875,16384
#1491,14822,16384
1491,15258,16384,1008.83
#1565,14485,32768
#1565,14555,32768
#1565,14524,32768
#1565,14487,32768
#1565,14517,32768
1565,14513.6,32768,51.8398
#1643,15643,32768
#1643,15603,32768
#1643,15527,32768
#1643,15510,32768
#1643,15490,32768
1643,15554.6,32768,116.897
#1725,16219,32768
#1725,16261,32768
#1725,16203,32768
#1725,16127,32768
#1725,16199,32768
1725,16201.8,32768,86.7401
#1811,17221,32768
#1811,17199,32768
#1811,17208,32768
#1811,17092,32768
#1811,17136,32768
1811,17171.2,32768,98.4634
#1901,18003,32768
#1901,18049,32768
#1901,17885,32768
#1901,17932,32768
#1901,17868,32768
1901,17947.4,32768,138.128
#1996,19193,32768
#1996,19145,32768
#1996,18996,32768
#1996,18940,32768
#1996,18923,32768
1996,19039.4,32768,219.193
#2095,20087,32768
#2095,20002,32768
#2095,19836,32768
#2095,19839,32768
#2095,19862,32768
2095,19925.2,32768,202.897
#2199,21197,32768
#2199,21196,32768
#2199,21028,32768
#2199,20999,32768
#2199,20937,32768
2199,21071.4,32768,212.583
#2308,23264,32768
#2308,23013,32768
#2308,22790,32768
#2308,22791,32768
#2308,22805,32768
2308,22932.6,32768,371.975
#2423,24736,32768
#2423,24356,32768
#2423,23956,32768
#2423,23873,32768
#2423,23795,32768
2423,24143.2,32768,707.667
#2544,26035,32768
#2544,25640,32768
#2544,25345,32768
#2544,25272,32768
#2544,25182,32768
2544,25494.8,32768,621.497
#2671,27569,32768
#2671,31400,32768
#2671,26938,32768
#2671,26722,32768
#2671,26622,32768
2671,27850.2,32768,3610.38
#2804,29805,32768
#2804,28842,32768
#2804,28323,32768
#2804,28167,32768
#2804,27954,32768
2804,28618.2,32768,1323.77
#2944,32305,32768
#2944,31237,32768
#2944,30317,32768
#2944,30065,32768
#2944,29753,32768
2944,30735.4,32768,1855.77
#3091,30192,65536
#3091,30120,65536
#3091,30025,65536
#3091,30001,65536
#3091,29983,65536
3091,30064.2,65536,158.923
#3245,31468,65536
#3245,31537,65536
#3245,31395,65536
#3245,31418,65536
#3245,31377,65536
3245,31439,65536,115.468
#3407,33360,65536
#3407,33232,65536
#3407,33224,65536
#3407,33151,65536
#3407,33168,65536
3407,33227,65536,146.915
#3577,35113,65536
#3577,34999,65536
#3577,34906,65536
#3577,34973,65536
#3577,34922,65536
3577,34982.6,65536,146.711
#3755,36995,65536
#3755,36821,65536
#3755,36674,65536
#3755,36753,65536
#3755,36694,65536
3755,36787.4,65536,231.505
#3942,38994,65536
#3942,38855,65536
#3942,38631,65536
#3942,38542,65536
#3942,38614,65536
3942,38727.2,65536,339.273
#4139,42354,65536
#4139,42245,65536
#4139,41946,65536
#4139,41824,65536
#4139,41707,65536
4139,42015.2,65536,493.094
#4345,44495,65536
#4345,44376,65536
#4345,44099,65536
#4345,44094,65536
#4345,44032,65536
4345,44219.2,65536,364.218
#4562,48681,65536
#4562,48327,65536
#4562,47971,65536
#4562,47726,65536
#4562,47839,65536
4562,48108.8,65536,700.48
#4790,51551,65536
#4790,51314,65536
#4790,51107,65536
#4790,50844,65536
#4790,50770,65536
4790,51117.2,65536,581.173
#5029,54411,65536
#5029,54107,65536
#5029,53720,65536
#5029,53260,65536
#5029,53250,65536
5029,53749.6,65536,918.855
#5280,58308,65536
#5280,57483,65536
#5280,69250,65536
#5280,54898,65536
#5280,54799,65536
5280,58947.6,65536,10669.7
#5544,60483,65536
#5544,59339,65536
#5544,58218,65536
#5544,57953,65536
#5544,57844,65536
5544,58767.4,65536,2017.48
#5821,65795,65536
#5821,64238,65536
#5821,62928,65536
#5821,62499,65536
#5821,61671,65536
5821,63426.2,65536,2892.59
#6112,71522,65536
#6112,69782,65536
#6112,68009,65536
#6112,66736,65536
#6112,66418,65536
6112,68493.4,65536,3843.26
#6417,66126,131072
#6417,65746,131072
#6417,65786,131072
#6417,65729,131072
#6417,65833,131072
6417,65844,131072,290.982
#6737,73263,131072
#6737,73040,131072
#6737,72813,131072
#6737,72800,131072
#6737,72808,131072
6737,72944.8,131072,365.915
#7073,75249,131072
#7073,75000,131072
#7073,75124,131072
#7073,75178,131072
#7073,74886,131072
7073,75087.4,131072,259.018
#7426,78906,131072
#7426,78770,131072
#7426,78608,131072
#7426,78523,131072
#7426,78615,131072
7426,78684.4,131072,272.965
#7797,83708,131072
#7797,86234,131072
#7797,83133,131072
#7797,83126,131072
#7797,83153,131072
7797,83870.8,131072,2404.25
#8186,88079,131072
#8186,87898,131072
#8186,87646,131072
#8186,87607,131072
#8186,87574,131072
8186,87760.8,131072,391.717
#8595,92708,131072
#8595,92491,131072
#8595,92029,131072
#8595,91976,131072
#8595,91897,131072
8595,92220.2,131072,639.957
#9024,97560,131072
#9024,97309,131072
#9024,96648,131072
#9024,96600,131072
#9024,96400,131072
9024,96903.4,131072,897.252
#9475,103036,131072
#9475,116262,131072
#9475,102274,131072
#9475,101950,131072
#9475,101900,131072
9475,105084,131072,11207.1
#9948,125406,131072
#9948,112298,131072
#9948,111786,131072
#9948,111298,131072
#9948,111004,131072
9948,114358,131072,11082.6
#10445,119860,131072
#10445,118680,131072
#10445,118027,131072
#10445,117156,131072
#10445,116931,131072
10445,118131,131072,2133.97
#10967,128133,131072
#10967,126763,131072
#10967,125627,131072
#10967,128230,131072
#10967,124683,131072
10967,126687,131072,2773.76
#11515,137772,131072
#11515,148559,131072
#11515,130528,131072
#11515,129991,131072
#11515,129477,131072
11515,135265,131072,14608.8
#12090,144943,131072
#12090,142527,131072
#12090,140833,131072
#12090,139699,131072
#12090,139073,131072
12090,141415,131072,4238.08
#12694,154301,262144
#12694,156931,262144
#12694,163568,262144
#12694,149557,262144
#12694,150014,262144
12694,154874,262144,10277.6
#13328,153297,262144
#13328,153235,262144
#13328,152941,262144
#13328,152795,262144
#13328,153274,262144
13328,153108,262144,405.229
#13994,160854,262144
#13994,160706,262144
#13994,160447,262144
#13994,160658,262144
#13994,160451,262144
13994,160623,262144,312.455
#14693,174525,262144
#14693,174847,262144
#14693,182587,262144
#14693,169091,262144
#14693,169331,262144
14693,174076,262144,9822.36
#15427,179449,262144
#15427,178764,262144
#15427,178232,262144
#15427,178448,262144
#15427,178336,262144
15427,178646,262144,878.832
#16198,188018,262144
#16198,188219,262144
#16198,187596,262144
#16198,187862,262144
#16198,187519,262144
16198,187843,262144,520.267
#17007,199247,262144
#17007,198871,262144
#17007,198405,262144
#17007,197898,262144
#17007,197624,262144
17007,198409,262144,1197.68
#17857,210262,262144
#17857,209661,262144
#17857,208577,262144
#17857,208847,262144
#17857,208222,262144
17857,209114,262144,1489.28
#18749,221644,262144
#18749,221047,262144
#18749,220703,262144
#18749,219971,262144
#18749,219562,262144
18749,220585,262144,1489.26
#19686,235300,262144
#19686,234774,262144
#19686,234170,262144
#19686,233624,262144
#19686,233381,262144
19686,234250,262144,1422.82
#20670,249618,262144
#20670,251689,262144
#20670,247101,262144
#20670,246582,262144
#20670,246493,262144
20670,248297,262144,4086.74
#21703,267142,262144
#21703,266391,262144
#21703,264270,262144
#21703,263449,262144
#21703,263319,262144
21703,264914,262144,3130.56
#22788,286896,262144
#22788,285448,262144
#22788,283560,262144
#22788,282739,262144
#22788,281646,262144
22788,284058,262144,3772.73
#23927,314416,262144
#23927,316720,262144
#23927,311997,262144
#23927,309808,262144
#23927,309851,262144
23927,312558,262144,5365.03
#25123,324935,524288
#25123,330162,524288
#25123,330700,524288
#25123,315851,524288
#25123,318762,524288
25123,324082,524288,11917.8
#26379,333374,524288
#26379,337956,524288
#26379,333453,524288
#26379,332703,524288
#26379,333049,524288
26379,334107,524288,3885.4
#27697,349890,524288
#27697,350183,524288
#27697,350373,524288
#27697,349754,524288
#27697,350211,524288
27697,350082,524288,452.523
#29081,369437,524288
#29081,368856,524288
#29081,368486,524288
#29081,368036,524288
#29081,368037,524288
29081,368570,524288,1061.99
#30535,385829,524288
#30535,386604,524288
#30535,385936,524288
#30535,385859,524288
#30535,385933,524288
30535,386032,524288,577.816
#32061,407077,524288
#32061,407293,524288
#32061,407637,524288
#32061,406167,524288
#32061,407391,524288
32061,407113,524288,1012.12
#33664,428527,524288
#33664,428457,524288
#33664,428216,524288
#33664,428125,524288
#33664,428417,524288
33664,428348,524288,304.414
#35347,452664,524288
#35347,451106,524288
#35347,451137,524288
#35347,451000,524288
#35347,451148,524288
35347,451411,524288,1257.36
#37114,478611,524288
#37114,478811,524288
#37114,476723,524288
#37114,475145,524288
#37114,475706,524288
37114,476999,524288,2975.53
#38969,504955,524288
#38969,503752,524288
#38969,502590,524288
#38969,503798,524288
#38969,502888,524288
38969,503597,524288,1655.37
#40917,555034,524288
#40917,524306,524288
#40917,525915,524288
#40917,522595,524288
#40917,545163,524288
40917,534603,524288,26147.9
#42962,574102,524288
#42962,574080,524288
#42962,577427,524288
#42962,555658,524288
#42962,556027,524288
42962,567459,524288,19126.6
#45110,613598,524288
#45110,612255,524288
#45110,611819,524288
#45110,610429,524288
#45110,612691,524288
45110,612158,524288,2092.17
#47365,667452,524288
#47365,766049,524288
#47365,664714,524288
#47365,664793,524288
#47365,663598,524288
47365,685321,524288,80767.6
#49733,660264,1048576
#49733,659048,1048576
#49733,660021,1048576
#49733,665950,1048576
#49733,657272,1048576
49733,660511,1048576,5832
#52219,700132,1048576
#52219,695873,1048576
#52219,697795,1048576
#52219,703687,1048576
#52219,696623,1048576
52219,698822,1048576,5654.82
#54829,710900,1048576
#54829,717129,1048576
#54829,713920,1048576
#54829,713066,1048576
#54829,712007,1048576
54829,713404,1048576,4240.54
#57570,749459,1048576
#57570,748823,1048576
#57570,749430,1048576
#57570,751125,1048576
#57570,748289,1048576
57570,749425,1048576,1906.64
#60448,786969,1048576
#60448,787520,1048576
#60448,787691,1048576
#60448,788803,1048576
#60448,787253,1048576
60448,787647,1048576,1255.17
#63470,829202,1048576
#63470,829718,1048576
#63470,828315,1048576
#63470,831281,1048576
#63470,828489,1048576
63470,829401,1048576,2132.72
#66643,875713,1048576
#66643,874808,1048576
#66643,874856,1048576
#66643,877836,1048576
#66643,874711,1048576
66643,875585,1048576,2363.46
#69975,923448,1048576
#69975,922730,1048576
#69975,923163,1048576
#69975,922705,1048576
#69975,921584,1048576
69975,922726,1048576,1270.24
#73473,973587,1048576
#73473,976002,1048576
#73473,972919,1048576
#73473,972770,1048576
#73473,970924,1048576
73473,973240,1048576,3278.64
#77146,1033958,1048576
#77146,1031212,1048576
#77146,1031731,1048576
#77146,1032269,1048576
#77146,1029518,1048576
77146,1.03174e+06,1048576,2886.59
#81003,1097747,1048576
#81003,1098592,1048576
#81003,1099010,1048576
#81003,1095690,1048576
#81003,1097059,1048576
81003,1.09762e+06,1048576,2355.02
#85053,1170922,1048576
#85053,1170184,1048576
#85053,1168480,1048576
#85053,1171491,1048576
#85053,1168279,1048576
85053,1.16987e+06,1048576,2576.25
#89305,1253181,1048576
#89305,1250483,1048576
#89305,1249346,1048576
#89305,1250267,1048576
#89305,1249181,1048576
89305,1.25049e+06,1048576,2872.42
#93770,1353956,1048576
#93770,1355197,1048576
#93770,1345552,1048576
#93770,1348817,1048576
#93770,1345509,1048576
93770,1.34981e+06,1048576,8188.98
#98458,1306193,2097152
#98458,1301962,2097152
#98458,1301006,2097152
#98458,1303649,2097152
#98458,1300488,2097152
98458,1.30266e+06,2097152,4137.7
#103380,1376960,2097152
#103380,1366964,2097152
#103380,1365855,2097152
#103380,1368519,2097152
#103380,1365964,2097152
103380,1.36885e+06,2097152,8330.07
#108549,1446128,2097152
#108549,1442042,2097152
#108549,1446236,2097152
#108549,1442887,2097152
#108549,1440350,2097152
108549,1.44353e+06,2097152,4631.37
#113976,1516308,2097152
#113976,1516019,2097152
#113976,1511765,2097152
#113976,1512408,2097152
#113976,1509803,2097152
113976,1.51326e+06,2097152,5044.93
#119674,1623769,2097152
#119674,1556189,2097152
#119674,1604435,2097152
#119674,1589780,2097152
#119674,1594193,2097152
119674,1.59367e+06,2097152,44200.1
#125657,1761136,2097152
#125657,1686142,2097152
#125657,1675807,2097152
#125657,1674395,2097152
#125657,1678324,2097152
125657,1.69516e+06,2097152,66473
#131939,1810339,2097152
#131939,1762705,2097152
#131939,1771262,2097152
#131939,1771437,2097152
#131939,1769543,2097152
131939,1.77706e+06,2097152,33885.7
#138535,1886624,2097152
#138535,1872493,2097152
#138535,1869559,2097152
#138535,1867250,2097152
#138535,1868953,2097152
138535,1.87298e+06,2097152,14061.3
#145461,1974770,2097152
#145461,1941703,2097152
#145461,1924219,2097152
#145461,2017271,2097152
#145461,1973714,2097152
145461,1.96634e+06,2097152,63878.4
#152734,2093095,2097152
#152734,2040475,2097152
#152734,2035982,2097152
#152734,2031755,2097152
#152734,2095643,2097152
152734,2.05939e+06,2097152,57408.8
#160370,2297030,2097152
#160370,2165103,2097152
#160370,2161222,2097152
#160370,2182104,2097152
#160370,2255512,2097152
160370,2.21219e+06,2097152,108792
#168388,2396114,2097152
#168388,2309555,2097152
#168388,2415598,2097152
#168388,2368196,2097152
#168388,2365364,2097152
168388,2.37097e+06,2097152,71748.5
#176807,2537950,2097152
#176807,2468379,2097152
#176807,2461461,2097152
#176807,2574248,2097152
#176807,2526111,2097152
176807,2.51363e+06,2097152,85748.6
#185647,2747138,2097152
#185647,2678798,2097152
#185647,2691538,2097152
#185647,2787866,2097152
#185647,2783692,2097152
185647,2.73781e+06,2097152,90868.2
#194929,3030346,2097152
#194929,2919831,2097152
#194929,2932484,2097152
#194929,3020306,2097152
#194929,2987250,2097152
194929,2.97804e+06,2097152,89758.8
#204675,3020469,4194304
#204675,2709250,4194304
#204675,2692383,4194304
#204675,2683999,4194304
#204675,2680076,4194304
204675,2.75724e+06,4194304,263996
#214908,3308912,4194304
#214908,2839933,4194304
#214908,2823603,4194304
#214908,2834751,4194304
#214908,2876622,4194304
214908,2.93676e+06,4194304,373844
#225653,3570115,4194304
#225653,2997754,4194304
#225653,2977087,4194304
#225653,2996384,4194304
#225653,2986206,4194304
225653,3.10551e+06,4194304,464847
#236935,3685430,4194304
#236935,3159271,4194304
#236935,3184416,4194304
#236935,3125851,4194304
#236935,3183262,4194304
236935,3.26765e+06,4194304,419945
#248781,3921895,4194304
#248781,3337288,4194304
#248781,3298673,4194304
#248781,3350915,4194304
#248781,3308194,4194304
248781,3.44339e+06,4194304,479998
#261220,4140557,4194304
#261220,3499439,4194304
#261220,3526412,4194304
#261220,3540897,4194304
#261220,3535720,4194304
261220,3.6486e+06,4194304,492782
#274281,4355879,4194304
#274281,3727300,4194304
#274281,3687879,4194304
#274281,3768115,4194304
#274281,3758847,4194304
274281,3.8596e+06,4194304,499444
#287995,4651425,4194304
#287995,3935279,4194304
#287995,3929676,4194304
#287995,3953910,4194304
#287995,3939135,4194304
287995,4.08188e+06,4194304,569766
#302394,4892439,4194304
#302394,4146493,4194304
#302394,4159168,4194304
#302394,4150156,4194304
#302394,4166504,4194304
302394,4.30295e+06,4194304,589653
#317513,5221148,4194304
#317513,4452327,4194304
#317513,4368280,4194304
#317513,4529910,4194304
#317513,4502774,4194304
317513,4.61489e+06,4194304,616171
#333388,5481547,4194304
#333388,4687148,4194304
#333388,4701677,4194304
#333388,4803815,4194304
#333388,4777227,4194304
333388,4.89028e+06,4194304,597788
#350057,5762078,4194304
#350057,4999390,4194304
#350057,5068324,4194304
#350057,5060457,4194304
#350057,5029734,4194304
350057,5.184e+06,4194304,580136
#367559,6182294,4194304
#367559,5390267,4194304
#367559,5441255,4194304
#367559,5472953,4194304
#367559,5491405,4194304
367559,5.59563e+06,4194304,590656
#385936,6674246,4194304
#385936,5925398,4194304
#385936,5918265,4194304
#385936,5960584,4194304
#385936,5987025,4194304
385936,6.0931e+06,4194304,583256
#405232,10828568,8388608
#405232,9543728,8388608
#405232,9028255,8388608
#405232,8892205,8388608
#405232,9722658,8388608
405232,9.60308e+06,8388608,1.37271e+06
#425493,11196720,8388608
#425493,9694157,8388608
#425493,10403683,8388608
#425493,9545109,8388608
#425493,9883163,8388608
425493,1.01446e+07,8388608,1.20157e+06
#446767,11861797,8388608
#446767,13362275,8388608
#446767,10399213,8388608
#446767,10556386,8388608
#446767,10216676,8388608
446767,1.12793e+07,8388608,2.38402e+06
#469105,14778187,8388608
#469105,11382939,8388608
#469105,11710618,8388608
#469105,10643383,8388608
#469105,10500621,8388608
469105,1.18031e+07,8388608,3.10839e+06
#492560,12609925,8388608
#492560,11286031,8388608
#492560,11281377,8388608
#492560,11058544,8388608
#492560,11319328,8388608
492560,1.1511e+07,8388608,1.11442e+06
#517188,13283786,8388608
#517188,11958778,8388608
#517188,11730667,8388608
#517188,11957275,8388608
#517188,12020604,8388608
517188,1.21902e+07,8388608,1.11128e+06
#543047,14429243,8388608
#543047,12322382,8388608
#543047,12361780,8388608
#543047,12420031,8388608
#543047,12271188,8388608
543047,1.27609e+07,8388608,1.67116e+06
#570199,14571568,8388608
#570199,13448784,8388608
#570199,13276651,8388608
#570199,13027002,8388608
#570199,13008076,8388608
570199,1.34664e+07,8388608,1.15268e+06
#598708,15638536,8388608
#598708,14321350,8388608
#598708,14149973,8388608
#598708,13767525,8388608
#598708,14598893,8388608
598708,1.44953e+07,8388608,1.26393e+06
#628643,16247145,8388608
#628643,15092512,8388608
#628643,14428334,8388608
#628643,14591123,8388608
#628643,15065794,8388608
628643,1.5085e+07,8388608,1.27315e+06
#660075,17402303,8388608
#660075,15749027,8388608
#660075,15431063,8388608
#660075,15630120,8388608
#660075,15549515,8388608
660075,1.59524e+07,8388608,1.46466e+06
#693078,18051026,8388608
#693078,16925569,8388608
#693078,18059372,8388608
#693078,18151441,8388608
#693078,16815894,8388608
693078,1.76007e+07,8388608,1.19606e+06
#727731,19385119,8388608
#727731,18041656,8388608
#727731,17467964,8388608
#727731,17708217,8388608
#727731,17643948,8388608
727731,1.80494e+07,8388608,1.38653e+06
#764117,20587681,8388608
#764117,18954791,8388608
#764117,19350981,8388608
#764117,19400507,8388608
#764117,19415486,8388608
764117,1.95419e+07,8388608,1.09937e+06
#802322,41772786,16777216
#802322,41256057,16777216
#802322,40970451,16777216
#802322,41422038,16777216
#802322,42099082,16777216
802322,4.15041e+07,16777216,789550
#842438,46761950,16777216
#842438,45914796,16777216
#842438,45182395,16777216
#842438,43493346,16777216
#842438,43243650,16777216
842438,4.49192e+07,16777216,2.72716e+06
#884559,48575149,16777216
#884559,48885920,16777216
#884559,46777408,16777216
#884559,45519128,16777216
#884559,45240593,16777216
884559,4.69996e+07,16777216,3.01673e+06
#928786,48777598,16777216
#928786,48011008,16777216
#928786,47654539,16777216
#928786,47720714,16777216
#928786,48437368,16777216
928786,4.81202e+07,16777216,858426
#975225,51417060,16777216
#975225,50129191,16777216
#975225,50974693,16777216
#975225,50838488,16777216
#975225,50162468,16777216
975225,5.07044e+07,16777216,989334
#1023986,54044777,16777216
#1023986,52988194,16777216
#1023986,53260046,16777216
#1023986,53244430,16777216
#1023986,53113170,16777216
1023986,5.33301e+07,16777216,741333
#1075185,57082697,16777216
#1075185,55996729,16777216
#1075185,55851248,16777216
#1075185,55658283,16777216
#1075185,55556460,16777216
1075185,5.60291e+07,16777216,1.09677e+06
#1128944,60190408,16777216
#1128944,58881091,16777216
#1128944,59176890,16777216
#1128944,59349884,16777216
#1128944,58928397,16777216
1128944,5.93053e+07,16777216,948220
#1185391,63293061,16777216
#1185391,63141904,16777216
#1185391,63605425,16777216
#1185391,62516675,16777216
#1185391,62507949,16777216
1185391,6.3013e+07,16777216,870601
#1244660,66856137,16777216
#1244660,66126672,16777216
#1244660,65972831,16777216
#1244660,65887323,16777216
#1244660,65655609,16777216
1244660,6.60997e+07,16777216,815520
#1306893,71050230,16777216
#1306893,69495285,16777216
#1306893,69561460,16777216
#1306893,71953312,16777216
#1306893,70191066,16777216
1306893,7.04503e+07,16777216,1.87366e+06
#1372237,75376740,16777216
#1372237,74313257,16777216
#1372237,73647563,16777216
#1372237,74537918,16777216
#1372237,74077486,16777216
1372237,7.43906e+07,16777216,1.14902e+06
#1440848,80383457,16777216
#1440848,80623114,16777216
#1440848,79336898,16777216
#1440848,81153165,16777216
#1440848,79646546,16777216
1440848,8.02286e+07,16777216,1.31708e+06
#1512890,85854518,16777216
#1512890,84543020,16777216
#1512890,85556985,16777216
#1512890,84111494,16777216
#1512890,87765946,16777216
1512890,8.55664e+07,16777216,2.54325e+06
#1588534,131405127,33554432
#1588534,124577808,33554432
#1588534,130929425,33554432
#1588534,130261327,33554432
#1588534,122885941,33554432
1588534,1.28012e+08,33554432,7.10798e+06
#1667960,120088738,33554432
#1667960,120850525,33554432
#1667960,120617498,33554432
#1667960,120033533,33554432
#1667960,120639470,33554432
1667960,1.20446e+08,33554432,650076
#1751358,126087116,33554432
#1751358,125279015,33554432
#1751358,125480828,33554432
#1751358,125290782,33554432
#1751358,126306331,33554432
1751358,1.25689e+08,33554432,853039
#1838925,133081517,33554432
#1838925,132812566,33554432
#1838925,132593821,33554432
#1838925,132569978,33554432
#1838925,132657776,33554432
1838925,1.32743e+08,33554432,378299
#1930871,139599476,33554432
#1930871,139014247,33554432
#1930871,139277876,33554432
#1930871,139209773,33554432
#1930871,139641739,33554432
1930871,1.39349e+08,33554432,477440
#2027414,147535649,33554432
#2027414,146544978,33554432
#2027414,147145622,33554432
#2027414,146941719,33554432
#2027414,147142918,33554432
2027414,1.47062e+08,33554432,644771
#2128784,154725433,33554432
#2128784,154689306,33554432
#2128784,154349454,33554432
#2128784,154337556,33554432
#2128784,154529934,33554432
2128784,1.54526e+08,33554432,326358
#2235223,163352950,33554432
#2235223,163280838,33554432
#2235223,162929582,33554432
#2235223,162619011,33554432
#2235223,162599463,33554432
2235223,1.62956e+08,33554432,635274
#2346984,173246908,33554432
#2346984,173881223,33554432
#2346984,171712115,33554432
#2346984,171921645,33554432
#2346984,171111736,33554432
2346984,1.72375e+08,33554432,2.05323e+06
#2464333,181153873,33554432
#2464333,181576986,33554432
#2464333,181263028,33554432
#2464333,181323595,33554432
#2464333,181375511,33554432
2464333,1.81339e+08,33554432,280358
#2587549,199532036,33554432
#2587549,191624507,33554432
#2587549,190909125,33554432
#2587549,191451016,33554432
#2587549,191724070,33554432
2587549,1.93048e+08,33554432,6.50827e+06
#2716926,202784443,33554432
#2716926,202608533,33554432
#2716926,203223747,33554432
#2716926,205636621,33554432
#2716926,203547086,33554432
2716926,2.0356e+08,33554432,2.17851e+06
#2852772,215325073,33554432
#2852772,215452120,33554432
#2852772,216739533,33554432
#2852772,215908037,33554432
#2852772,215747362,33554432
2852772,2.15834e+08,33554432,995114
#2995410,230639495,33554432
#2995410,231114854,33554432
#2995410,230607053,33554432
#2995410,234956620,33554432
#2995410,231621258,33554432
2995410,2.31788e+08,33554432,3.25389e+06
#3145180,247889566,33554432
#3145180,248384415,33554432
#3145180,249316727,33554432
#3145180,254528839,33554432
#3145180,248330043,33554432
3145180,2.4969e+08,33554432,4.92742e+06
#3302439,278702320,67108864
#3302439,280528141,67108864
#3302439,279305128,67108864
#3302439,279686104,67108864
#3302439,317937868,67108864
3302439,2.87232e+08,67108864,3.07288e+07
#3467560,293657443,67108864
#3467560,295835637,67108864
#3467560,294169867,67108864
#3467560,292824657,67108864
#3467560,296475073,67108864
3467560,2.94593e+08,67108864,2.72289e+06
#3640938,308753734,67108864
#3640938,309221713,67108864
#3640938,309156708,67108864
#3640938,307435131,67108864
#3640938,308283827,67108864
3640938,3.0857e+08,67108864,1.31834e+06
#3822984,322687408,67108864
#3822984,322092980,67108864
#3822984,324377903,67108864
#3822984,322832331,67108864
#3822984,324050508,67108864
3822984,3.23208e+08,67108864,1.72833e+06
#4014133,340116169,67108864
#4014133,340074369,67108864
#4014133,340389916,67108864
#4014133,341070525,67108864
#4014133,341999388,67108864
4014133,3.4073e+08,67108864,1.45591e+06
#4214839,391419209,67108864
#4214839,364376236,67108864
#4214839,357350353,67108864
#4214839,359434691,67108864
#4214839,357353695,67108864
4214839,3.65987e+08,67108864,2.59453e+07
#4425580,387196295,67108864
#4425580,376519117,67108864
#4425580,378373207,67108864
#4425580,376863440,67108864
#4425580,376121420,67108864
4425580,3.79015e+08,67108864,8.32235e+06
#4646859,398825402,67108864
#4646859,398652716,67108864
#4646859,396677744,67108864
#4646859,397902467,67108864
#4646859,397568071,67108864
4646859,3.97925e+08,67108864,1.55534e+06
#4879201,420175435,67108864
#4879201,418310635,67108864
#4879201,421674119,67108864
#4879201,420104676,67108864
#4879201,420573958,67108864
4879201,4.20168e+08,67108864,2.17017e+06
#5123161,442416349,67108864
#5123161,443982053,67108864
#5123161,442964797,67108864
#5123161,444189202,67108864
#5123161,443671016,67108864
5123161,4.43445e+08,67108864,1.32123e+06
#5379319,469800515,67108864
#5379319,475590157,67108864
#5379319,469054588,67108864
#5379319,476692874,67108864
#5379319,470539932,67108864
5379319,4.72336e+08,67108864,6.32418e+06
#5648284,498048798,67108864
#5648284,499040952,67108864
#5648284,497563531,67108864
#5648284,498422456,67108864
#5648284,499581401,67108864
5648284,4.98531e+08,67108864,1.42652e+06
#5930698,531288908,67108864
#5930698,531531159,67108864
#5930698,536592331,67108864
#5930698,607912461,67108864
#5930698,550155053,67108864
5930698,5.51496e+08,67108864,5.80597e+07
#6227232,570217866,67108864
#6227232,568316008,67108864
#6227232,570303192,67108864
#6227232,568460599,67108864
#6227232,569089710,67108864
6227232,5.69277e+08,67108864,1.68841e+06
#6538593,631305336,134217728
#6538593,643787468,134217728
#6538593,616966487,134217728
#6538593,617787366,134217728
#6538593,618674072,134217728
6538593,6.25704e+08,134217728,2.09155e+07
#6865522,650299013,134217728
#6865522,655023281,134217728
#6865522,654498012,134217728
#6865522,648153502,134217728
#6865522,650998788,134217728
6865522,6.51795e+08,134217728,5.20465e+06
#7208798,682598685,134217728
#7208798,687288098,134217728
#7208798,685243469,134217728
#7208798,684887044,134217728
#7208798,685337358,134217728
7208798,6.85071e+08,134217728,2.9883e+06
#7569237,719163566,134217728
#7569237,719154085,134217728
#7569237,718320021,134217728
#7569237,719188438,134217728
#7569237,721947197,134217728
7569237,7.19555e+08,134217728,2.48131e+06
#7947698,757218902,134217728
#7947698,757011789,134217728
#7947698,756410162,134217728
#7947698,757705111,134217728
#7947698,758122787,134217728
7947698,7.57294e+08,134217728,1.17383e+06
#8345082,797042306,134217728
#8345082,798823199,134217728
#8345082,798291026,134217728
#8345082,800491050,134217728
#8345082,823471901,134217728
8345082,8.03624e+08,134217728,1.99712e+07
#8762336,859586043,134217728
#8762336,837024954,134217728
#8762336,835670804,134217728
#8762336,838155740,134217728
#8762336,835307979,134217728
8762336,8.41149e+08,134217728,1.85477e+07
#9200452,881921496,134217728
#9200452,880257499,134217728
#9200452,881453776,134217728
#9200452,882026825,134217728
#9200452,884527077,134217728
9200452,8.82037e+08,134217728,2.78865e+06
#9660474,928241586,134217728
#9660474,928848126,134217728
#9660474,929517775,134217728
#9660474,927882856,134217728
#9660474,929471529,134217728
9660474,9.28792e+08,134217728,1.30266e+06
