#1,551,256
#1,38,256
#1,31,256
#1,26,256
#1,28,256
1,134.8,256,416.28
#2,53,256
#2,34,256
#2,34,256
#2,35,256
#2,38,256
2,38.8,256,14.4997
#3,48,256
#3,45,256
#3,41,256
#3,40,256
#3,41,256
3,43,256,6.0663
#4,60,256
#4,56,256
#4,49,256
#4,50,256
#4,51,256
4,53.2,256,8.33307
#5,66,256
#5,56,256
#5,57,256
#5,58,256
#5,60,256
5,59.4,256,7.11056
#6,62,256
#6,67,256
#6,68,256
#6,67,256
#6,61,256
6,65,256,5.79655
#7,87,256
#7,72,256
#7,72,256
#7,75,256
#7,76,256
7,76.4,256,11.0707
#8,99,256
#8,84,256
#8,83,256
#8,86,256
#8,82,256
8,86.8,256,12.4836
#9,91,256
#9,88,256
#9,88,256
#9,90,256
#9,90,256
9,89.4,256,2.4
#10,130,256
#10,115,256
#10,119,256
#10,101,256
#10,100,256
10,113,256,22.6627
#11,114,256
#11,109,256
#11,114,256
#11,106,256
#11,104,256
11,109.4,256,8.15843
#12,113,256
#12,113,256
#12,112,256
#12,114,256
#12,115,256
12,113.4,256,2.03961
#13,149,384
#13,124,384
#13,115,384
#13,113,384
#13,117,384
13,123.6,384,26.4605
#14,125,384
#14,118,384
#14,172,384
#14,117,384
#14,115,384
14,129.4,384,43.1296
#15,160,384
#15,154,384
#15,126,384
#15,127,384
#15,136,384
15,140.6,384,27.9313
#16,155,384
#16,145,384
#16,136,384
#16,133,384
#16,136,384
16,141,384,16.1493
#17,167,384
#17,143,384
#17,139,384
#17,138,384
#17,139,384
17,145.2,384,22.069
#18,166,384
#18,153,384
#18,173,384
#18,153,384
#18,140,384
18,157,384,22.9434
#19,185,384
#19,158,384
#19,152,384
#19,153,384
#19,149,384
19,159.4,384,26.248
#20,166,384
#20,161,384
#20,159,384
#20,161,384
#20,149,384
20,159.2,384,11.2
#21,173,384
#21,167,384
#21,164,384
#21,171,384
#21,167,384
21,168.4,384,6.4
#22,234,384
#22,202,384
#22,228,384
#22,223,384
#22,177,384
22,212.8,384,41.788
#23,249,384
#23,235,384
#23,196,384
#23,199,384
#23,185,384
23,212.8,384,49.3866
#24,281,384
#24,232,384
#24,198,384
#24,184,384
#24,184,384
24,215.8,384,74.0422
#25,247,640
#25,233,640
#25,198,640
#25,191,640
#25,195,640
25,212.8,640,45.5087
#26,218,640
#26,215,640
#26,184,640
#26,201,640
#26,182,640
26,200,640,30.0666
#27,231,640
#27,223,640
#27,223,640
#27,210,640
#27,208,640
27,219,640,17.3897
#28,222,640
#28,229,640
#28,221,640
#28,223,640
#28,213,640
28,221.6,640,10.245
#29,254,640
#29,251,640
#29,252,640
#29,233,640
#29,210,640
29,240,640,33.5857
#30,222,640
#30,235,640
#30,231,640
#30,221,640
#30,218,640
30,225.4,640,12.9368
#31,269,640
#31,257,640
#31,238,640
#31,221,640
#31,224,640
31,241.8,640,37.2537
#32,316,640
#32,328,640
#32,277,640
#32,249,640
#32,248,640
32,283.6,640,66.5083
#33,272,640
#33,277,640
#33,267,640
#33,246,640
#33,235,640
33,259.4,640,32.2639
#34,296,640
#34,281,640
#34,250,640
#34,240,640
#34,232,640
34,259.8,640,49.1593
#35,294,640
#35,292,640
#35,266,640
#35,253,640
#35,250,640
35,271,640,37.5233
#36,325,640
#36,314,640
#36,281,640
#36,285,640
#36,274,640
36,295.8,640,39.948
#37,290,896
#37,283,896
#37,281,896
#37,261,896
#37,270,896
37,277,896,20.5134
#38,286,896
#38,280,896
#38,265,896
#38,265,896
#38,284,896
38,276,896,18.3739
#39,309,896
#39,308,896
#39,281,896
#39,284,896
#39,279,896
39,292.2,896,26.8149
#40,416,896
#40,408,896
#40,316,896
#40,279,896
#40,279,896
40,339.6,896,121.383
#42,328,896
#42,312,896
#42,293,896
#42,279,896
#42,280,896
42,298.4,896,38.0021
#44,395,896
#44,396,896
#44,363,896
#44,330,896
#44,329,896
44,362.6,896,59.0403
#46,367,896
#46,357,896
#46,324,896
#46,305,896
#46,306,896
46,331.8,896,51.5271
#48,403,896
#48,393,896
#48,364,896
#48,343,896
#48,345,896
48,369.6,896,49.0485
#50,417,1152
#50,413,1152
#50,373,1152
#50,352,1152
#50,369,1152
50,384.8,1152,51.356
#52,438,1152
#52,473,1152
#52,428,1152
#52,406,1152
#52,407,1152
52,430.4,1152,49.1626
#54,509,1152
#54,447,1152
#54,379,1152
#54,368,1152
#54,370,1152
54,414.6,1152,110.957
#56,425,1152
#56,427,1152
#56,410,1152
#56,392,1152
#56,394,1152
56,409.6,1152,29.573
#58,456,1152
#58,443,1152
#58,459,1152
#58,442,1152
#58,386,1152
58,437.2,1152,52.9664
#60,555,1152
#60,511,1152
#60,450,1152
#60,449,1152
#60,425,1152
60,478,1152,95.7162
#63,551,1408
#63,518,1408
#63,509,1408
#63,511,1408
#63,496,1408
63,517,1408,36.8565
#66,617,1408
#66,558,1408
#66,525,1408
#66,506,1408
#66,503,1408
66,541.8,1408,84.7906
#69,708,1408
#69,637,1408
#69,581,1408
#69,544,1408
#69,548,1408
69,603.6,1408,123.836
#72,629,1408
#72,630,1408
#72,587,1408
#72,557,1408
#72,550,1408
72,590.6,1408,68.2185
#75,635,1536
#75,597,1536
#75,562,1536
#75,557,1536
#75,555,1536
75,581.2,1536,61.8695
#78,646,1536
#78,633,1536
#78,580,1536
#78,585,1536
#78,573,1536
78,603.4,1536,60.008
#81,684,1536
#81,675,1536
#81,580,1536
#81,529,1536
#81,523,1536
81,598.2,1536,138.664
#85,736,1536
#85,719,1536
#85,669,1536
#85,668,1536
#85,659,1536
85,690.2,1536,62.2434
#89,774,1664
#89,748,1664
#89,678,1664
#89,643,1664
#89,643,1664
89,697.2,1664,108.528
#93,818,1664
#93,806,1664
#93,727,1664
#93,677,1664
#93,673,1664
93,740.2,1664,123.505
#97,968,1664
#97,923,1664
#97,741,1664
#97,708,1664
#97,695,1664
97,807,1664,229.918
#101,874,1792
#101,792,1792
#101,710,1792
#101,694,1792
#101,676,1792
101,749.2,1792,147.916
#106,891,1792
#106,890,1792
#106,754,1792
#106,798,1792
#106,792,1792
106,825,1792,111.14
#111,1102,1920
#111,1019,1920
#111,949,1920
#111,932,1920
#111,863,1920
111,973,1920,162.761
#116,996,1920
#116,972,1920
#116,879,1920
#116,871,1920
#116,818,1920
116,907.2,1920,133.107
#121,971,1920
#121,957,1920
#121,891,1920
#121,809,1920
#121,807,1920
121,887,1920,139.874
#127,1143,2048
#127,1111,2048
#127,983,2048
#127,906,2048
#127,894,2048
127,1007.4,2048,205.635
#133,1300,2048
#133,1160,2048
#133,994,2048
#133,952,2048
#133,978,2048
133,1076.8,2048,266.733
#139,1117,2176
#139,1100,2176
#139,1005,2176
#139,952,2176
#139,947,2176
139,1024.2,2176,143.941
#145,1374,2176
#145,1345,2176
#145,1101,2176
#145,1086,2176
#145,1066,2176
145,1194.4,2176,271.142
#152,1440,2304
#152,1359,2304
#152,1259,2304
#152,1166,2304
#152,1139,2304
152,1272.6,2304,227.834
#159,1441,2304
#159,1311,2304
#159,1136,2304
#159,1126,2304
#159,1091,2304
159,1221,2304,267.806
#166,1356,2432
#166,1333,2432
#166,1153,2432
#166,1150,2432
#166,1136,2432
166,1225.6,2432,195.045
#174,1580,2560
#174,1418,2560
#174,1332,2560
#174,1302,2560
#174,1309,2560
174,1388.2,2560,208.877
#182,1502,2560
#182,1506,2560
#182,1373,2560
#182,1342,2560
#182,1313,2560
182,1407.2,2560,162.586
#191,1538,2688
#191,1478,2688
#191,1275,2688
#191,1275,2688
#191,1236,2688
191,1360.4,2688,245.655
#200,2036,2816
#200,1878,2816
#200,1642,2816
#200,1614,2816
#200,1615,2816
200,1757,2816,342.134
#210,1820,2944
#210,1622,2944
#210,1423,2944
#210,1415,2944
#210,1340,2944
210,1524,2944,350.038
#220,2005,2944
#220,1757,2944
#220,1595,2944
#220,1562,2944
#220,1491,2944
220,1682,2944,367.047
#231,2092,3072
#231,1991,3072
#231,1806,3072
#231,1660,3072
#231,1604,3072
231,1830.6,3072,374.289
#242,2268,3200
#242,1984,3200
#242,1722,3200
#242,1654,3200
#242,1600,3200
242,1845.6,3200,497.902
#254,2109,3328
#254,1944,3328
#254,1731,3328
#254,1730,3328
#254,1626,3328
254,1828,3328,348.98
#266,2107,3456
#266,2082,3456
#266,1920,3456
#266,1855,3456
#266,1855,3456
266,1963.8,3456,219.218
#279,2706,3584
#279,2387,3584
#279,2064,3584
#279,2047,3584
#279,2010,3584
279,2242.8,3584,536.545
#292,2735,3712
#292,2469,3712
#292,2151,3712
#292,2093,3712
#292,2052,3712
292,2300,3712,524.854
#306,2917,3840
#306,2505,3840
#306,2229,3840
#306,2163,3840
#306,2115,3840
306,2385.8,3840,595.947
#321,2870,4096
#321,2565,4096
#321,2223,4096
#321,2234,4096
#321,2184,4096
321,2415.2,4096,531.045
#337,2897,4224
#337,2702,4224
#337,2367,4224
#337,2380,4224
#337,2344,4224
337,2538,4224,445.078
#353,2965,4352
#353,2723,4352
#353,2524,4352
#353,2427,4352
#353,2531,4352
353,2634,4352,382.664
#370,3361,4608
#370,3060,4608
#370,2801,4608
#370,2903,4608
#370,2802,4608
370,2985.4,4608,420.542
#388,3731,4736
#388,3316,4736
#388,2975,4736
#388,2919,4736
#388,2885,4736
388,3165.2,4736,643.846
#407,3987,4992
#407,3406,4992
#407,3084,4992
#407,3048,4992
#407,2903,4992
407,3285.6,4992,774.564
#427,3762,5120
#427,3302,5120
#427,3164,5120
#427,3087,5120
#427,3061,5120
427,3275.2,5120,514.866
#448,4051,5376
#448,3687,5376
#448,3438,5376
#448,3353,5376
#448,3407,5376
448,3587.2,5376,517.419
#470,3683,5632
#470,3503,5632
#470,3242,5632
#470,3218,5632
#470,3126,5632
470,3354.4,5632,413.246
#493,4302,5888
#493,3997,5888
#493,3686,5888
#493,3627,5888
#493,3501,5888
493,3822.6,5888,580.059
#517,4646,6144
#517,4102,6144
#517,3829,6144
#517,3809,6144
#517,3777,6144
517,4032.6,6144,655.962
#542,4744,6400
#542,4301,6400
#542,3888,6400
#542,3828,6400
#542,3740,6400
542,4100.2,6400,750.288
#569,5339,6656
#569,4803,6656
#569,4354,6656
#569,4251,6656
#569,4119,6656
569,4573.2,6656,893.271
#597,4967,6912
#597,4633,6912
#597,4318,6912
#597,4222,6912
#597,4125,6912
597,4453,6912,616.938
#626,5804,7296
#626,5157,7296
#626,4668,7296
#626,4500,7296
#626,4405,7296
626,4906.8,7296,1036.1
#657,5559,7552
#657,5081,7552
#657,4774,7552
#657,4745,7552
#657,4722,7552
657,4976.2,7552,638.495
#689,6445,7936
#689,5515,7936
#689,5135,7936
#689,5008,7936
#689,4864,7936
689,5393.4,7936,1137.09
#723,6138,8320
#723,5716,8320
#723,5267,8320
#723,5204,8320
#723,5002,8320
723,5465.4,8320,818.595
#759,6526,8576
#759,6068,8576
#759,5436,8576
#759,5362,8576
#759,5291,8576
759,5736.6,8576,964.25
#796,7219,8960
#796,6550,8960
#796,6006,8960
#796,5899,8960
#796,5721,8960
796,6279,8960,1090.81
#835,8385,9472
#835,7486,9472
#835,6661,9472
#835,6466,9472
#835,6414,9472
835,7082.4,9472,1513.66
#876,8711,9856
#876,7668,9856
#876,7017,9856
#876,6868,9856
#876,6702,9856
876,7393.2,9856,1471.66
#919,8502,10368
#919,7689,10368
#919,7219,10368
#919,7046,10368
#919,6794,10368
919,7450,10368,1203.57
#964,9271,10752
#964,8286,10752
#964,7633,10752
#964,7539,10752
#964,7250,10752
964,7995.8,10752,1444.12
#1012,9718,11264
#1012,8547,11264
#1012,7805,11264
#1012,7515,11264
#1012,7425,11264
1012,8202,11264,1708.94
#1062,9717,11776
#1062,8936,11776
#1062,8274,11776
#1062,8162,11776
#1062,7910,11776
1062,8599.8,11776,1306.84
#1115,9968,12416
#1115,9038,12416
#1115,8405,12416
#1115,8283,12416
#1115,8092,12416
1115,8757.2,12416,1367.12
#1170,10541,12928
#1170,9560,12928
#1170,8908,12928
#1170,8749,12928
#1170,8656,12928
1170,9282.8,12928,1408.03
#1228,11954,13568
#1228,10706,13568
#1228,9908,13568
#1228,9602,13568
#1228,9382,13568
1228,10310.4,13568,1872.67
#1289,11372,14208
#1289,10538,14208
#1289,9898,14208
#1289,9750,14208
#1289,9824,14208
1289,10276.4,14208,1230.84
#1353,12884,14848
#1353,11841,14848
#1353,10720,14848
#1353,10406,14848
#1353,10205,14848
1353,11211.2,14848,2019.3
#1420,13557,15488
#1420,12118,15488
#1420,11448,15488
#1420,11303,15488
#1420,10951,15488
1420,11875.4,15488,1844.23
#1491,13856,16256
#1491,12670,16256
#1491,12050,16256
#1491,11658,16256
#1491,11459,16256
1491,12338.6,16256,1728.01
#1565,13974,17024
#1565,12708,17024
#1565,11968,17024
#1565,11742,17024
#1565,11592,17024
1565,12396.8,17024,1753.79
#1643,15198,17920
#1643,14218,17920
#1643,13307,17920
#1643,12992,17920
#1643,12618,17920
1643,13666.6,17920,1861.87
#1725,17151,18688
#1725,15261,18688
#1725,14095,18688
#1725,13753,18688
#1725,13490,18688
1725,14750,18688,2688.73
#1811,16971,19584
#1811,15779,19584
#1811,14868,19584
#1811,14376,19584
#1811,14168,19584
1811,15232.4,19584,2063.13
#1901,18202,20608
#1901,16637,20608
#1901,15646,20608
#1901,15293,20608
#1901,14809,20608
1901,16117.4,20608,2404.88
#1996,18971,21504
#1996,17287,21504
#1996,16106,21504
#1996,15682,21504
#1996,15356,21504
1996,16680.4,21504,2637.51
#2095,20106,22656
#2095,18729,22656
#2095,17542,22656
#2095,16967,22656
#2095,16526,22656
2095,17974,22656,2594.27
#2199,20897,23680
#2199,19639,23680
#2199,18327,23680
#2199,17821,23680
#2199,17514,23680
2199,18839.6,23680,2518.64
#2308,22450,24832
#2308,20587,24832
#2308,19397,24832
#2308,18648,24832
#2308,18218,24832
2308,19860,24832,3048.42
#2423,24674,25984
#2423,27852,25984
#2423,21219,25984
#2423,20052,25984
#2423,19621,25984
2423,22683.6,25984,6268.9
#2544,25915,27264
#2544,24046,27264
#2544,22610,27264
#2544,21766,27264
#2544,21264,27264
2544,23120.2,27264,3371.37
#2671,26513,28672
#2671,24951,28672
#2671,23394,28672
#2671,22797,28672
#2671,22323,28672
2671,23995.6,28672,3078.47
#2804,28750,29952
#2804,27109,29952
#2804,25088,29952
#2804,24330,29952
#2804,23792,29952
2804,25813.8,29952,3700.26
#2944,28239,31488
#2944,26787,31488
#2944,25577,31488
#2944,25137,31488
#2944,24461,31488
2944,26040.2,31488,2670.82
#3091,30883,33024
#3091,29209,33024
#3091,27448,33024
#3091,26422,33024
#3091,25778,33024
3091,27948,33024,3740.79
#3245,31390,34560
#3245,29943,34560
#3245,28151,34560
#3245,27135,34560
#3245,26654,34560
3245,28654.6,34560,3544.87
#3407,34157,36352
#3407,31975,36352
#3407,30002,36352
#3407,29122,36352
#3407,28623,36352
3407,30775.8,36352,4083.03
#3577,34834,38016
#3577,33118,38016
#3577,31249,38016
#3577,30453,38016
#3577,29755,38016
3577,31881.8,38016,3710.4
#3755,36385,39936
#3755,34645,39936
#3755,32717,39936
#3755,31655,39936
#3755,31334,39936
3755,33347.2,39936,3818.5
#3942,40128,41856
#3942,37737,41856
#3942,35232,41856
#3942,33929,41856
#3942,33422,41856
3942,36089.6,41856,5023.33
#4139,41699,43904
#4139,39795,43904
#4139,37913,43904
#4139,36384,43904
#4139,35728,43904
4139,38303.8,43904,4402.2
#4345,43091,46080
#4345,41461,46080
#4345,39431,46080
#4345,38087,46080
#4345,37425,46080
4345,39899,46080,4219.17
#4562,45532,48384
#4562,43469,48384
#4562,41447,48384
#4562,40127,48384
#4562,39554,48384
4562,42025.8,48384,4420.54
#4790,48162,50816
#4790,46138,50816
#4790,44035,50816
#4790,42518,50816
#4790,42254,50816
4790,44621.4,50816,4490.76
#5029,51812,53248
#5029,49467,53248
#5029,46995,53248
#5029,46030,53248
#5029,45209,53248
5029,47902.6,53248,4842.86
#5280,54150,55936
#5280,51757,55936
#5280,49721,55936
#5280,48479,55936
#5280,47775,55936
5280,50376.4,55936,4642.68
#5544,54809,58624
#5544,52585,58624
#5544,50480,58624
#5544,62793,58624
#5544,49934,58624
5544,54120.2,58624,9330.56
#5821,61275,61568
#5821,58686,61568
#5821,56829,61568
#5821,55423,61568
#5821,54358,61568
5821,57314.2,61568,4908.84
#6112,64433,64512
#6112,62135,64512
#6112,59813,64512
#6112,58273,64512
#6112,57518,64512
6112,60434.4,64512,5094.63
#6417,67495,67712
#6417,65668,67712
#6417,62759,67712
#6417,61552,67712
#6417,60522,67712
6417,63599.2,67712,5201.79
#6737,69560,71040
#6737,67840,71040
#6737,65457,71040
#6737,63880,71040
#6737,62882,71040
6737,65923.8,71040,4942.98
#7073,72595,74624
#7073,70682,74624
#7073,68850,74624
#7073,67439,74624
#7073,66429,74624
7073,69199,74624,4438.41
#7426,77382,78336
#7426,74976,78336
#7426,72833,78336
#7426,71489,78336
#7426,70180,78336
7426,73372,78336,5112.96
#7797,81678,82176
#7797,79654,82176
#7797,76751,82176
#7797,75627,82176
#7797,74432,82176
7797,77628.4,82176,5328.77
#8186,83839,86272
#8186,81795,86272
#8186,79197,86272
#8186,77742,86272
#8186,77256,86272
8186,79965.8,86272,4998.16
#8595,87929,90496
#8595,86423,90496
#8595,84179,90496
#8595,82794,90496
#8595,81418,90496
8595,84548.6,90496,4729.17
#9024,94383,94976
#9024,92209,94976
#9024,89750,94976
#9024,88617,94976
#9024,87119,94976
9024,90415.6,94976,5177.03
#9475,100312,99712
#9475,98538,99712
#9475,96628,99712
#9475,94924,99712
#9475,93908,99712
9475,96862,99712,4668.89
#9948,105964,104704
#9948,103800,104704
#9948,101170,104704
#9948,99891,104704
#9948,98891,104704
9948,101943,104704,5195.37
#10445,112630,109824
#10445,111203,109824
#10445,109103,109824
#10445,108104,109824
#10445,107022,109824
10445,109612,109824,4087.14
#10967,118905,115328
#10967,116897,115328
#10967,114845,115328
#10967,124556,115328
#10967,110190,115328
10967,117079,115328,9453.97
#11515,121492,120960
#11515,135680,120960
#11515,123829,120960
#11515,124516,120960
#11515,120787,120960
11515,125261,120960,10784.6
#12090,130744,126976
#12090,129141,126976
#12090,127112,126976
#12090,126249,126976
#12090,125248,126976
12090,127699,126976,3980.54
#12694,138461,133376
#12694,137241,133376
#12694,135337,133376
#12694,134083,133376
#12694,133309,133376
12694,135686,133376,3842.94
#13328,159342,139904
#13328,142162,139904
#13328,147795,139904
#13328,139363,139904
#13328,138256,139904
13328,145384,139904,15442.3
#13994,149550,146944
#13994,148166,146944
#13994,145979,146944
#13994,145074,146944
#13994,144014,146944
13994,146557,146944,4054.35
#14693,159516,154240
#14693,158274,154240
#14693,156442,154240
#14693,155548,154240
#14693,154375,154240
14693,156831,154240,3700.9
#15427,167281,161920
#15427,165744,161920
#15427,164591,161920
#15427,163120,161920
#15427,162053,161920
15427,164558,161920,3705.7
#16198,174676,169984
#16198,173027,169984
#16198,182158,169984
#16198,164645,169984
#16198,164391,169984
16198,171779,169984,13361.1
#17007,188843,178432
#17007,187071,178432
#17007,185628,178432
#17007,183426,178432
#17007,183271,178432
17007,185648,178432,4272.78
#17857,204681,187264
#17857,202996,187264
#17857,200250,187264
#17857,200813,187264
#17857,199340,187264
17857,201616,187264,3897.65
#18749,208244,196608
#18749,207107,196608
#18749,204914,196608
#18749,204547,196608
#18749,203684,196608
18749,205699,196608,3401.53
#19686,223025,206464
#19686,221790,206464
#19686,219716,206464
#19686,219786,206464
#19686,218999,206464
19686,220663,206464,3004.53
#20670,231813,216704
#20670,230533,216704
#20670,230052,216704
#20670,229014,216704
#20670,228433,216704
20670,229969,216704,2365.86
#21703,246655,227456
#21703,246207,227456
#21703,244789,227456
#21703,244251,227456
#21703,245165,227456
21703,245413,227456,1783.06
#22788,261595,238848
#22788,259976,238848
#22788,258539,238848
#22788,257902,238848
#22788,256617,238848
22788,258926,238848,3435.8
#23927,264891,250752
#23927,262352,250752
#23927,279418,250752
#23927,264707,250752
#23927,264665,250752
23927,267207,250752,12353.3
#25123,283505,263168
#25123,282838,263168
#25123,281906,263168
#25123,280336,263168
#25123,282289,263168
25123,282175,263168,2130.87
#26379,304328,276352
#26379,304055,276352
#26379,302533,276352
#26379,301357,276352
#26379,301280,276352
26379,302711,276352,2582.06
#27697,318784,290048
#27697,317884,290048
#27697,316498,290048
#27697,315771,290048
#27697,315381,290048
27697,316864,290048,2569.78
#29081,341723,304512
#29081,337653,304512
#29081,337492,304512
#29081,335787,304512
#29081,335356,304512
29081,337602,304512,4502.1
#30535,360976,319744
#30535,359717,319744
#30535,360959,319744
#30535,358331,319744
#30535,357623,319744
30535,359521,319744,2719.09
#32061,381728,335744
#32061,380474,335744
#32061,379266,335744
#32061,380510,335744
#32061,379512,335744
32061,380298,335744,1744.39
#33664,401753,352512
#33664,401117,352512
#33664,401482,352512
#33664,401650,352512
#33664,454631,352512
33664,412127,352512,42506.6
#35347,426778,370048
#35347,427059,370048
#35347,425514,370048
#35347,428486,370048
#35347,425347,370048
35347,426637,370048,2287.71
#37114,452323,388480
#37114,451932,388480
#37114,453275,388480
#37114,451029,388480
#37114,451047,388480
37114,451921,388480,1686.32
#38969,475119,407936
#38969,476558,407936
#38969,472553,407936
#38969,473235,407936
#38969,473455,407936
38969,474184,407936,2912.36
#40917,497810,428288
#40917,534820,428288
#40917,506750,428288
#40917,506057,428288
#40917,506592,428288
40917,510406,428288,25322.4
#42962,537100,449664
#42962,535411,449664
#42962,535113,449664
#42962,534240,449664
#42962,532880,449664
42962,534949,449664,2778.57
#45110,560042,472064
#45110,559820,472064
#45110,558470,472064
#45110,561160,472064
#45110,558798,472064
45110,559658,472064,1914.29
#47365,594223,495616
#47365,595738,495616
#47365,591338,495616
#47365,592034,495616
#47365,591612,495616
47365,592989,495616,3419.21
#49733,628271,520320
#49733,625937,520320
#49733,627202,520320
#49733,627597,520320
#49733,627819,520320
49733,627365,520320,1586.58
#52219,664895,546304
#52219,667111,546304
#52219,665556,546304
#52219,664616,546304
#52219,663758,546304
52219,665187,546304,2243.44
#54829,692199,573568
#54829,717301,573568
#54829,706133,573568
#54829,704831,573568
#54829,705627,573568
54829,705218,573568,15916
#57570,746857,602240
#57570,743110,602240
#57570,743580,602240
#57570,743548,602240
#57570,746646,602240
57570,744748,602240,3290.9
#60448,768665,632320
#60448,765166,632320
#60448,765543,632320
#60448,762139,632320
#60448,764682,632320
60448,765239,632320,4171.86
#63470,802996,663936
#63470,803963,663936
#63470,802294,663936
#63470,802904,663936
#63470,802263,663936
63470,802884,663936,1236.42
#66643,889701,697088
#66643,868388,697088
#66643,868081,697088
#66643,867465,697088
#66643,881608,697088
66643,875049,697088,18069.7
#69975,928793,731904
#69975,914590,731904
#69975,913650,731904
#69975,911502,731904
#69975,913393,731904
69975,916386,731904,12568.4
#73473,946345,768384
#73473,945158,768384
#73473,942130,768384
#73473,944205,768384
#73473,943743,768384
73473,944316,768384,2820.65
#77146,992054,806784
#77146,991695,806784
#77146,991556,806784
#77146,993695,806784
#77146,992173,806784
77146,992235,806784,1528.62
#81003,1069173,847104
#81003,1065632,847104
#81003,1068461,847104
#81003,1065784,847104
#81003,1067294,847104
81003,1.06727e+06,847104,2818.75
#85053,1092538,889472
#85053,1087038,889472
#85053,1090315,889472
#85053,1089976,889472
#85053,1089229,889472
85053,1.08982e+06,889472,3549.16
#89305,1161591,933888
#89305,1164235,933888
#89305,1613761,933888
#89305,1860664,933888
#89305,1880702,933888
89305,1.53619e+06,933888,637912
#93770,1841670,980480
#93770,1348401,980480
#93770,2012817,980480
#93770,2097386,980480
#93770,2025292,980480
93770,1.86511e+06,980480,543298
#98458,1352710,1029504
#98458,1351552,1029504
#98458,1353207,1029504
#98458,1347742,1029504
#98458,1353079,1029504
98458,1.35166e+06,1029504,4086.23
#103380,1433957,1080960
#103380,1387557,1080960
#103380,1435481,1080960
#103380,1426664,1080960
#103380,1387461,1080960
103380,1.41422e+06,1080960,44030.8
#108549,1465262,1134976
#108549,1469623,1134976
#108549,1466546,1134976
#108549,1463151,1134976
#108549,1467093,1134976
108549,1.46634e+06,1134976,4263.26
#113976,1544536,1191680
#113976,1541565,1191680
#113976,1540364,1191680
#113976,1539722,1191680
#113976,1540777,1191680
113976,1.54139e+06,1191680,3363.16
#119674,1594958,1251200
#119674,1636499,1251200
#119674,1616517,1251200
#119674,1618055,1251200
#119674,1618170,1251200
119674,1.61684e+06,1251200,26361.3
#125657,1707074,1313664
#125657,1693402,1313664
#125657,1690580,1313664
#125657,1691050,1313664
#125657,1691158,1313664
125657,1.69465e+06,1313664,12574
#131939,1807954,1379328
#131939,1794401,1379328
#131939,1786034,1379328
#131939,1790131,1379328
#131939,1792611,1379328
131939,1.79423e+06,1379328,14831.7
#138535,1855168,1448192
#138535,1837786,1448192
#138535,1832395,1448192
#138535,1829872,1448192
#138535,1832839,1448192
138535,1.83761e+06,1448192,18289.9
#145461,2001729,1520640
#145461,1984224,1520640
#145461,1982596,1520640
#145461,1933958,1520640
#145461,1928466,1520640
145461,1.96619e+06,1520640,58783.7
#152734,2081769,1596672
#152734,2023198,1596672
#152734,2023903,1596672
#152734,2020732,1596672
#152734,2022811,1596672
152734,2.03448e+06,1596672,47333.5
#160370,2161444,1676416
#160370,2130344,1676416
#160370,2127635,1676416
#160370,2121819,1676416
#160370,2127401,1676416
160370,2.13373e+06,1676416,28264.6
#168388,2280009,1760128
#168388,2236240,1760128
#168388,2236163,1760128
#168388,2237094,1760128
#168388,2232543,1760128
168388,2.24441e+06,1760128,35736.8
#176807,2398688,1848192
#176807,2354734,1848192
#176807,2354421,1848192
#176807,2350987,1848192
#176807,2348542,1848192
176807,2.36147e+06,1848192,37494.2
#185647,2522028,1940480
#185647,2481548,1940480
#185647,2475187,1940480
#185647,2490029,1940480
#185647,2538221,1940480
185647,2.5014e+06,1940480,48923
#194929,2698100,2037504
#194929,2605571,2037504
#194929,2597915,2037504
#194929,2597590,2037504
#194929,2600290,2037504
194929,2.61989e+06,2037504,78415.2
#204675,2812847,2139392
#204675,2743024,2139392
#204675,2736415,2139392
#204675,2783289,2139392
#204675,2804469,2139392
204675,2.77601e+06,2139392,62454.5
#214908,2977369,2246272
#214908,2889646,2246272
#214908,2885460,2246272
#214908,2887269,2246272
#214908,2882340,2246272
214908,2.90442e+06,2246272,73108.1
#225653,3117091,2358528
#225653,3026959,2358528
#225653,3015204,2358528
#225653,3022474,2358528
#225653,3016978,2358528
225653,3.03974e+06,2358528,77793.4
#236935,3503829,2476416
#236935,3209280,2476416
#236935,3251648,2476416
#236935,3202152,2476416
#236935,3206246,2476416
236935,3.27463e+06,2476416,231966
#248781,3640369,2600192
#248781,3396768,2600192
#248781,3380801,2600192
#248781,3425219,2600192
#248781,3364278,2600192
248781,3.44149e+06,2600192,202904
#261220,3841330,2730240
#261220,3553463,2730240
#261220,3526957,2730240
#261220,3547617,2730240
#261220,3523263,2730240
261220,3.59853e+06,2730240,243906
#274281,4032813,2866688
#274281,3679216,2866688
#274281,3734199,2866688
#274281,3720057,2866688
#274281,3701863,2866688
274281,3.77363e+06,2866688,261786
#287995,4272087,3009920
#287995,3898654,3009920
#287995,3909809,3009920
#287995,3907233,3009920
#287995,3944134,3009920
287995,3.98638e+06,3009920,287383
#302394,4494522,3160448
#302394,4156610,3160448
#302394,4112150,3160448
#302394,4102477,3160448
#302394,4107906,3160448
302394,4.19473e+06,3160448,302254
#317513,4761825,3318400
#317513,4314184,3318400
#317513,4316646,3318400
#317513,4308639,3318400
#317513,4311803,3318400
317513,4.40262e+06,3318400,359245
#333388,7385447,3484288
#333388,4780883,3484288
#333388,4687310,3484288
#333388,4660019,3484288
#333388,4654140,3484288
333388,5.23356e+06,3484288,2.15381e+06
#350057,5354551,3658496
#350057,4845571,3658496
#350057,4817407,3658496
#350057,4843866,3658496
#350057,4860100,3658496
350057,4.9443e+06,3658496,411176
#367559,5700294,3841280
#367559,5109541,3841280
#367559,5076883,3841280
#367559,5088899,3841280
#367559,5101138,3841280
367559,5.21535e+06,3841280,485447
#385936,6004005,4033280
#385936,5367782,4033280
#385936,5344587,4033280
#385936,5338132,4033280
#385936,5332257,4033280
385936,5.47735e+06,4033280,527204
#405232,6222677,4235008
#405232,5626554,4235008
#405232,5582988,4235008
#405232,5609417,4235008
#405232,5635383,4235008
405232,5.7354e+06,4235008,488582
#425493,6613919,4446720
#425493,5924997,4446720
#425493,5978692,4446720
#425493,5958417,4446720
#425493,5954717,4446720
425493,6.08615e+06,4446720,528884
#446767,6995072,4668928
#446767,6271267,4668928
#446767,6256972,4668928
#446767,6237827,4668928
#446767,6246593,4668928
446767,6.40155e+06,4668928,593944
#469105,7256299,4902400
#469105,6569549,4902400
#469105,6549750,4902400
#469105,6658696,4902400
#469105,6602322,4902400
469105,6.72732e+06,4902400,534098
#492560,7761108,5147392
#492560,6978820,5147392
#492560,7037659,5147392
#492560,7004822,5147392
#492560,7003994,5147392
492560,7.15728e+06,5147392,604983
#517188,8202014,5404800
#517188,7398983,5404800
#517188,7512617,5404800
#517188,7442038,5404800
#517188,7562722,5404800
517188,7.62367e+06,5404800,589239
#543047,8822179,5675008
#543047,7945950,5675008
#543047,7872587,5675008
#543047,7911424,5675008
#543047,7925318,5675008
543047,8.09549e+06,5675008,728266
#570199,9545170,5958656
#570199,8591474,5958656
#570199,8723943,5958656
#570199,8748946,5958656
#570199,8562591,5958656
570199,8.83442e+06,5958656,725308
#598708,10324713,6256640
#598708,9290638,6256640
#598708,9303397,6256640
#598708,9294672,6256640
#598708,9442593,6256640
598708,9.5312e+06,6256640,801610
#628643,11439636,6569344
#628643,10263988,6569344
#628643,10356566,6569344
#628643,10344372,6569344
#628643,10486440,6569344
628643,1.05782e+07,6569344,873164
#660075,12987684,6897792
#660075,12043242,6897792
#660075,11810867,6897792
#660075,11866487,6897792
#660075,11846269,6897792
660075,1.21109e+07,6897792,891343
#693078,14252970,7242624
#693078,13294754,7242624
#693078,13144922,7242624
#693078,13309523,7242624
#693078,13092132,7242624
693078,1.34189e+07,7242624,850830
#727731,15800665,7604736
#727731,15177881,7604736
#727731,14589131,7604736
#727731,14574972,7604736
#727731,14851185,7604736
727731,1.49988e+07,7604736,914027
#764117,17753427,7984896
#764117,16543051,7984896
#764117,16482590,7984896
#764117,16908777,7984896
#764117,16891587,7984896
764117,1.69159e+07,7984896,907245
#802322,19927521,8384128
#802322,19889239,8384128
#802322,19278223,8384128
#802322,19183399,8384128
#802322,19844703,8384128
802322,1.96246e+07,8384128,647997
#842438,22321371,8803328
#842438,21752372,8803328
#842438,21643167,8803328
#842438,21163654,8803328
#842438,21612027,8803328
842438,2.16985e+07,8803328,741604
#884559,25073308,9243392
#884559,24275554,9243392
#884559,24306143,9243392
#884559,24374181,9243392
#884559,24263331,9243392
884559,2.44585e+07,9243392,619594
#928786,29541460,9705600
#928786,27752624,9705600
#928786,27488296,9705600
#928786,29903608,9705600
#928786,28129862,9705600
928786,2.85632e+07,9705600,1.95016e+06
#975225,31800484,10190848
#975225,30655411,10190848
#975225,30980741,10190848
#975225,31017813,10190848
#975225,30938053,10190848
975225,3.10785e+07,10190848,765888
#1023986,35544972,10700288
#1023986,35142541,10700288
#1023986,34329513,10700288
#1023986,34901538,10700288
#1023986,34983776,10700288
1023986,3.49805e+07,10700288,787358
#1075185,39411869,11235328
#1075185,38976043,11235328
#1075185,38685937,11235328
#1075185,38480895,11235328
#1075185,38953845,11235328
1075185,3.89017e+07,11235328,627470
#1128944,43874551,11796992
#1128944,43158507,11796992
#1128944,43505205,11796992
#1128944,43088775,11796992
#1128944,42846604,11796992
1128944,4.32947e+07,11796992,716817
#1185391,48507209,12386816
#1185391,47568626,12386816
#1185391,47147093,12386816
#1185391,47432319,12386816
#1185391,47425454,12386816
1185391,4.76161e+07,12386816,932274
#1244660,53617994,13006080
#1244660,52576106,13006080
#1244660,52571595,13006080
#1244660,53293294,13006080
#1244660,53365579,13006080
1244660,5.30849e+07,13006080,861975
#1306893,60466158,13656448
#1306893,58620323,13656448
#1306893,60180704,13656448
#1306893,57997770,13656448
#1306893,58543202,13656448
1306893,5.91616e+07,13656448,1.95353e+06
#1372237,65157553,14339200
#1372237,63886876,14339200
#1372237,64076705,14339200
#1372237,64447036,14339200
#1372237,64390415,14339200
1372237,6.43917e+07,14339200,868868
#1440848,71090949,15056128
#1440848,71088171,15056128
#1440848,70264935,15056128
#1440848,71887897,15056128
#1440848,73723880,15056128
1440848,7.16112e+07,15056128,2.34889e+06
#1512890,77906116,15808896
#1512890,77437953,15808896
#1512890,77409517,15808896
#1512890,76961582,15808896
#1512890,77566737,15808896
1512890,7.74564e+07,15808896,607817
#1588534,85030326,16599296
#1588534,84550341,16599296
#1588534,84888748,16599296
#1588534,84895777,16599296
#1588534,84646170,16599296
1588534,8.48023e+07,16599296,353346
#1667960,92154594,17429120
#1667960,92369310,17429120
#1667960,91727265,17429120
#1667960,92084199,17429120
#1667960,92648515,17429120
1667960,9.21968e+07,17429120,612359
#1751358,100644135,18300544
#1751358,100157047,18300544
#1751358,99792115,18300544
#1751358,100648780,18300544
#1751358,101686661,18300544
1751358,1.00586e+08,18300544,1.27531e+06
#1838925,108225217,19215616
#1838925,107882005,19215616
#1838925,108516197,19215616
#1838925,107636814,19215616
#1838925,108434306,19215616
1838925,1.08139e+08,19215616,666426
#1930871,118831055,20176384
#1930871,116810252,20176384
#1930871,117281479,20176384
#1930871,116477738,20176384
#1930871,117418568,20176384
1930871,1.17364e+08,20176384,1.61348e+06
#2027414,127684244,21185152
#2027414,126210133,21185152
#2027414,127008832,21185152
#2027414,126467490,21185152
#2027414,126878895,21185152
2027414,1.2685e+08,21185152,1.01105e+06
#2128784,138158645,22244352
#2128784,136671320,22244352
#2128784,137131632,22244352
#2128784,138137777,22244352
#2128784,137667456,22244352
2128784,1.37553e+08,22244352,1.1582e+06
#2235223,147597352,23356544
#2235223,147581468,23356544
#2235223,146883978,23356544
#2235223,147390742,23356544
#2235223,146752258,23356544
2235223,1.47241e+08,23356544,710865
#2346984,158555674,24524288
#2346984,157813431,24524288
#2346984,157812760,24524288
#2346984,158135574,24524288
#2346984,159035606,24524288
2346984,1.58271e+08,24524288,939512
#2464333,170339930,25750528
#2464333,169626513,25750528
#2464333,170364121,25750528
#2464333,169338258,25750528
#2464333,169745361,25750528
2464333,1.69883e+08,25750528,810795
#2587549,183394115,27037952
#2587549,183730953,27037952
#2587549,182593379,27037952
#2587549,183073725,27037952
#2587549,182729251,27037952
2587549,1.83104e+08,27037952,838725
#2716926,196526138,28389760
#2716926,195506473,28389760
#2716926,195350384,28389760
#2716926,195037538,28389760
#2716926,195568190,28389760
2716926,1.95598e+08,28389760,998454
#2852772,210043923,29809280
#2852772,210153909,29809280
#2852772,210232684,29809280
#2852772,209350424,29809280
#2852772,210728148,29809280
2852772,2.10102e+08,29809280,885471
#2995410,226334580,31299712
#2995410,223892147,31299712
#2995410,224730086,31299712
#2995410,224192972,31299712
#2995410,224835345,31299712
2995410,2.24797e+08,31299712,1.68611e+06
#3145180,239736771,32864640
#3145180,240076527,32864640
#3145180,239171800,32864640
#3145180,239793759,32864640
#3145180,239206742,32864640
3145180,2.39597e+08,32864640,705006
#3302439,256073038,34507776
#3302439,255644385,34507776
#3302439,255283259,34507776
#3302439,256385828,34507776
#3302439,255605569,34507776
3302439,2.55798e+08,34507776,772928
#3467560,274025424,36233216
#3467560,273018497,36233216
#3467560,312745812,36233216
#3467560,272450828,36233216
#3467560,272912922,36233216
3467560,2.81031e+08,36233216,3.17318e+07
#3640938,291274707,38044800
#3640938,290467783,38044800
#3640938,290148709,38044800
#3640938,291569182,38044800
#3640938,290237526,38044800
3640938,2.9074e+08,38044800,1.14879e+06
#3822984,309941877,39947008
#3822984,310321019,39947008
#3822984,311318151,39947008
#3822984,314495213,39947008
#3822984,309398276,39947008
3822984,3.11095e+08,39947008,3.62424e+06
#4014133,331161740,41944320
#4014133,329502439,41944320
#4014133,329305555,41944320
#4014133,330501590,41944320
#4014133,329797507,41944320
4014133,3.30054e+08,41944320,1.37335e+06
#4214839,350521749,44041472
#4214839,351072561,44041472
#4214839,351995594,44041472
#4214839,351717784,44041472
#4214839,351832286,44041472
4214839,3.51428e+08,44041472,1.10171e+06
#4425580,373339563,46243456
#4425580,373089075,46243456
#4425580,375871873,46243456
#4425580,372166189,46243456
#4425580,374309186,46243456
4425580,3.73755e+08,46243456,2.51851e+06
#4646859,396919783,48555648
#4646859,396386463,48555648
#4646859,396077036,48555648
#4646859,395531448,48555648
#4646859,395333310,48555648
4646859,3.9605e+08,48555648,1.14996e+06
#4879201,424763640,50983424
#4879201,420678029,50983424
#4879201,423713949,50983424
#4879201,420082525,50983424
#4879201,421583143,50983424
4879201,4.22164e+08,50983424,3.58201e+06
#5123161,446390727,53532544
#5123161,445882397,53532544
#5123161,445123989,53532544
#5123161,447066285,53532544
#5123161,446007311,53532544
5123161,4.46094e+08,53532544,1.27329e+06
#5379319,478737270,56209152
#5379319,475924324,56209152
#5379319,473177496,56209152
#5379319,472618267,56209152
#5379319,472826865,56209152
5379319,4.74657e+08,56209152,4.72859e+06
#5648284,501014238,59019520
#5648284,504027402,59019520
#5648284,501566557,59019520
#5648284,504348325,59019520
#5648284,501696172,59019520
5648284,5.02531e+08,59019520,2.75239e+06
#5930698,532958586,61970432
#5930698,532234864,61970432
#5930698,531268395,61970432
#5930698,531772117,61970432
#5930698,535898296,61970432
5930698,5.32826e+08,61970432,3.26715e+06
#6227232,563358117,65068928
#6227232,561780183,65068928
#6227232,567954871,65068928
#6227232,561810047,65068928
#6227232,563268295,65068928
6227232,5.63634e+08,65068928,4.5293e+06
#6538593,597258081,68322304
#6538593,597537206,68322304
#6538593,596286065,68322304
#6538593,597318627,68322304
#6538593,601197256,68322304
6538593,5.97919e+08,68322304,3.38898e+06
#6865522,635743917,71738368
#6865522,633584104,71738368
#6865522,633146451,71738368
#6865522,635142462,71738368
#6865522,632928003,71738368
6865522,6.34109e+08,71738368,2.25171e+06
#7208798,674779970,75325312
#7208798,671041643,75325312
#7208798,672079284,75325312
#7208798,672882057,75325312
#7208798,674600302,75325312
7208798,6.73077e+08,75325312,2.88398e+06
#7569237,713493111,79091456
#7569237,718346308,79091456
#7569237,712493480,79091456
#7569237,713108608,79091456
#7569237,715019378,79091456
7569237,7.14492e+08,79091456,4.199e+06
#7947698,755940245,83046016
#7947698,755208719,83046016
#7947698,758603161,83046016
#7947698,756785294,83046016
#7947698,757446523,83046016
7947698,7.56797e+08,83046016,2.35642e+06
#8345082,801165077,87198336
#8345082,800903185,87198336
#8345082,802903533,87198336
#8345082,802016122,87198336
#8345082,800309296,87198336
8345082,8.01459e+08,87198336,1.81421e+06
#8762336,848208581,91558144
#8762336,848236277,91558144
#8762336,868707516,91558144
#8762336,847744181,91558144
#8762336,847533501,91558144
8762336,8.52086e+08,91558144,1.66302e+07
#9200452,900237132,96136064
#9200452,900550525,96136064
#9200452,898005834,96136064
#9200452,897815161,96136064
#9200452,899570271,96136064
9200452,8.99236e+08,96136064,2.25815e+06
#9660474,950892064,100942848
#9660474,953364561,100942848
#9660474,952087720,100942848
#9660474,949678012,100942848
#9660474,952330947,100942848
9660474,9.51671e+08,100942848,2.53867e+06
