#1,70,32
#1,79,32
#1,38,32
#1,34,32
#1,35,32
#1,37,32
#1,35,32
#1,36,32
#1,37,32
#1,37,32
1,43.8,32,31.0458
#2,48,32
#2,43,32
#2,43,32
#2,43,32
#2,44,32
#2,44,32
#2,42,32
#2,43,32
#2,45,32
#2,46,32
2,44.1,32,3.4
#3,56,48
#3,51,48
#3,49,48
#3,50,48
#3,53,48
#3,50,48
#3,52,48
#3,49,48
#3,49,48
#3,50,48
3,50.9,48,4.23792
#4,63,48
#4,66,48
#4,57,48
#4,61,48
#4,58,48
#4,73,48
#4,117,48
#4,68,48
#4,60,48
#4,59,48
4,68.2,48,33.8798
#5,69,64
#5,71,64
#5,63,64
#5,62,64
#5,65,64
#5,65,64
#5,65,64
#5,65,64
#5,66,64
#5,66,64
5,65.7,64,4.98397
#6,118,64
#6,102,64
#6,71,64
#6,70,64
#6,71,64
#6,70,64
#6,70,64
#6,71,64
#6,70,64
#6,69,64
6,78.2,64,32.6166
#7,139,80
#7,99,80
#7,77,80
#7,76,80
#7,78,80
#7,77,80
#7,77,80
#7,78,80
#7,78,80
#7,75,80
7,85.4,80,38.1072
#8,110,80
#8,116,80
#8,86,80
#8,85,80
#8,85,80
#8,83,80
#8,84,80
#8,88,80
#8,84,80
#8,87,80
8,90.8,80,22.5353
#9,113,96
#9,116,96
#9,91,96
#9,91,96
#9,90,96
#9,93,96
#9,92,96
#9,92,96
#9,92,96
#9,90,96
9,96,96,18.6333
#10,138,96
#10,139,96
#10,100,96
#10,99,96
#10,99,96
#10,99,96
#10,99,96
#10,183,96
#10,351,96
#10,111,96
10,141.8,96,149.007
#11,149,112
#11,149,112
#11,109,112
#11,108,112
#11,109,112
#11,117,112
#11,109,112
#11,107,112
#11,107,112
#11,108,112
11,117.2,112,32.259
#12,168,112
#12,143,112
#12,134,112
#12,132,112
#12,132,112
#12,115,112
#12,117,112
#12,115,112
#12,117,112
#12,117,112
12,129,112,32.1497
#13,203,128
#13,187,128
#13,193,128
#13,225,128
#13,132,128
#13,126,128
#13,128,128
#13,128,128
#13,125,128
#13,125,128
13,157.2,128,75.5026
#14,164,128
#14,164,128
#14,171,128
#14,144,128
#14,143,128
#14,128,128
#14,128,128
#14,128,128
#14,126,128
#14,130,128
14,142.6,128,33.4568
#15,155,256
#15,148,256
#15,145,256
#15,140,256
#15,132,256
#15,134,256
#15,134,256
#15,132,256
#15,133,256
#15,134,256
15,138.7,256,15.2591
#16,142,256
#16,153,256
#16,149,256
#16,147,256
#16,139,256
#16,140,256
#16,137,256
#16,141,256
#16,135,256
#16,141,256
16,142.4,256,10.6283
#17,246,256
#17,216,256
#17,165,256
#17,163,256
#17,166,256
#17,147,256
#17,148,256
#17,148,256
#17,151,256
#17,172,256
17,172.2,256,62.5958
#18,160,256
#18,178,256
#18,173,256
#18,184,256
#18,176,256
#18,153,256
#18,154,256
#18,156,256
#18,153,256
#18,155,256
18,164.2,256,23.0096
#19,162,256
#19,174,256
#19,171,256
#19,167,256
#19,159,256
#19,162,256
#19,162,256
#19,158,256
#19,161,256
#19,161,256
19,163.7,256,9.96193
#20,172,256
#20,176,256
#20,176,256
#20,172,256
#20,166,256
#20,167,256
#20,167,256
#20,168,256
#20,166,256
#20,167,256
20,169.7,256,7.53923
#21,174,256
#21,181,256
#21,186,256
#21,179,256
#21,310,256
#21,324,256
#21,175,256
#21,179,256
#21,177,256
#21,176,256
21,206.1,256,111.263
#22,305,256
#22,256,256
#22,227,256
#22,186,256
#22,186,256
#22,188,256
#22,187,256
#22,189,256
#22,192,256
#22,188,256
22,210.4,256,77.0517
#23,227,256
#23,209,256
#23,207,256
#23,191,256
#23,189,256
#23,189,256
#23,191,256
#23,195,256
#23,190,256
#23,188,256
23,197.6,256,24.285
#24,374,256
#24,299,256
#24,252,256
#24,225,256
#24,213,256
#24,213,256
#24,215,256
#24,215,256
#24,214,256
#24,233,256
24,245.3,256,99.9162
#25,207,512
#25,240,512
#25,245,512
#25,245,512
#25,202,512
#25,200,512
#25,206,512
#25,203,512
#25,201,512
#25,199,512
25,214.8,512,37.7338
#26,219,512
#26,216,512
#26,216,512
#26,212,512
#26,213,512
#26,208,512
#26,208,512
#26,209,512
#26,206,512
#26,208,512
26,211.5,512,8.30662
#27,236,512
#27,240,512
#27,238,512
#27,216,512
#27,216,512
#27,214,512
#27,219,512
#27,214,512
#27,219,512
#27,217,512
27,222.9,512,20.1087
#28,226,512
#28,248,512
#28,242,512
#28,390,512
#28,410,512
#28,233,512
#28,223,512
#28,228,512
#28,226,512
#28,227,512
28,265.3,512,135.809
#29,330,512
#29,314,512
#29,319,512
#29,251,512
#29,255,512
#29,255,512
#29,236,512
#29,237,512
#29,238,512
#29,233,512
29,266.8,512,72.8933
#30,244,512
#30,271,512
#30,262,512
#30,260,512
#30,237,512
#30,237,512
#30,238,512
#30,241,512
#30,238,512
#30,235,512
30,246.3,512,24.626
#31,253,512
#31,253,512
#31,253,512
#31,249,512
#31,242,512
#31,242,512
#31,264,512
#31,243,512
#31,246,512
#31,239,512
31,248.4,512,14.3164
#32,314,512
#32,287,512
#32,279,512
#32,256,512
#32,303,512
#32,257,512
#32,255,512
#32,253,512
#32,257,512
#32,252,512
32,271.3,512,43.5894
#33,268,512
#33,289,512
#33,292,512
#33,290,512
#33,284,512
#33,262,512
#33,261,512
#33,265,512
#33,259,512
#33,267,512
33,273.7,512,25.3622
#34,291,512
#34,293,512
#34,286,512
#34,269,512
#34,265,512
#34,266,512
#34,268,512
#34,270,512
#34,268,512
#34,263,512
34,273.9,512,21.6601
#35,273,512
#35,290,512
#35,296,512
#35,292,512
#35,281,512
#35,280,512
#35,274,512
#35,276,512
#35,275,512
#35,277,512
35,281.4,512,15.7022
#36,301,512
#36,304,512
#36,295,512
#36,280,512
#36,281,512
#36,278,512
#36,449,512
#36,529,512
#36,295,512
#36,290,512
36,330.2,512,163.626
#37,325,512
#37,346,512
#37,334,512
#37,326,512
#37,306,512
#37,313,512
#37,307,512
#37,325,512
#37,307,512
#37,308,512
37,319.7,512,25.9546
#38,301,512
#38,299,512
#38,299,512
#38,299,512
#38,301,512
#38,296,512
#38,294,512
#38,301,512
#38,297,512
#38,301,512
38,298.8,512,4.63033
#39,336,512
#39,354,512
#39,340,512
#39,319,512
#39,302,512
#39,307,512
#39,566,512
#39,593,512
#39,316,512
#39,308,512
39,374.1,512,208.08
#40,321,512
#40,357,512
#40,347,512
#40,327,512
#40,312,512
#40,313,512
#40,315,512
#40,310,512
#40,311,512
#40,307,512
40,322,512,32.2242
#42,432,512
#42,395,512
#42,399,512
#42,345,512
#42,355,512
#42,350,512
#42,328,512
#42,327,512
#42,329,512
#42,335,512
42,359.5,512,69.2142
#44,334,512
#44,373,512
#44,371,512
#44,376,512
#44,345,512
#44,339,512
#44,337,512
#44,355,512
#44,341,512
#44,339,512
44,351,512,31.2026
#46,385,512
#46,389,512
#46,383,512
#46,356,512
#46,358,512
#46,362,512
#46,358,512
#46,362,512
#46,361,512
#46,362,512
46,367.6,512,24.1197
#48,438,512
#48,444,512
#48,411,512
#48,383,512
#48,574,512
#48,634,512
#48,386,512
#48,373,512
#48,370,512
#48,374,512
48,438.7,512,174.753
#50,439,1024
#50,453,1024
#50,423,1024
#50,398,1024
#50,378,1024
#50,381,1024
#50,386,1024
#50,382,1024
#50,381,1024
#50,384,1024
50,400.5,1024,52.3163
#52,479,1024
#52,481,1024
#52,733,1024
#52,828,1024
#52,416,1024
#52,400,1024
#52,406,1024
#52,401,1024
#52,395,1024
#52,400,1024
52,493.9,1024,295.987
#54,460,1024
#54,471,1024
#54,472,1024
#54,431,1024
#54,431,1024
#54,436,1024
#54,418,1024
#54,429,1024
#54,419,1024
#54,484,1024
54,445.1,1024,45.9778
#56,463,1024
#56,499,1024
#56,484,1024
#56,452,1024
#56,417,1024
#56,421,1024
#56,422,1024
#56,419,1024
#56,417,1024
#56,425,1024
56,441.9,1024,58.1821
#58,463,1024
#58,468,1024
#58,467,1024
#58,443,1024
#58,449,1024
#58,444,1024
#58,449,1024
#58,444,1024
#58,444,1024
#58,446,1024
58,451.7,1024,19.2676
#60,467,1024
#60,473,1024
#60,469,1024
#60,458,1024
#60,455,1024
#60,453,1024
#60,455,1024
#60,449,1024
#60,453,1024
#60,450,1024
60,458.2,1024,15.995
#63,487,1024
#63,515,1024
#63,503,1024
#63,907,1024
#63,717,1024
#63,493,1024
#63,481,1024
#63,487,1024
#63,488,1024
#63,495,1024
63,557.3,1024,269.114
#66,548,1024
#66,544,1024
#66,529,1024
#66,514,1024
#66,504,1024
#66,885,1024
#66,1095,1024
#66,514,1024
#66,514,1024
#66,512,1024
66,615.9,1024,386.653
#69,541,1024
#69,636,1024
#69,560,1024
#69,544,1024
#69,531,1024
#69,528,1024
#69,532,1024
#69,528,1024
#69,524,1024
#69,532,1024
69,545.6,1024,63.4741
#72,580,1024
#72,584,1024
#72,580,1024
#72,550,1024
#72,561,1024
#72,562,1024
#72,558,1024
#72,556,1024
#72,551,1024
#72,549,1024
72,563.1,1024,25.3527
#75,641,1024
#75,642,1024
#75,629,1024
#75,607,1024
#75,586,1024
#75,582,1024
#75,572,1024
#75,576,1024
#75,574,1024
#75,568,1024
75,597.7,1024,56.0789
#78,749,1024
#78,732,1024
#78,674,1024
#78,650,1024
#78,615,1024
#78,616,1024
#78,611,1024
#78,615,1024
#78,621,1024
#78,618,1024
78,650.1,1024,98.169
#81,691,1024
#81,704,1024
#81,636,1024
#81,606,1024
#81,611,1024
#81,621,1024
#81,619,1024
#81,621,1024
#81,616,1024
#81,621,1024
81,634.6,1024,64.8642
#85,805,1024
#85,805,1024
#85,1196,1024
#85,682,1024
#85,654,1024
#85,649,1024
#85,654,1024
#85,659,1024
#85,661,1024
#85,674,1024
85,743.9,1024,322.384
#89,791,1024
#89,775,1024
#89,704,1024
#89,695,1024
#89,696,1024
#89,691,1024
#89,689,1024
#89,690,1024
#89,681,1024
#89,693,1024
89,710.5,1024,73.6817
#93,1389,1024
#93,856,1024
#93,767,1024
#93,766,1024
#93,729,1024
#93,719,1024
#93,725,1024
#93,743,1024
#93,724,1024
#93,732,1024
93,815,1024,390.348
#97,794,2048
#97,801,2048
#97,754,2048
#97,746,2048
#97,750,2048
#97,749,2048
#97,748,2048
#97,749,2048
#97,747,2048
#97,745,2048
97,758.3,2048,39.5985
#101,769,2048
#101,777,2048
#101,769,2048
#101,751,2048
#101,752,2048
#101,751,2048
#101,755,2048
#101,750,2048
#101,757,2048
#101,750,2048
101,758.1,2048,18.7072
#106,833,2048
#106,840,2048
#106,833,2048
#106,804,2048
#106,836,2048
#106,830,2048
#106,830,2048
#106,840,2048
#106,830,2048
#106,824,2048
106,830,2048,19.6571
#111,1647,2048
#111,865,2048
#111,867,2048
#111,850,2048
#111,845,2048
#111,825,2048
#111,828,2048
#111,829,2048
#111,834,2048
#111,837,2048
111,922.7,2048,483.682
#116,946,2048
#116,946,2048
#116,936,2048
#116,892,2048
#116,880,2048
#116,871,2048
#116,868,2048
#116,872,2048
#116,873,2048
#116,868,2048
116,895.2,2048,63.7608
#121,938,2048
#121,951,2048
#121,932,2048
#121,926,2048
#121,926,2048
#121,934,2048
#121,924,2048
#121,934,2048
#121,935,2048
#121,922,2048
121,932.2,2048,16.1196
#127,969,2048
#127,980,2048
#127,975,2048
#127,986,2048
#127,965,2048
#127,941,2048
#127,938,2048
#127,944,2048
#127,960,2048
#127,949,2048
127,960.7,2048,32.3981
#133,1100,2048
#133,1083,2048
#133,1034,2048
#133,1037,2048
#133,1033,2048
#133,1033,2048
#133,1022,2048
#133,1019,2048
#133,1029,2048
#133,1040,2048
133,1043,2048,50.549
#139,1164,2048
#139,1127,2048
#139,1059,2048
#139,1053,2048
#139,1490,2048
#139,2081,2048
#139,1086,2048
#139,1073,2048
#139,1061,2048
#139,1079,2048
139,1227.3,2048,620.97
#145,1224,2048
#145,1188,2048
#145,1118,2048
#145,1086,2048
#145,1096,2048
#145,1096,2048
#145,1104,2048
#145,1093,2048
#145,1912,2048
#145,1332,2048
145,1224.9,2048,482.039
#152,1297,2048
#152,1270,2048
#152,1201,2048
#152,1187,2048
#152,1178,2048
#152,1182,2048
#152,1184,2048
#152,1181,2048
#152,1183,2048
#152,1195,2048
152,1205.8,2048,79.7035
#159,1326,2048
#159,1319,2048
#159,1303,2048
#159,1222,2048
#159,1235,2048
#159,1232,2048
#159,1231,2048
#159,1240,2048
#159,1235,2048
#159,1228,2048
159,1257.1,2048,78.3451
#166,1568,2048
#166,1509,2048
#166,1355,2048
#166,1307,2048
#166,1304,2048
#166,1270,2048
#166,1260,2048
#166,1272,2048
#166,1263,2048
#166,1258,2048
166,1336.6,2048,211.297
#174,1818,2048
#174,2420,2048
#174,1371,2048
#174,1357,2048
#174,1322,2048
#174,1340,2048
#174,1321,2048
#174,1313,2048
#174,1301,2048
#174,1302,2048
174,1486.5,2048,688.735
#182,1739,2048
#182,1656,2048
#182,1479,2048
#182,1424,2048
#182,1415,2048
#182,1422,2048
#182,1421,2048
#182,1424,2048
#182,1422,2048
#182,1409,2048
182,1481.1,2048,222.525
#191,1829,2048
#191,1775,2048
#191,1548,2048
#191,1462,2048
#191,1418,2048
#191,1426,2048
#191,1435,2048
#191,1435,2048
#191,1424,2048
#191,1431,2048
191,1518.3,2048,293.566
#200,1597,4096
#200,1617,4096
#200,1565,4096
#200,1547,4096
#200,1522,4096
#200,1529,4096
#200,1526,4096
#200,1538,4096
#200,1517,4096
#200,1524,4096
200,1548.2,4096,65.1448
#210,1590,4096
#210,1626,4096
#210,1602,4096
#210,1595,4096
#210,1605,4096
#210,2798,4096
#210,1649,4096
#210,2442,4096
#210,2427,4096
#210,1613,4096
210,1894.7,4096,886.119
#220,1650,4096
#220,1678,4096
#220,1663,4096
#220,1626,4096
#220,1658,4096
#220,1648,4096
#220,15206,4096
#220,1590,4096
#220,1589,4096
#220,1593,4096
220,2990.1,4096,8144.17
#231,1633,4096
#231,1689,4096
#231,1655,4096
#231,1660,4096
#231,1661,4096
#231,1625,4096
#231,1655,4096
#231,1640,4096
#231,1629,4096
#231,1630,4096
231,1647.7,4096,37.9162
#242,1877,4096
#242,1888,4096
#242,1872,4096
#242,1866,4096
#242,1834,4096
#242,1874,4096
#242,1861,4096
#242,1852,4096
#242,1864,4096
#242,1870,4096
242,1865.8,4096,28.0685
#254,1981,4096
#254,2006,4096
#254,2343,4096
#254,3489,4096
#254,1911,4096
#254,1896,4096
#254,1879,4096
#254,1901,4096
#254,1898,4096
#254,1899,4096
254,2120.3,4096,949.575
#266,2038,4096
#266,2039,4096
#266,1950,4096
#266,1904,4096
#266,1897,4096
#266,1903,4096
#266,3349,4096
#266,1961,4096
#266,1933,4096
#266,1927,4096
266,2090.1,4096,844.904
#279,2288,4096
#279,2313,4096
#279,2150,4096
#279,2117,4096
#279,2140,4096
#279,2183,4096
#279,2152,4096
#279,2142,4096
#279,2143,4096
#279,2124,4096
279,2175.2,4096,130.129
#292,2535,4096
#292,2456,4096
#292,2322,4096
#292,2282,4096
#292,2229,4096
#292,2219,4096
#292,2208,4096
#292,2192,4096
#292,3374,4096
#292,2995,4096
292,2481.2,4096,753.728
#306,2504,4096
#306,2477,4096
#306,2321,4096
#306,4057,4096
#306,2290,4096
#306,2276,4096
#306,2262,4096
#306,2270,4096
#306,2272,4096
#306,2249,4096
306,2497.8,4096,1053.68
#321,2778,4096
#321,2537,4096
#321,2406,4096
#321,2401,4096
#321,2393,4096
#321,2408,4096
#321,2348,4096
#321,2363,4096
#321,2358,4096
#321,2360,4096
321,2435.2,4096,250.479
#337,3178,4096
#337,2889,4096
#337,2705,4096
#337,2666,4096
#337,2551,4096
#337,2554,4096
#337,2555,4096
#337,2547,4096
#337,2533,4096
#337,3579,4096
337,2775.7,4096,662.288
#353,3384,4096
#353,3010,4096
#353,2767,4096
#353,2719,4096
#353,2733,4096
#353,2736,4096
#353,2680,4096
#353,2686,4096
#353,2671,4096
#353,2669,4096
353,2805.5,4096,430.017
#370,3526,4096
#370,3197,4096
#370,2862,4096
#370,2831,4096
#370,2757,4096
#370,2741,4096
#370,2752,4096
#370,2740,4096
#370,2742,4096
#370,2712,4096
370,2886,4096,505.123
#388,2962,8192
#388,2960,8192
#388,2906,8192
#388,2870,8192
#388,2881,8192
#388,2857,8192
#388,3448,8192
#388,3930,8192
#388,2894,8192
#388,2857,8192
388,3056.5,8192,671.939
#407,2990,8192
#407,3025,8192
#407,2984,8192
#407,2954,8192
#407,2978,8192
#407,2954,8192
#407,2963,8192
#407,2952,8192
#407,2949,8192
#407,5280,8192
407,3202.9,8192,1385.45
#427,3101,8192
#427,3114,8192
#427,3094,8192
#427,3095,8192
#427,3097,8192
#427,3099,8192
#427,3103,8192
#427,3118,8192
#427,3090,8192
#427,3114,8192
427,3102.5,8192,18.2702
#448,3308,8192
#448,3615,8192
#448,4727,8192
#448,3297,8192
#448,3260,8192
#448,3276,8192
#448,3271,8192
#448,3292,8192
#448,3269,8192
#448,3274,8192
448,3458.9,8192,868.989
#470,3489,8192
#470,3516,8192
#470,3450,8192
#470,3406,8192
#470,3387,8192
#470,3380,8192
#470,3378,8192
#470,3376,8192
#470,3392,8192
#470,3401,8192
470,3417.5,8192,94.9621
#493,3567,8192
#493,3636,8192
#493,3613,8192
#493,3584,8192
#493,3580,8192
#493,3586,8192
#493,3583,8192
#493,3592,8192
#493,4148,8192
#493,4565,8192
493,3745.4,8192,639.961
#517,3839,8192
#517,3872,8192
#517,3747,8192
#517,3753,8192
#517,3735,8192
#517,3746,8192
#517,3733,8192
#517,3765,8192
#517,3775,8192
#517,3746,8192
517,3771.1,8192,88.92
#542,4182,8192
#542,4226,8192
#542,4061,8192
#542,4006,8192
#542,4000,8192
#542,4004,8192
#542,4011,8192
#542,4004,8192
#542,3997,8192
#542,3995,8192
542,4048.6,8192,160.654
#569,4260,8192
#569,4258,8192
#569,4272,8192
#569,4206,8192
#569,4209,8192
#569,4177,8192
#569,4161,8192
#569,4131,8192
#569,4180,8192
#569,4188,8192
569,4204.2,8192,88.1898
#597,4597,8192
#597,4674,8192
#597,4454,8192
#597,4364,8192
#597,4355,8192
#597,4341,8192
#597,4370,8192
#597,4360,8192
#597,4378,8192
#597,4337,8192
597,4423,8192,223.845
#626,5084,8192
#626,5020,8192
#626,4773,8192
#626,4600,8192
#626,4627,8192
#626,4624,8192
#626,4607,8192
#626,4610,8192
#626,6855,8192
#626,4675,8192
626,4947.5,8192,1315.31
#657,5456,8192
#657,5247,8192
#657,4991,8192
#657,4963,8192
#657,4905,8192
#657,4895,8192
#657,4834,8192
#657,4836,8192
#657,4828,8192
#657,6420,8192
657,5137.5,8192,938.471
#689,7895,8192
#689,5512,8192
#689,5151,8192
#689,5119,8192
#689,5077,8192
#689,5106,8192
#689,5097,8192
#689,5053,8192
#689,5094,8192
#689,5066,8192
689,5417,8192,1671.38
#723,6201,8192
#723,5911,8192
#723,5537,8192
#723,7802,8192
#723,5434,8192
#723,5411,8192
#723,5358,8192
#723,5359,8192
#723,5363,8192
#723,7346,8192
723,5972.2,8192,1698.23
#759,6708,8192
#759,6118,8192
#759,5764,8192
#759,5719,8192
#759,5626,8192
#759,5624,8192
#759,5613,8192
#759,5621,8192
#759,5633,8192
#759,5635,8192
759,5806.1,8192,668.266
#796,7947,16384
#796,5946,16384
#796,5925,16384
#796,5912,16384
#796,5848,16384
#796,5883,16384
#796,5864,16384
#796,5843,16384
#796,5857,16384
#796,5819,16384
796,6084.4,16384,1244.03
#835,6128,16384
#835,6177,16384
#835,6021,16384
#835,6041,16384
#835,6008,16384
#835,6066,16384
#835,6017,16384
#835,6004,16384
#835,8310,16384
#835,6128,16384
835,6290,16384,1351.45
#876,6794,16384
#876,7390,16384
#876,6574,16384
#876,6479,16384
#876,6481,16384
#876,6488,16384
#876,6516,16384
#876,6540,16384
#876,6480,16384
#876,6503,16384
876,6624.5,16384,541.191
#919,6768,16384
#919,6885,16384
#919,6819,16384
#919,6780,16384
#919,6845,16384
#919,7865,16384
#919,6790,16384
#919,6760,16384
#919,6740,16384
#919,6785,16384
919,6903.7,16384,645.987
#964,7174,16384
#964,7199,16384
#964,7071,16384
#964,9308,16384
#964,6972,16384
#964,6917,16384
#964,7056,16384
#964,13832,16384
#964,7007,16384
#964,6927,16384
964,7946.3,16384,4154
#1012,7872,16384
#1012,7781,16384
#1012,7606,16384
#1012,7569,16384
#1012,7509,16384
#1012,7544,16384
#1012,7581,16384
#1012,10256,16384
#1012,8107,16384
#1012,7882,16384
1012,7970.7,16384,1566.68
#1062,7982,16384
#1062,7998,16384
#1062,7847,16384
#1062,7783,16384
#1062,7804,16384
#1062,7788,16384
#1062,7794,16384
#1062,7755,16384
#1062,7784,16384
#1062,7762,16384
1062,7829.7,16384,167.244
#1115,10809,16384
#1115,8577,16384
#1115,8297,16384
#1115,8210,16384
#1115,8267,16384
#1115,8223,16384
#1115,8210,16384
#1115,8248,16384
#1115,8202,16384
#1115,8215,16384
1115,8525.8,16384,1536.84
#1170,10541,16384
#1170,9002,16384
#1170,8730,16384
#1170,8641,16384
#1170,8593,16384
#1170,8609,16384
#1170,8633,16384
#1170,8625,16384
#1170,8622,16384
#1170,8646,16384
1170,8864.2,16384,1140.89
#1228,9877,16384
#1228,9697,16384
#1228,9320,16384
#1228,9306,16384
#1228,9186,16384
#1228,9134,16384
#1228,9106,16384
#1228,9121,16384
#1228,9085,16384
#1228,9092,16384
1228,9292.4,16384,525.401
#1289,10321,16384
#1289,10000,16384
#1289,9805,16384
#1289,9761,16384
#1289,9570,16384
#1289,9567,16384
#1289,9552,16384
#1289,9528,16384
#1289,9536,16384
#1289,9524,16384
1289,9716.4,16384,502.652
#1353,11538,16384
#1353,10817,16384
#1353,12542,16384
#1353,10284,16384
#1353,10165,16384
#1353,10083,16384
#1353,10088,16384
#1353,10068,16384
#1353,10164,16384
#1353,10057,16384
1353,10580.6,16384,1585.06
#1420,12888,16384
#1420,11701,16384
#1420,11250,16384
#1420,10951,16384
#1420,10836,16384
#1420,10679,16384
#1420,10618,16384
#1420,10692,16384
#1420,10687,16384
#1420,10724,16384
1420,11102.6,16384,1350.62
#1491,13665,16384
#1491,12567,16384
#1491,11616,16384
#1491,11580,16384
#1491,11264,16384
#1491,11168,16384
#1491,11157,16384
#1491,24627,16384
#1491,14871,16384
#1491,10895,16384
1491,13341,16384,7906.56
#1565,11455,32768
#1565,11615,32768
#1565,11364,32768
#1565,11266,32768
#1565,11245,32768
#1565,14296,32768
#1565,11296,32768
#1565,11570,32768
#1565,11260,32768
#1565,11308,32768
1565,11667.5,32768,1769.92
#1643,11957,32768
#1643,14728,32768
#1643,11993,32768
#1643,11886,32768
#1643,14138,32768
#1643,11969,32768
#1643,11874,32768
#1643,11873,32768
#1643,11882,32768
#1643,11911,32768
1643,12421.1,32768,2030.71
#1725,12556,32768
#1725,12725,32768
#1725,12485,32768
#1725,12418,32768
#1725,12362,32768
#1725,12329,32768
#1725,12393,32768
#1725,12398,32768
#1725,12372,32768
#1725,12351,32768
1725,12438.9,32768,229.87
#1811,21284,32768
#1811,16206,32768
#1811,13325,32768
#1811,13137,32768
#1811,14544,32768
#1811,14270,32768
#1811,13200,32768
#1811,13188,32768
#1811,13136,32768
#1811,15669,32768
1811,14795.9,32768,4816.19
#1901,13895,32768
#1901,16305,32768
#1901,13945,32768
#1901,13790,32768
#1901,13695,32768
#1901,13762,32768
#1901,13695,32768
#1901,13781,32768
#1901,13746,32768
#1901,13816,32768
1901,14043,32768,1515.48
#1996,14558,32768
#1996,14614,32768
#1996,14372,32768
#1996,14354,32768
#1996,14247,32768
#1996,14335,32768
#1996,17415,32768
#1996,14411,32768
#1996,14321,32768
#1996,14365,32768
1996,14699.2,32768,1822.51
#2095,15689,32768
#2095,15902,32768
#2095,31793,32768
#2095,15063,32768
#2095,15019,32768
#2095,14983,32768
#2095,15024,32768
#2095,14926,32768
#2095,14992,32768
#2095,22794,32768
2095,17618.5,32768,10497.3
#2199,15777,32768
#2199,15960,32768
#2199,15594,32768
#2199,16868,32768
#2199,15626,32768
#2199,17994,32768
#2199,18699,32768
#2199,15566,32768
#2199,15549,32768
#2199,15553,32768
2199,16318.6,32768,2186.01
#2308,16884,32768
#2308,20177,32768
#2308,16618,32768
#2308,16464,32768
#2308,16536,32768
#2308,16386,32768
#2308,16429,32768
#2308,19067,32768
#2308,16552,32768
#2308,16456,32768
2308,17156.9,32768,2528.34
#2423,18198,32768
#2423,20471,32768
#2423,17552,32768
#2423,17447,32768
#2423,17133,32768
#2423,17233,32768
#2423,17214,32768
#2423,17143,32768
#2423,17214,32768
#2423,19965,32768
2423,17957,32768,2349.84
#2544,20481,32768
#2544,18988,32768
#2544,18535,32768
#2544,18353,32768
#2544,21134,32768
#2544,18109,32768
#2544,18058,32768
#2544,18070,32768
#2544,18008,32768
#2544,18038,32768
2544,18777.4,32768,2130.02
#2671,20520,32768
#2671,21173,32768
#2671,19826,32768
#2671,22123,32768
#2671,19172,32768
#2671,19153,32768
#2671,19171,32768
#2671,19103,32768
#2671,19114,32768
#2671,32334,32768
2671,21168.9,32768,7702.67
#2804,21446,32768
#2804,21660,32768
#2804,20008,32768
#2804,19715,32768
#2804,19377,32768
#2804,22052,32768
#2804,19441,32768
#2804,19382,32768
#2804,19380,32768
#2804,19372,32768
2804,20183.3,32768,2065.32
#2944,24111,32768
#2944,25325,32768
#2944,23942,32768
#2944,21455,32768
#2944,20870,32768
#2944,20717,32768
#2944,20693,32768
#2944,20691,32768
#2944,20679,32768
#2944,24771,32768
2944,22325.4,32768,3703.49
#3091,21705,65536
#3091,24334,65536
#3091,21955,65536
#3091,21681,65536
#3091,21549,65536
#3091,21502,65536
#3091,23822,65536
#3091,21708,65536
#3091,23939,65536
#3091,21807,65536
3091,22400.2,65536,2162.41
#3245,22610,65536
#3245,22998,65536
#3245,22812,65536
#3245,23546,65536
#3245,25100,65536
#3245,22798,65536
#3245,22815,65536
#3245,22759,65536
#3245,22663,65536
#3245,22707,65536
3245,23080.8,65536,1437.05
#3407,25780,65536
#3407,24175,65536
#3407,26360,65536
#3407,30203,65536
#3407,23878,65536
#3407,23760,65536
#3407,23752,65536
#3407,23729,65536
#3407,27665,65536
#3407,24017,65536
3407,25331.9,65536,4154.33
#3577,24682,65536
#3577,25152,65536
#3577,24869,65536
#3577,26145,65536
#3577,25139,65536
#3577,27431,65536
#3577,24990,65536
#3577,24988,65536
#3577,24923,65536
#3577,25009,65536
3577,25332.8,65536,1584.95
#3755,26196,65536
#3755,29655,65536
#3755,26184,65536
#3755,26101,65536
#3755,26120,65536
#3755,29002,65536
#3755,26212,65536
#3755,28542,65536
#3755,26329,65536
#3755,26208,65536
3755,27054.9,65536,2683.13
#3942,27669,65536
#3942,28192,65536
#3942,27691,65536
#3942,27643,65536
#3942,27623,65536
#3942,30468,65536
#3942,27744,65536
#3942,30309,65536
#3942,27789,65536
#3942,27596,65536
3942,28272.4,65536,2141.52
#4139,30956,65536
#4139,31398,65536
#4139,28716,65536
#4139,28506,65536
#4139,28480,65536
#4139,28448,65536
#4139,30545,65536
#4139,28525,65536
#4139,28391,65536
#4139,29367,65536
4139,29333.2,65536,2234.65
#4345,32414,65536
#4345,30573,65536
#4345,30213,65536
#4345,29862,65536
#4345,29927,65536
#4345,32033,65536
#4345,29920,65536
#4345,32003,65536
#4345,30033,65536
#4345,29913,65536
4345,30689.1,65536,1963.37
#4562,31811,65536
#4562,32073,65536
#4562,31442,65536
#4562,33602,65536
#4562,31262,65536
#4562,33385,65536
#4562,31355,65536
#4562,31232,65536
#4562,33458,65536
#4562,31314,65536
4562,32093.4,65536,1886.44
#4790,38822,65536
#4790,34320,65536
#4790,33895,65536
#4790,33276,65536
#4790,33207,65536
#4790,35437,65536
#4790,33273,65536
#4790,35320,65536
#4790,33193,65536
#4790,33119,65536
4790,34386.2,65536,3393.52
#5029,37064,65536
#5029,38873,65536
#5029,49284,65536
#5029,36746,65536
#5029,34325,65536
#5029,34255,65536
#5029,36392,65536
#5029,36345,65536
#5029,34430,65536
#5029,34225,65536
5029,37193.9,65536,8576.53
#5280,37840,65536
#5280,37282,65536
#5280,39165,65536
#5280,38551,65536
#5280,35542,65536
#5280,35482,65536
#5280,35399,65536
#5280,40138,65536
#5280,35737,65536
#5280,35643,65536
5280,37077.9,65536,3352.27
#5544,41203,65536
#5544,40193,65536
#5544,43762,65536
#5544,39318,65536
#5544,41614,65536
#5544,38166,65536
#5544,44164,65536
#5544,38018,65536
#5544,41406,65536
#5544,38126,65536
5544,40597,65536,4255
#5821,43352,65536
#5821,45089,65536
#5821,42205,65536
#5821,40096,65536
#5821,42270,65536
#5821,39239,65536
#5821,42164,65536
#5821,38932,65536
#5821,42105,65536
#5821,42041,65536
5821,41749.3,65536,3552.85
#6112,49214,65536
#6112,46232,65536
#6112,52431,65536
#6112,46564,65536
#6112,42935,65536
#6112,45344,65536
#6112,44822,65536
#6112,42046,65536
#6112,45055,65536
#6112,42010,65536
6112,45665.3,65536,6151.38
#6417,47536,131072
#6417,49417,131072
#6417,51003,131072
#6417,50671,131072
#6417,47732,131072
#6417,51010,131072
#6417,50742,131072
#6417,47837,131072
#6417,50791,131072
#6417,50939,131072
6417,49767.8,131072,2844.55
#6737,50170,131072
#6737,53428,131072
#6737,53285,131072
#6737,51574,131072
#6737,50276,131072
#6737,53041,131072
#6737,53312,131072
#6737,50069,131072
#6737,51842,131072
#6737,53057,131072
6737,52005.4,131072,2673.47
#7073,52364,131072
#7073,52742,131072
#7073,52535,131072
#7073,52402,131072
#7073,52414,131072
#7073,52494,131072
#7073,55971,131072
#7073,52004,131072
#7073,52156,131072
#7073,52032,131072
7073,52711.4,131072,2216.27
#7426,59639,131072
#7426,55536,131072
#7426,55288,131072
#7426,55129,131072
#7426,55156,131072
#7426,60308,131072
#7426,55061,131072
#7426,55193,131072
#7426,55138,131072
#7426,55185,131072
7426,56163.3,131072,3829.78
#7797,58321,131072
#7797,64534,131072
#7797,58415,131072
#7797,58002,131072
#7797,62129,131072
#7797,58036,131072
#7797,57821,131072
#7797,57852,131072
#7797,57742,131072
#7797,57784,131072
7797,59063.6,131072,4421.45
#8186,60751,131072
#8186,61180,131072
#8186,60723,131072
#8186,60640,131072
#8186,60759,131072
#8186,60546,131072
#8186,60530,131072
#8186,60625,131072
#8186,60692,131072
#8186,60689,131072
8186,60713.5,131072,344.798
#8595,64637,131072
#8595,64635,131072
#8595,64396,131072
#8595,63963,131072
#8595,63875,131072
#8595,63684,131072
#8595,64033,131072
#8595,63819,131072
#8595,68276,131072
#8595,63901,131072
8595,64521.9,131072,2583.54
#9024,67868,131072
#9024,67920,131072
#9024,67192,131072
#9024,66981,131072
#9024,67027,131072
#9024,66947,131072
#9024,67061,131072
#9024,67002,131072
#9024,66950,131072
#9024,82486,131072
9024,68743.4,131072,9188.44
#9475,75699,131072
#9475,75697,131072
#9475,74785,131072
#9475,74306,131072
#9475,88678,131072
#9475,72459,131072
#9475,72264,131072
#9475,72515,131072
#9475,72414,131072
#9475,72462,131072
9475,75127.9,131072,9416.43
#9948,78522,131072
#9948,78314,131072
#9948,77526,131072
#9948,76771,131072
#9948,76873,131072
#9948,76675,131072
#9948,76471,131072
#9948,76409,131072
#9948,76325,131072
#9948,76577,131072
9948,77046.3,131072,1514.75
#10445,87272,131072
#10445,87109,131072
#10445,88604,131072
#10445,89788,131072
#10445,97858,131072
#10445,82400,131072
#10445,82669,131072
#10445,82535,131072
#10445,82587,131072
#10445,94088,131072
10445,87491,131072,10109.1
#10967,94036,131072
#10967,96807,131072
#10967,92737,131072
#10967,96114,131072
#10967,90495,131072
#10967,95520,131072
#10967,89630,131072
#10967,92726,131072
#10967,92211,131072
#10967,94780,131072
10967,93505.6,131072,4499.99
#11515,112007,131072
#11515,103632,131072
#11515,102706,131072
#11515,101352,131072
#11515,102265,131072
#11515,97009,131072
#11515,101855,131072
#11515,96561,131072
#11515,101543,131072
#11515,109971,131072
11515,102890,131072,9254.81
#12090,118235,131072
#12090,133342,131072
#12090,112377,131072
#12090,110867,131072
#12090,112280,131072
#12090,110740,131072
#12090,106300,131072
#12090,107761,131072
#12090,107875,131072
#12090,109827,131072
12090,112960,131072,14972.3
#12694,125834,262144
#12694,119245,262144
#12694,113278,262144
#12694,115974,262144
#12694,122968,262144
#12694,150663,262144
#12694,138491,262144
#12694,123789,262144
#12694,113961,262144
#12694,124400,262144
12694,124860,262144,22098.9
#13328,113443,262144
#13328,116930,262144
#13328,125261,262144
#13328,135916,262144
#13328,146991,262144
#13328,125812,262144
#13328,121796,262144
#13328,128969,262144
#13328,116827,262144
#13328,115188,262144
13328,124713,262144,19904.3
#13994,145197,262144
#13994,184622,262144
#13994,149376,262144
#13994,125242,262144
#13994,129003,262144
#13994,128455,262144
#13994,125849,262144
#13994,125874,262144
#13994,125555,262144
#13994,124198,262144
13994,136337,262144,36343.1
#14693,130168,262144
#14693,125536,262144
#14693,131671,262144
#14693,131469,262144
#14693,125407,262144
#14693,128730,262144
#14693,131119,262144
#14693,128563,262144
#14693,128208,262144
#14693,162309,262144
14693,132318,262144,20438
#15427,134574,262144
#15427,137658,262144
#15427,135049,262144
#15427,137021,262144
#15427,136566,262144
#15427,134228,262144
#15427,134693,262144
#15427,137697,262144
#15427,137959,262144
#15427,134885,262144
15427,136033,262144,2817.64
#16198,158245,262144
#16198,148799,262144
#16198,152059,262144
#16198,151974,262144
#16198,151262,262144
#16198,151039,262144
#16198,173096,262144
#16198,145272,262144
#16198,148686,262144
#16198,148217,262144
16198,152865,262144,14951.1
#17007,151966,262144
#17007,157818,262144
#17007,156569,262144
#17007,156013,262144
#17007,153393,262144
#17007,155307,262144
#17007,153349,262144
#17007,162307,262144
#17007,157163,262144
#17007,156716,262144
17007,156060,262144,5506.87
#17857,160864,262144
#17857,156032,262144
#17857,176072,262144
#17857,163999,262144
#17857,163562,262144
#17857,163545,262144
#17857,163299,262144
#17857,163046,262144
#17857,161144,262144
#17857,171190,262144
17857,164275,262144,10582.1
#18749,182972,262144
#18749,193027,262144
#18749,177349,262144
#18749,176776,262144
#18749,171506,262144
#18749,175499,262144
#18749,176768,262144
#18749,176180,262144
#18749,177118,262144
#18749,177085,262144
18749,178428,262144,11054.3
#19686,204288,262144
#19686,185401,262144
#19686,187031,262144
#19686,179525,262144
#19686,183356,262144
#19686,182368,262144
#19686,180729,262144
#19686,182494,262144
#19686,182045,262144
#19686,181965,262144
19686,184920,262144,13539.9
#20670,201415,262144
#20670,201727,262144
#20670,202368,262144
#20670,217121,262144
#20670,190582,262144
#20670,193797,262144
#20670,196025,262144
#20670,193292,262144
#20670,210472,262144
#20670,212595,262144
20670,201939,262144,16998.6
#21703,215488,262144
#21703,215787,262144
#21703,213682,262144
#21703,212305,262144
#21703,231598,262144
#21703,205885,262144
#21703,205719,262144
#21703,208171,262144
#21703,227657,262144
#21703,465851,262144
21703,240214,262144,151301
#22788,214376,262144
#22788,241296,262144
#22788,217385,262144
#22788,215924,262144
#22788,219452,262144
#22788,215094,262144
#22788,214648,262144
#22788,214336,262144
#22788,214296,262144
#22788,214237,262144
22788,218104,262144,15792.5
#23927,246777,262144
#23927,246092,262144
#23927,246882,262144
#23927,241299,262144
#23927,239985,262144
#23927,239515,262144
#23927,257347,262144
#23927,245373,262144
#23927,246370,262144
#23927,245588,262144
23927,245523,262144,9568.74
#25123,260339,524288
#25123,265649,524288
#25123,250232,524288
#25123,250090,524288
#25123,250014,524288
#25123,249927,524288
#25123,250231,524288
#25123,249995,524288
#25123,249960,524288
#25123,249825,524288
25123,252626,524288,10639
#26379,270177,524288
#26379,270917,524288
#26379,270031,524288
#26379,278906,524288
#26379,262766,524288
#26379,262436,524288
#26379,262957,524288
#26379,262756,524288
#26379,262331,524288
#26379,262705,524288
26379,266598,524288,10735.4
#27697,277513,524288
#27697,277928,524288
#27697,276946,524288
#27697,276544,524288
#27697,277055,524288
#27697,277095,524288
#27697,276682,524288
#27697,276889,524288
#27697,277015,524288
#27697,277057,524288
27697,277072,524288,751.467
#29081,305810,524288
#29081,298649,524288
#29081,305271,524288
#29081,300461,524288
#29081,298403,524288
#29081,303560,524288
#29081,296995,524288
#29081,309674,524288
#29081,297436,524288
#29081,303245,524288
29081,301950,524288,8012.02
#30535,317894,524288
#30535,312953,524288
#30535,324802,524288
#30535,315275,524288
#30535,315307,524288
#30535,317346,524288
#30535,312626,524288
#30535,316834,524288
#30535,318754,524288
#30535,314623,524288
30535,316641,524288,6651.63
#32061,340082,524288
#32061,333529,524288
#32061,336232,524288
#32061,339017,524288
#32061,332788,524288
#32061,335102,524288
#32061,352157,524288
#32061,339058,524288
#32061,342923,524288
#32061,352210,524288
32061,340310,524288,13242.3
#33664,348847,524288
#33664,352801,524288
#33664,351500,524288
#33664,358121,524288
#33664,349508,524288
#33664,351951,524288
#33664,349194,524288
#33664,351532,524288
#33664,351524,524288
#33664,351283,524288
33664,351626,524288,4977.85
#35347,372992,524288
#35347,373039,524288
#35347,370531,524288
#35347,370460,524288
#35347,369379,524288
#35347,423653,524288
#35347,410543,524288
#35347,460621,524288
#35347,370559,524288
#35347,368803,524288
35347,389058,524288,60409.5
#37114,378441,524288
#37114,370649,524288
#37114,375689,524288
#37114,390215,524288
#37114,378624,524288
#37114,378398,524288
#37114,378656,524288
#37114,378396,524288
#37114,380076,524288
#37114,382024,524288
37114,379117,524288,9336.88
#38969,727375,524288
#38969,688166,524288
#38969,712558,524288
#38969,737693,524288
#38969,736230,524288
#38969,708348,524288
#38969,731955,524288
#38969,716022,524288
#38969,709512,524288
#38969,711615,524288
38969,717947,524288,29205
#40917,783472,524288
#40917,779182,524288
#40917,755986,524288
#40917,779454,524288
#40917,798704,524288
#40917,803003,524288
#40917,767927,524288
#40917,549568,524288
#40917,453238,524288
#40917,452550,524288
40917,692308,524288,276992
#42962,519850,524288
#42962,613876,524288
#42962,471157,524288
#42962,469501,524288
#42962,479674,524288
#42962,469503,524288
#42962,468240,524288
#42962,468483,524288
#42962,468419,524288
#42962,467917,524288
42962,489662,524288,88152.2
#45110,541386,524288
#45110,538682,524288
#45110,526478,524288
#45110,537645,524288
#45110,520978,524288
#45110,517348,524288
#45110,523271,524288
#45110,509827,524288
#45110,507548,524288
#45110,506387,524288
45110,522955,524288,24778.3
#47365,556524,524288
#47365,560292,524288
#47365,553513,524288
#47365,565617,524288
#47365,552424,524288
#47365,552670,524288
#47365,550848,524288
#47365,550464,524288
#47365,550833,524288
#47365,562179,524288
47365,555536,524288,10220.8
#49733,525516,1048576
#49733,554832,1048576
#49733,539224,1048576
#49733,536125,1048576
#49733,535368,1048576
#49733,543711,1048576
#49733,557267,1048576
#49733,524257,1048576
#49733,547750,1048576
#49733,537679,1048576
49733,540173,1048576,20897.5
#52219,593387,1048576
#52219,550808,1048576
#52219,556827,1048576
#52219,563914,1048576
#52219,553308,1048576
#52219,552332,1048576
#52219,561665,1048576
#52219,559621,1048576
#52219,549737,1048576
#52219,549150,1048576
52219,559075,1048576,24864.1
#54829,596276,1048576
#54829,598949,1048576
#54829,592444,1048576
#54829,593788,1048576
#54829,606739,1048576
#54829,564177,1048576
#54829,590106,1048576
#54829,578015,1048576
#54829,580955,1048576
#54829,580444,1048576
54829,588189,1048576,23416.3
#57570,630305,1048576
#57570,606516,1048576
#57570,590865,1048576
#57570,626158,1048576
#57570,606672,1048576
#57570,632830,1048576
#57570,625434,1048576
#57570,637793,1048576
#57570,625833,1048576
#57570,656428,1048576
57570,623883,1048576,35062
#60448,664301,1048576
#60448,647994,1048576
#60448,641449,1048576
#60448,655583,1048576
#60448,646316,1048576
#60448,637932,1048576
#60448,653620,1048576
#60448,656331,1048576
#60448,674402,1048576
#60448,686630,1048576
60448,656456,1048576,28605.4
#63470,706901,1048576
#63470,689724,1048576
#63470,705178,1048576
#63470,680326,1048576
#63470,711963,1048576
#63470,703384,1048576
#63470,706487,1048576
#63470,692986,1048576
#63470,711057,1048576
#63470,673570,1048576
63470,698158,1048576,25296.6
#66643,758558,1048576
#66643,745127,1048576
#66643,723597,1048576
#66643,715868,1048576
#66643,787350,1048576
#66643,746874,1048576
#66643,752317,1048576
#66643,740641,1048576
#66643,749347,1048576
#66643,735846,1048576
66643,745552,1048576,37201.1
#69975,814017,1048576
#69975,813061,1048576
#69975,811602,1048576
#69975,753464,1048576
#69975,767712,1048576
#69975,802810,1048576
#69975,768694,1048576
#69975,783324,1048576
#69975,784954,1048576
#69975,769328,1048576
69975,786897,1048576,42076.1
#73473,887541,1048576
#73473,849351,1048576
#73473,836161,1048576
#73473,828132,1048576
#73473,827011,1048576
#73473,831273,1048576
#73473,1374144,1048576
#73473,1463785,1048576
#73473,1384955,1048576
#73473,805168,1048576
73473,1.00875e+06,1048576,525579
#77146,925065,1048576
#77146,901713,1048576
#77146,888103,1048576
#77146,879658,1048576
#77146,898983,1048576
#77146,895050,1048576
#77146,898813,1048576
#77146,913085,1048576
#77146,884973,1048576
#77146,879675,1048576
77146,896512,1048576,27582.1
#81003,904533,1048576
#81003,895433,1048576
#81003,894170,1048576
#81003,882659,1048576
#81003,867996,1048576
#81003,907583,1048576
#81003,895282,1048576
#81003,895230,1048576
#81003,895311,1048576
#81003,896212,1048576
81003,893441,1048576,21061.7
#85053,963023,1048576
#85053,964003,1048576
#85053,964750,1048576
#85053,962095,1048576
#85053,965300,1048576
#85053,968823,1048576
#85053,955076,1048576
#85053,966049,1048576
#85053,951896,1048576
#85053,976504,1048576
85053,963752,1048576,12902.3
#89305,1011848,1048576
#89305,1004428,1048576
#89305,994640,1048576
#89305,994063,1048576
#89305,1055588,1048576
#89305,1045785,1048576
#89305,1014905,1048576
#89305,1013195,1048576
#89305,1003598,1048576
#89305,994405,1048576
89305,1.01325e+06,1048576,40478.8
#93770,1077403,1048576
#93770,1094283,1048576
#93770,1098044,1048576
#93770,1105155,1048576
#93770,1131950,1048576
#93770,1128972,1048576
#93770,1104375,1048576
#93770,1107198,1048576
#93770,1097758,1048576
#93770,1104142,1048576
93770,1.10493e+06,1048576,30226.9
#98458,1117646,2097152
#98458,1082619,2097152
#98458,1056012,2097152
#98458,1055678,2097152
#98458,1068999,2097152
#98458,1054107,2097152
#98458,1059162,2097152
#98458,1051248,2097152
#98458,1115903,2097152
#98458,1210775,2097152
98458,1.08721e+06,2097152,94897.9
#103380,1161583,2097152
#103380,1172060,2097152
#103380,1182996,2097152
#103380,1164883,2097152
#103380,1145731,2097152
#103380,1163063,2097152
#103380,1130015,2097152
#103380,1110069,2097152
#103380,1141287,2097152
#103380,1181125,2097152
103380,1.15528e+06,2097152,44179.5
#108549,1234600,2097152
#108549,1245616,2097152
#108549,1242843,2097152
#108549,1238778,2097152
#108549,1219676,2097152
#108549,1255793,2097152
#108549,1208710,2097152
#108549,1255056,2097152
#108549,1244664,2097152
#108549,1266029,2097152
108549,1.24118e+06,2097152,32397.1
#113976,1350066,2097152
#113976,1316578,2097152
#113976,1314270,2097152
#113976,1328842,2097152
#113976,1484620,2097152
#113976,1439822,2097152
#113976,1381545,2097152
#113976,1397535,2097152
#113976,1351463,2097152
#113976,1346136,2097152
113976,1.37109e+06,2097152,105559
#119674,1388228,2097152
#119674,1374958,2097152
#119674,1357801,2097152
#119674,1367901,2097152
#119674,1420471,2097152
#119674,1352094,2097152
#119674,1334467,2097152
#119674,1335334,2097152
#119674,1299791,2097152
#119674,1305089,2097152
119674,1.35361e+06,2097152,70142.3
#125657,1243152,2097152
#125657,1282656,2097152
#125657,1247283,2097152
#125657,1248347,2097152
#125657,1244035,2097152
#125657,1260958,2097152
#125657,1258565,2097152
#125657,1354794,2097152
#125657,1375124,2097152
#125657,1371783,2097152
125657,1.28867e+06,2097152,105580
#131939,1476932,2097152
#131939,1480451,2097152
#131939,1504999,2097152
#131939,1443122,2097152
#131939,1442468,2097152
#131939,1459928,2097152
#131939,1460680,2097152
#131939,1515407,2097152
#131939,1573966,2097152
#131939,1563887,2097152
131939,1.49218e+06,2097152,89028.4
#138535,1662333,2097152
#138535,1625361,2097152
#138535,1659529,2097152
#138535,1653305,2097152
#138535,1625282,2097152
#138535,1648818,2097152
#138535,1672502,2097152
#138535,1709585,2097152
#138535,1631631,2097152
#138535,1627127,2097152
138535,1.65155e+06,2097152,50464.4
#145461,1738176,2097152
#145461,1788131,2097152
#145461,1759232,2097152
#145461,1754274,2097152
#145461,1697436,2097152
#145461,1731652,2097152
#145461,1688087,2097152
#145461,1767564,2097152
#145461,1737993,2097152
#145461,1730571,2097152
145461,1.73931e+06,2097152,57681.4
#152734,1817664,2097152
#152734,1918453,2097152
#152734,1899739,2097152
#152734,1884526,2097152
#152734,1802219,2097152
#152734,1872238,2097152
#152734,1850177,2097152
#152734,1863099,2097152
#152734,1895205,2097152
#152734,1843367,2097152
152734,1.86467e+06,2097152,70092.5
#160370,1927462,2097152
#160370,2016247,2097152
#160370,1993439,2097152
#160370,1961645,2097152
#160370,1972854,2097152
#160370,2004796,2097152
#160370,1938986,2097152
#160370,1958277,2097152
#160370,1959257,2097152
#160370,1971938,2097152
160370,1.97049e+06,2097152,52924.2
#168388,2129188,2097152
#168388,2130421,2097152
#168388,2113320,2097152
#168388,2096186,2097152
#168388,2114244,2097152
#168388,2082141,2097152
#168388,2086976,2097152
#168388,2086413,2097152
#168388,2101890,2097152
#168388,2104113,2097152
168388,2.10449e+06,2097152,32645.8
#176807,2348630,2097152
#176807,2468313,2097152
#176807,2296170,2097152
#176807,2257841,2097152
#176807,2246912,2097152
#176807,2318767,2097152
#176807,2250740,2097152
#176807,2253094,2097152
#176807,2257739,2097152
#176807,2299551,2097152
176807,2.29978e+06,2097152,129721
#185647,2464354,2097152
#185647,2438792,2097152
#185647,2438421,2097152
#185647,2489947,2097152
#185647,2549467,2097152
#185647,2442780,2097152
#185647,2508026,2097152
#185647,2466880,2097152
#185647,2424705,2097152
#185647,2455497,2097152
185647,2.46789e+06,2097152,72470.4
#194929,2760479,2097152
#194929,2808576,2097152
#194929,2769067,2097152
#194929,2670829,2097152
#194929,2661952,2097152
#194929,2689207,2097152
#194929,2710196,2097152
#194929,2669069,2097152
#194929,2689358,2097152
#194929,2684423,2097152
194929,2.71132e+06,2097152,95431.5
#204675,2802738,4194304
#204675,2960040,4194304
#204675,3235263,4194304
#204675,2880035,4194304
#204675,3337087,4194304
#204675,3150134,4194304
#204675,3170783,4194304
#204675,3055219,4194304
#204675,2888362,4194304
#204675,2911356,4194304
204675,3.0391e+06,4194304,336847
#214908,3192577,4194304
#214908,3314792,4194304
#214908,3471349,4194304
#214908,3285504,4194304
#214908,3279654,4194304
#214908,3352847,4194304
#214908,3114698,4194304
#214908,3289690,4194304
#214908,3889029,4194304
#214908,3842642,4194304
214908,3.40328e+06,4194304,495472
#225653,3360913,4194304
#225653,3869112,4194304
#225653,3633747,4194304
#225653,3944085,4194304
#225653,4006092,4194304
#225653,3699877,4194304
#225653,3919143,4194304
#225653,3758603,4194304
#225653,3748548,4194304
#225653,3649532,4194304
225653,3.75897e+06,4194304,359350
#236935,4551919,4194304
#236935,4679485,4194304
#236935,5191969,4194304
#236935,5378888,4194304
#236935,5196918,4194304
#236935,5582030,4194304
#236935,5513778,4194304
#236935,4156237,4194304
#236935,3941013,4194304
#236935,3730063,4194304
236935,4.79223e+06,4194304,1.28684e+06
#248781,3590501,4194304
#248781,3576873,4194304
#248781,3614175,4194304
#248781,3387414,4194304
#248781,3284104,4194304
#248781,3440576,4194304
#248781,3326486,4194304
#248781,3334360,4194304
#248781,3268610,4194304
#248781,3171463,4194304
248781,3.39946e+06,4194304,288364
#261220,2996059,4194304
#261220,3136276,4194304
#261220,3089565,4194304
#261220,3135069,4194304
#261220,3090956,4194304
#261220,3066614,4194304
#261220,3089441,4194304
#261220,3219802,4194304
#261220,3290236,4194304
#261220,3416241,4194304
261220,3.15303e+06,4194304,234264
#274281,3473897,4194304
#274281,3489092,4194304
#274281,3319556,4194304
#274281,3422586,4194304
#274281,3465219,4194304
#274281,3468099,4194304
#274281,3390532,4194304
#274281,3402328,4194304
#274281,3395488,4194304
#274281,3389885,4194304
274281,3.42167e+06,4194304,99585.4
#287995,3542159,4194304
#287995,3618486,4194304
#287995,3620594,4194304
#287995,3604972,4194304
#287995,3572003,4194304
#287995,3581102,4194304
#287995,3526168,4194304
#287995,3529711,4194304
#287995,3549968,4194304
#287995,4478985,4194304
287995,3.66241e+06,4194304,548391
#302394,3868414,4194304
#302394,3778561,4194304
#302394,4583578,4194304
#302394,4004294,4194304
#302394,3954235,4194304
#302394,4028476,4194304
#302394,4243945,4194304
#302394,4250167,4194304
#302394,3747587,4194304
#302394,3762647,4194304
302394,4.02219e+06,4194304,508745
#317513,3890498,4194304
#317513,3975703,4194304
#317513,3891978,4194304
#317513,3875934,4194304
#317513,3847722,4194304
#317513,3930580,4194304
#317513,3850963,4194304
#317513,3862002,4194304
#317513,3948498,4194304
#317513,3829464,4194304
317513,3.89033e+06,4194304,90276.2
#333388,4167544,4194304
#333388,4143298,4194304
#333388,4126453,4194304
#333388,4165585,4194304
#333388,4164340,4194304
#333388,4140546,4194304
#333388,4138841,4194304
#333388,4146325,4194304
#333388,4076246,4194304
#333388,4049852,4194304
333388,4.1319e+06,4194304,74235.7
#350057,4455363,4194304
#350057,5189973,4194304
#350057,4500546,4194304
#350057,4385616,4194304
#350057,4361543,4194304
#350057,4508979,4194304
#350057,4553809,4194304
#350057,4515764,4194304
#350057,4476815,4194304
#350057,4494114,4194304
350057,4.54425e+06,4194304,444758
#367559,5295053,4194304
#367559,12052334,4194304
#367559,7119600,4194304
#367559,5283752,4194304
#367559,4964697,4194304
#367559,4965181,4194304
#367559,11613221,4194304
#367559,9556118,4194304
#367559,6143004,4194304
#367559,5653579,4194304
367559,7.26465e+06,4194304,5.26643e+06
#385936,5716526,4194304
#385936,5735268,4194304
#385936,5825255,4194304
#385936,5762559,4194304
#385936,5769986,4194304
#385936,5691254,4194304
#385936,5729741,4194304
#385936,5864063,4194304
#385936,5982497,4194304
#385936,6013180,4194304
385936,5.80903e+06,4194304,212508
#405232,11245504,8388608
#405232,14587394,8388608
#405232,10517547,8388608
#405232,10394674,8388608
#405232,10541621,8388608
#405232,10250590,8388608
#405232,10076263,8388608
#405232,16657410,8388608
#405232,14826284,8388608
#405232,10520267,8388608
405232,1.19618e+07,8388608,4.59482e+06
#425493,9976379,8388608
#425493,10398080,8388608
#425493,10945908,8388608
#425493,12086434,8388608
#425493,12517240,8388608
#425493,11927295,8388608
#425493,11866847,8388608
#425493,11601477,8388608
#425493,12221221,8388608
#425493,11819827,8388608
425493,1.15361e+07,8388608,1.56949e+06
#446767,10652405,8388608
#446767,11267648,8388608
#446767,11563198,8388608
#446767,12409981,8388608
#446767,11912706,8388608
#446767,11980980,8388608
#446767,12199908,8388608
#446767,12083112,8388608
#446767,12142553,8388608
#446767,11998171,8388608
446767,1.18211e+07,8388608,993224
#469105,12134423,8388608
#469105,12136842,8388608
#469105,12386700,8388608
#469105,12708480,8388608
#469105,13135087,8388608
#469105,13302124,8388608
#469105,13251848,8388608
#469105,12986733,8388608
#469105,12614942,8388608
#469105,12653017,8388608
469105,1.2731e+07,8388608,818212
#492560,11404878,8388608
#492560,12128966,8388608
#492560,12465963,8388608
#492560,12747376,8388608
#492560,14590566,8388608
#492560,14249402,8388608
#492560,14268144,8388608
#492560,14186093,8388608
#492560,13728246,8388608
#492560,14274294,8388608
492560,1.34044e+07,8388608,2.12385e+06
#517188,13470015,8388608
#517188,13362782,8388608
#517188,13631479,8388608
#517188,14321634,8388608
#517188,13993416,8388608
#517188,14160116,8388608
#517188,14106008,8388608
#517188,14391545,8388608
#517188,14365184,8388608
#517188,14034328,8388608
517188,1.39837e+07,8388608,706619
#543047,26440185,8388608
#543047,19249252,8388608
#543047,21387592,8388608
#543047,24434984,8388608
#543047,23023085,8388608
#543047,24532227,8388608
#543047,25104904,8388608
#543047,21135185,8388608
#543047,16700482,8388608
#543047,15956536,8388608
543047,2.17964e+07,8388608,6.8008e+06
#570199,13439536,8388608
#570199,14867012,8388608
#570199,14914230,8388608
#570199,15392220,8388608
#570199,15300016,8388608
#570199,15456015,8388608
#570199,15766405,8388608
#570199,15753661,8388608
#570199,15903766,8388608
#570199,16805775,8388608
570199,1.53599e+07,8388608,1.65528e+06
#598708,15172371,8388608
#598708,15751829,8388608
#598708,16307908,8388608
#598708,16313728,8388608
#598708,16897049,8388608
#598708,16845245,8388608
#598708,16687890,8388608
#598708,16226076,8388608
#598708,16297164,8388608
#598708,16423119,8388608
598708,1.62922e+07,8388608,979089
#628643,15555659,8388608
#628643,16071336,8388608
#628643,17080291,8388608
#628643,17464689,8388608
#628643,17588209,8388608
#628643,17337764,8388608
#628643,17358451,8388608
#628643,17323141,8388608
#628643,17324763,8388608
#628643,17597000,8388608
628643,1.70701e+07,8388608,1.30791e+06
#660075,16944381,8388608
#660075,17746750,8388608
#660075,18801425,8388608
#660075,18889982,8388608
#660075,19258422,8388608
#660075,18524862,8388608
#660075,19237745,8388608
#660075,18715953,8388608
#660075,18837081,8388608
#660075,18472350,8388608
660075,1.85429e+07,8388608,1.3406e+06
#693078,17019723,8388608
#693078,17972780,8388608
#693078,20725524,8388608
#693078,19737118,8388608
#693078,19476811,8388608
#693078,19059881,8388608
#693078,19153126,8388608
#693078,19016899,8388608
#693078,19032199,8388608
#693078,19085566,8388608
693078,1.9028e+07,8388608,1.87111e+06
#727731,18563930,8388608
#727731,19855675,8388608
#727731,20385125,8388608
#727731,20182060,8388608
#727731,21016997,8388608
#727731,20439881,8388608
#727731,20686409,8388608
#727731,20426144,8388608
#727731,20454724,8388608
#727731,20466068,8388608
727731,2.02477e+07,8388608,1.25787e+06
#764117,19286481,8388608
#764117,20898072,8388608
#764117,21989834,8388608
#764117,22221971,8388608
#764117,21690333,8388608
#764117,21722574,8388608
#764117,21897250,8388608
#764117,22100348,8388608
#764117,22876864,8388608
#764117,22992458,8388608
764117,2.17676e+07,8388608,2.00341e+06
#802322,41064377,16777216
#802322,43556278,16777216
#802322,43602067,16777216
#802322,43286824,16777216
#802322,43919455,16777216
#802322,43628324,16777216
#802322,43940156,16777216
#802322,43252573,16777216
#802322,44909107,16777216
#802322,43961296,16777216
802322,4.3512e+07,16777216,1.85856e+06
#842438,43350955,16777216
#842438,45287359,16777216
#842438,45318841,16777216
#842438,45969372,16777216
#842438,45230247,16777216
#842438,45179113,16777216
#842438,45358753,16777216
#842438,45222762,16777216
#842438,45354093,16777216
#842438,45414861,16777216
842438,4.51686e+07,16777216,1.28371e+06
#884559,45405121,16777216
#884559,47555982,16777216
#884559,47563890,16777216
#884559,47472116,16777216
#884559,48160956,16777216
#884559,47506671,16777216
#884559,48102717,16777216
#884559,47479786,16777216
#884559,47489030,16777216
#884559,48311865,16777216
884559,4.75048e+07,16777216,1.5305e+06
#928786,48027094,16777216
#928786,51229738,16777216
#928786,50240794,16777216
#928786,50926603,16777216
#928786,49889142,16777216
#928786,49869199,16777216
#928786,50217611,16777216
#928786,49784825,16777216
#928786,49887963,16777216
#928786,49880262,16777216
928786,4.99953e+07,16777216,1.60884e+06
#975225,51726959,16777216
#975225,52615762,16777216
#975225,52529389,16777216
#975225,52970126,16777216
#975225,53262432,16777216
#975225,52991992,16777216
#975225,52386244,16777216
#975225,52408230,16777216
#975225,52845313,16777216
#975225,54211331,16777216
975225,5.27948e+07,16777216,1.24202e+06
#1023986,53962950,16777216
#1023986,55028579,16777216
#1023986,54987104,16777216
#1023986,55041670,16777216
#1023986,55429858,16777216
#1023986,54928805,16777216
#1023986,56837957,16777216
#1023986,54993204,16777216
#1023986,54865521,16777216
#1023986,54908364,16777216
1023986,5.50984e+07,16777216,1.3529e+06
#1075185,56270926,16777216
#1075185,57909714,16777216
#1075185,57786946,16777216
#1075185,57789447,16777216
#1075185,57774176,16777216
#1075185,58158209,16777216
#1075185,57557650,16777216
#1075185,57823002,16777216
#1075185,57634789,16777216
#1075185,59663892,16777216
1075185,5.78369e+07,16777216,1.5526e+06
#1128944,60068601,16777216
#1128944,60961902,16777216
#1128944,61916144,16777216
#1128944,61054357,16777216
#1128944,60958364,16777216
#1128944,60697697,16777216
#1128944,60693433,16777216
#1128944,60900510,16777216
#1128944,61055067,16777216
#1128944,61140699,16777216
1128944,6.09447e+07,16777216,871884
#1185391,63658737,16777216
#1185391,64004788,16777216
#1185391,64131647,16777216
#1185391,63794108,16777216
#1185391,63899883,16777216
#1185391,63845855,16777216
#1185391,63872423,16777216
#1185391,63879130,16777216
#1185391,64309827,16777216
#1185391,65716504,16777216
1185391,6.41113e+07,16777216,1.12417e+06
#1244660,67205749,16777216
#1244660,67933329,16777216
#1244660,68880167,16777216
#1244660,68064061,16777216
#1244660,67376022,16777216
#1244660,67315348,16777216
#1244660,68325253,16777216
#1244660,67991675,16777216
#1244660,68136325,16777216
#1244660,67499284,16777216
1244660,6.78727e+07,16777216,997063
#1306893,69453386,16777216
#1306893,71318280,16777216
#1306893,71245970,16777216
#1306893,72095829,16777216
#1306893,72803824,16777216
#1306893,71538212,16777216
#1306893,71110916,16777216
#1306893,71210190,16777216
#1306893,71769077,16777216
#1306893,71779160,16777216
1306893,7.14325e+07,16777216,1.63496e+06
#1372237,73668452,16777216
#1372237,75498934,16777216
#1372237,75550304,16777216
#1372237,75386028,16777216
#1372237,75323898,16777216
#1372237,118971281,16777216
#1372237,89674778,16777216
#1372237,80364072,16777216
#1372237,77418421,16777216
#1372237,76826128,16777216
1372237,8.18682e+07,16777216,2.62117e+07
#1440848,78994181,16777216
#1440848,80992311,16777216
#1440848,81004965,16777216
#1440848,79888404,16777216
#1440848,81726246,16777216
#1440848,78433085,16777216
#1440848,79687144,16777216
#1440848,80203356,16777216
#1440848,80517723,16777216
#1440848,80886261,16777216
1440848,8.02334e+07,16777216,1.90809e+06
#1512890,84338753,16777216
#1512890,85157454,16777216
#1512890,86502178,16777216
#1512890,87853634,16777216
#1512890,84292362,16777216
#1512890,86521406,16777216
#1512890,85965255,16777216
#1512890,86483328,16777216
#1512890,85301851,16777216
#1512890,85015834,16777216
1512890,8.57432e+07,16777216,2.13326e+06
#1588534,105424502,33554432
#1588534,104870853,33554432
#1588534,104877814,33554432
#1588534,104543300,33554432
#1588534,104703370,33554432
#1588534,108328923,33554432
#1588534,108741791,33554432
#1588534,108015537,33554432
#1588534,106357943,33554432
#1588534,106652899,33554432
1588534,1.06252e+08,33554432,3.07202e+06
#1667960,87335174,33554432
#1667960,87290328,33554432
#1667960,87473506,33554432
#1667960,87777586,33554432
#1667960,87728911,33554432
#1667960,87348134,33554432
#1667960,87242535,33554432
#1667960,89023004,33554432
#1667960,87258152,33554432
#1667960,88982686,33554432
1667960,8.7746e+07,33554432,1.30566e+06
#1751358,114981510,33554432
#1751358,116594241,33554432
#1751358,115458530,33554432
#1751358,117094299,33554432
#1751358,115275342,33554432
#1751358,120881574,33554432
#1751358,115655895,33554432
#1751358,115292836,33554432
#1751358,115864352,33554432
#1751358,115417028,33554432
1751358,1.16252e+08,33554432,3.32144e+06
#1838925,97733318,33554432
#1838925,96820857,33554432
#1838925,97350204,33554432
#1838925,97167706,33554432
#1838925,96980110,33554432
#1838925,96771136,33554432
#1838925,96487071,33554432
#1838925,96827314,33554432
#1838925,96605074,33554432
#1838925,98211618,33554432
1838925,9.70954e+07,33554432,1.01965e+06
#1930871,130574515,33554432
#1930871,126903308,33554432
#1930871,129984176,33554432
#1930871,127014942,33554432
#1930871,128832949,33554432
#1930871,129923802,33554432
#1930871,127009210,33554432
#1930871,126982617,33554432
#1930871,127205882,33554432
#1930871,127796141,33554432
1930871,1.28223e+08,33554432,2.78034e+06
#2027414,107533339,33554432
#2027414,107471048,33554432
#2027414,107558805,33554432
#2027414,107257951,33554432
#2027414,107253490,33554432
#2027414,107136019,33554432
#2027414,107217086,33554432
#2027414,107238903,33554432
#2027414,107625568,33554432
#2027414,112016108,33554432
2027414,1.07831e+08,33554432,2.8087e+06
#2128784,138470703,33554432
#2128784,139954763,33554432
#2128784,141258510,33554432
#2128784,140941942,33554432
#2128784,140753541,33554432
#2128784,139955636,33554432
#2128784,139497537,33554432
#2128784,143423918,33554432
#2128784,140375535,33554432
#2128784,139907884,33554432
2128784,1.40454e+08,33554432,2.48562e+06
#2235223,119243558,33554432
#2235223,123650530,33554432
#2235223,119833130,33554432
#2235223,119367200,33554432
#2235223,119667139,33554432
#2235223,120730490,33554432
#2235223,120893327,33554432
#2235223,119608926,33554432
#2235223,119378812,33554432
#2235223,119329337,33554432
2235223,1.2017e+08,33554432,2.56656e+06
#2346984,153713019,33554432
#2346984,154686919,33554432
#2346984,154765023,33554432
#2346984,154533145,33554432
#2346984,155295359,33554432
#2346984,154887664,33554432
#2346984,154975717,33554432
#2346984,154514989,33554432
#2346984,155075787,33554432
#2346984,155166083,33554432
2346984,1.54761e+08,33554432,854886
#2464333,137816558,33554432
#2464333,134180460,33554432
#2464333,134189083,33554432
#2464333,133743414,33554432
#2464333,134289298,33554432
#2464333,134601091,33554432
#2464333,135971512,33554432
#2464333,136252213,33554432
#2464333,134629687,33554432
#2464333,133998566,33554432
2464333,1.34967e+08,33554432,2.46143e+06
#2587549,171579913,33554432
#2587549,171395785,33554432
#2587549,172313650,33554432
#2587549,172013616,33554432
#2587549,171776852,33554432
#2587549,171127840,33554432
#2587549,172521076,33554432
#2587549,171434875,33554432
#2587549,171637398,33554432
#2587549,171153035,33554432
2587549,1.71695e+08,33554432,886002
#2716926,151865824,33554432
#2716926,152242902,33554432
#2716926,151907483,33554432
#2716926,154966527,33554432
#2716926,151900547,33554432
#2716926,153760076,33554432
#2716926,155620851,33554432
#2716926,153264680,33554432
#2716926,151819895,33554432
#2716926,151919646,33554432
2716926,1.52927e+08,33554432,2.69459e+06
#2852772,191731719,33554432
#2852772,189309118,33554432
#2852772,181935916,33554432
#2852772,195038161,33554432
#2852772,192903643,33554432
#2852772,193104905,33554432
#2852772,193864377,33554432
#2852772,192643249,33554432
#2852772,194076439,33554432
#2852772,192275900,33554432
2852772,1.91688e+08,33554432,7.13225e+06
#2995410,175524642,33554432
#2995410,177646431,33554432
#2995410,176502327,33554432
#2995410,175922981,33554432
#2995410,175367484,33554432
#2995410,175777127,33554432
#2995410,177745361,33554432
#2995410,176920620,33554432
#2995410,175592777,33554432
#2995410,175298504,33554432
2995410,1.7623e+08,33554432,1.75137e+06
#3145180,223255107,33554432
#3145180,227798131,33554432
#3145180,221750467,33554432
#3145180,226488922,33554432
#3145180,222290562,33554432
#3145180,226353074,33554432
#3145180,222220387,33554432
#3145180,223373410,33554432
#3145180,225893234,33554432
#3145180,221175125,33554432
3145180,2.2406e+08,33554432,4.46242e+06
#3302439,185609847,67108864
#3302439,185894585,67108864
#3302439,188926325,67108864
#3302439,185630105,67108864
#3302439,187441005,67108864
#3302439,190069078,67108864
#3302439,193208087,67108864
#3302439,185517544,67108864
#3302439,188025209,67108864
#3302439,185704812,67108864
3302439,1.87603e+08,67108864,4.82453e+06
#3467560,196427166,67108864
#3467560,197583334,67108864
#3467560,199813206,67108864
#3467560,203142391,67108864
#3467560,194764334,67108864
#3467560,195112197,67108864
#3467560,198094190,67108864
#3467560,217011225,67108864
#3467560,210949382,67108864
#3467560,195113724,67108864
3467560,2.00801e+08,67108864,1.42854e+07
#3640938,207091304,67108864
#3640938,205845377,67108864
#3640938,211789580,67108864
#3640938,207730087,67108864
#3640938,207046195,67108864
#3640938,205919129,67108864
#3640938,205480244,67108864
#3640938,207220333,67108864
#3640938,204918716,67108864
#3640938,207737779,67108864
3640938,2.07078e+08,67108864,3.6419e+06
#3822984,217614483,67108864
#3822984,217493940,67108864
#3822984,219161943,67108864
#3822984,218993011,67108864
#3822984,218698814,67108864
#3822984,219667573,67108864
#3822984,216483749,67108864
#3822984,217581924,67108864
#3822984,217667848,67108864
#3822984,217730461,67108864
3822984,2.18109e+08,67108864,1.84902e+06
#4014133,230963891,67108864
#4014133,231840667,67108864
#4014133,230533509,67108864
#4014133,231413078,67108864
#4014133,229124609,67108864
#4014133,231543654,67108864
#4014133,230569764,67108864
#4014133,229967039,67108864
#4014133,228014773,67108864
#4014133,230417052,67108864
4014133,2.30439e+08,67108864,2.21477e+06
#4214839,239999002,67108864
#4214839,241898835,67108864
#4214839,239434288,67108864
#4214839,241253291,67108864
#4214839,239742556,67108864
#4214839,243042160,67108864
#4214839,243378816,67108864
#4214839,240083321,67108864
#4214839,243583354,67108864
#4214839,242238647,67108864
4214839,2.41465e+08,67108864,3.00785e+06
#4425580,254042483,67108864
#4425580,257761546,67108864
#4425580,257026348,67108864
#4425580,257926775,67108864
#4425580,253707996,67108864
#4425580,256798625,67108864
#4425580,253383453,67108864
#4425580,257229514,67108864
#4425580,253641129,67108864
#4425580,256810907,67108864
4425580,2.55833e+08,67108864,3.57169e+06
#4646859,270543678,67108864
#4646859,270584303,67108864
#4646859,273039625,67108864
#4646859,306485908,67108864
#4646859,269819571,67108864
#4646859,268070126,67108864
#4646859,269786464,67108864
#4646859,270712971,67108864
#4646859,274567525,67108864
#4646859,269766811,67108864
4646859,2.74338e+08,67108864,2.17087e+07
#4879201,284712632,67108864
#4879201,286987559,67108864
#4879201,284530746,67108864
#4879201,286067627,67108864
#4879201,286009491,67108864
#4879201,285619260,67108864
#4879201,288446510,67108864
#4879201,283854016,67108864
#4879201,285338895,67108864
#4879201,284448642,67108864
4879201,2.85602e+08,67108864,2.59134e+06
#5123161,305231557,67108864
#5123161,301623643,67108864
#5123161,304392800,67108864
#5123161,301256928,67108864
#5123161,305345525,67108864
#5123161,306310301,67108864
#5123161,302071116,67108864
#5123161,304892683,67108864
#5123161,303958031,67108864
#5123161,302565208,67108864
5123161,3.03765e+08,67108864,3.34754e+06
#5379319,321463633,67108864
#5379319,323301517,67108864
#5379319,324127033,67108864
#5379319,321558195,67108864
#5379319,326176296,67108864
#5379319,323592483,67108864
#5379319,323933189,67108864
#5379319,324834398,67108864
#5379319,323998622,67108864
#5379319,328059485,67108864
5379319,3.24104e+08,67108864,3.73485e+06
#5648284,342323161,67108864
#5648284,347080091,67108864
#5648284,347279576,67108864
#5648284,346047765,67108864
#5648284,342168533,67108864
#5648284,344640161,67108864
#5648284,350675514,67108864
#5648284,343652408,67108864
#5648284,349469832,67108864
#5648284,346851194,67108864
5648284,3.46019e+08,67108864,5.40322e+06
#5930698,367777865,67108864
#5930698,371420693,67108864
#5930698,377460419,67108864
#5930698,369401312,67108864
#5930698,372564586,67108864
#5930698,374209449,67108864
#5930698,369619648,67108864
#5930698,368120106,67108864
#5930698,368457189,67108864
#5930698,372167954,67108864
5930698,3.7112e+08,67108864,5.84759e+06
#6227232,405160237,67108864
#6227232,403726291,67108864
#6227232,402860986,67108864
#6227232,402169153,67108864
#6227232,402487556,67108864
#6227232,405493820,67108864
#6227232,407503214,67108864
#6227232,405462181,67108864
#6227232,399161310,67108864
#6227232,391227557,67108864
6227232,4.02525e+08,67108864,8.71318e+06
#6538593,365379315,134217728
#6538593,374054647,134217728
#6538593,396060634,134217728
#6538593,391797688,134217728
#6538593,391798192,134217728
#6538593,386115693,134217728
#6538593,391052212,134217728
#6538593,391135356,134217728
#6538593,381257919,134217728
#6538593,391341847,134217728
6538593,3.85999e+08,134217728,1.83225e+07
#6865522,409016275,134217728
#6865522,413311554,134217728
#6865522,411404541,134217728
#6865522,407996241,134217728
#6865522,411786673,134217728
#6865522,414710689,134217728
#6865522,411204678,134217728
#6865522,440399634,134217728
#6865522,398866584,134217728
#6865522,439381879,134217728
6865522,4.15808e+08,134217728,2.54466e+07
#7208798,433287818,134217728
#7208798,431617866,134217728
#7208798,434818014,134217728
#7208798,434246605,134217728
#7208798,434282132,134217728
#7208798,433911247,134217728
#7208798,430400121,134217728
#7208798,431834048,134217728
#7208798,433840879,134217728
#7208798,431563464,134217728
7208798,4.3298e+08,134217728,2.84339e+06
#7569237,454398863,134217728
#7569237,453874749,134217728
#7569237,455972471,134217728
#7569237,457883365,134217728
#7569237,453912523,134217728
#7569237,452752559,134217728
#7569237,447865949,134217728
#7569237,458038097,134217728
#7569237,455367737,134217728
#7569237,458131320,134217728
7569237,4.5482e+08,134217728,5.89443e+06
#7947698,477143316,134217728
#7947698,481222614,134217728
#7947698,475247901,134217728
#7947698,476942082,134217728
#7947698,477929699,134217728
#7947698,475920740,134217728
#7947698,480247929,134217728
#7947698,481151110,134217728
#7947698,479347010,134217728
#7947698,482693607,134217728
7947698,4.78785e+08,134217728,4.76704e+06
#8345082,508419408,134217728
#8345082,505913125,134217728
#8345082,504004870,134217728
#8345082,540410695,134217728
#8345082,502003770,134217728
#8345082,501750148,134217728
#8345082,496699739,134217728
#8345082,484394781,134217728
#8345082,505052220,134217728
#8345082,501899194,134217728
8345082,5.05055e+08,134217728,2.67584e+07
#8762336,535951938,134217728
#8762336,533560675,134217728
#8762336,530843841,134217728
#8762336,536616996,134217728
#8762336,489121504,134217728
#8762336,489971365,134217728
#8762336,476088647,134217728
#8762336,489898171,134217728
#8762336,501204259,134217728
#8762336,494622639,134217728
8762336,5.07788e+08,134217728,4.48444e+07
#9200452,568871583,134217728
#9200452,570419904,134217728
#9200452,570808392,134217728
#9200452,567590324,134217728
#9200452,564978266,134217728
#9200452,563661015,134217728
#9200452,567427723,134217728
#9200452,567388552,134217728
#9200452,567347736,134217728
#9200452,598968050,134217728
9200452,5.70746e+08,134217728,1.92599e+07
#9660474,593016583,134217728
#9660474,604347288,134217728
#9660474,599769517,134217728
#9660474,599598661,134217728
#9660474,600892770,134217728
#9660474,598517436,134217728
#9660474,603817352,134217728
#9660474,597629769,134217728
#9660474,603481283,134217728
#9660474,606867999,134217728
9660474,6.00794e+08,134217728,7.59086e+06
