#1,447,256
#1,34,256
#1,55,256
#1,27,256
#1,27,256
1,118,256,329.64
#2,48,256
#2,33,256
#2,33,256
#2,33,256
#2,33,256
2,36,256,12
#3,44,256
#3,42,256
#3,41,256
#3,41,256
#3,42,256
3,42,256,2.19089
#4,48,256
#4,50,256
#4,50,256
#4,50,256
#4,48,256
4,49.2,256,1.95959
#5,71,256
#5,77,256
#5,66,256
#5,61,256
#5,60,256
5,67,256,12.7122
#6,67,256
#6,82,256
#6,73,256
#6,75,256
#6,71,256
6,73.6,256,9.92774
#7,75,256
#7,77,256
#7,74,256
#7,75,256
#7,75,256
7,75.2,256,1.95959
#8,95,256
#8,84,256
#8,84,256
#8,87,256
#8,83,256
8,86.6,256,8.81816
#9,92,256
#9,103,256
#9,91,256
#9,95,256
#9,98,256
9,95.8,256,8.70862
#10,104,256
#10,101,256
#10,98,256
#10,102,256
#10,102,256
10,101.4,256,3.91918
#11,119,256
#11,108,256
#11,112,256
#11,111,256
#11,109,256
11,111.8,256,7.73563
#12,129,256
#12,131,256
#12,125,256
#12,114,256
#12,115,256
12,122.8,256,14.1082
#13,391,384
#13,278,384
#13,236,384
#13,225,384
#13,226,384
13,271.2,384,125.904
#14,274,384
#14,239,384
#14,446,384
#14,233,384
#14,227,384
14,283.8,384,165.454
#15,168,384
#15,119,384
#15,120,384
#15,118,384
#15,117,384
15,128.4,384,39.6505
#16,155,384
#16,141,384
#16,141,384
#16,142,384
#16,136,384
16,143,384,12.7122
#17,155,384
#17,130,384
#17,129,384
#17,129,384
#17,123,384
17,133.2,384,22.3571
#18,182,384
#18,160,384
#18,148,384
#18,139,384
#18,140,384
18,153.8,384,31.96
#19,198,384
#19,164,384
#19,158,384
#19,156,384
#19,154,384
19,166,384,32.6925
#20,200,384
#20,151,384
#20,152,384
#20,154,384
#20,153,384
20,162,384,38.0526
#21,205,384
#21,175,384
#21,160,384
#21,164,384
#21,167,384
21,174.2,384,32.3333
#22,202,384
#22,171,384
#22,170,384
#22,188,384
#22,162,384
22,178.6,384,28.8888
#23,284,384
#23,222,384
#23,213,384
#23,195,384
#23,194,384
23,221.6,384,65.9527
#24,227,384
#24,194,384
#24,187,384
#24,185,384
#24,182,384
24,195,384,32.9606
#25,2177,896
#25,563,896
#25,529,896
#25,464,896
#25,472,896
25,841,896,1338
#26,625,896
#26,546,896
#26,504,896
#26,507,896
#26,500,896
26,536.4,896,94.5778
#27,523,896
#27,490,896
#27,490,896
#27,505,896
#27,481,896
27,497.8,896,29.5405
#28,559,896
#28,525,896
#28,523,896
#28,518,896
#28,526,896
28,530.2,896,29.323
#29,267,640
#29,250,640
#29,207,640
#29,205,640
#29,202,640
29,226.2,640,53.9244
#30,353,640
#30,268,640
#30,241,640
#30,219,640
#30,219,640
30,260,640,99.7437
#31,253,640
#31,232,640
#31,225,640
#31,206,640
#31,213,640
31,225.8,640,32.6778
#32,276,640
#32,260,640
#32,248,640
#32,222,640
#32,222,640
32,245.6,640,42.4377
#33,325,640
#33,283,640
#33,271,640
#33,242,640
#33,242,640
33,272.6,640,61.509
#34,319,640
#34,296,640
#34,257,640
#34,245,640
#34,250,640
34,273.4,640,58.0565
#35,341,640
#35,301,640
#35,265,640
#35,256,640
#35,256,640
35,283.8,640,66.132
#36,395,640
#36,346,640
#36,306,640
#36,294,640
#36,280,640
36,324.2,640,83.3537
#37,1319,1280
#37,761,1280
#37,724,1280
#37,616,1280
#37,600,1280
37,804,1280,529.478
#38,712,1280
#38,612,1280
#38,602,1280
#38,599,1280
#38,601,1280
38,625.2,1280,87.2642
#39,692,1280
#39,643,1280
#39,626,1280
#39,625,1280
#39,624,1280
39,642,1280,51.923
#40,710,1280
#40,643,1280
#40,656,1280
#40,649,1280
#40,653,1280
40,662.2,1280,48.5864
#42,718,1280
#42,654,1280
#42,642,1280
#42,652,1280
#42,623,1280
42,657.8,1280,64.08
#44,381,896
#44,377,896
#44,370,896
#44,339,896
#44,345,896
44,362.4,896,34.2602
#46,421,896
#46,391,896
#46,365,896
#46,319,896
#46,347,896
46,368.6,896,70.3545
#48,463,896
#48,444,896
#48,404,896
#48,401,896
#48,375,896
48,417.4,896,63.4552
#50,901,1536
#50,820,1536
#50,853,1536
#50,758,1536
#50,763,1536
50,819,1536,108.584
#52,981,1536
#52,869,1536
#52,795,1536
#52,805,1536
#52,799,1536
52,849.8,1536,141.909
#54,900,1536
#54,783,1536
#54,801,1536
#54,799,1536
#54,780,1536
54,812.6,1536,88.9818
#56,963,1536
#56,892,1536
#56,832,1536
#56,834,1536
#56,810,1536
56,866.2,1536,110.998
#58,446,1152
#58,412,1152
#58,410,1152
#58,394,1152
#58,391,1152
58,410.6,1152,39.1428
#60,509,1152
#60,464,1152
#60,426,1152
#60,403,1152
#60,403,1152
60,441,1152,81.3191
#63,1163,1664
#63,1038,1664
#63,888,1664
#63,901,1664
#63,897,1664
63,977.4,1664,216.173
#66,1033,1664
#66,972,1664
#66,948,1664
#66,941,1664
#66,956,1664
66,970,1664,66.2963
#69,1273,1664
#69,1042,1664
#69,1033,1664
#69,1008,1664
#69,995,1664
69,1070.2,1664,205.584
#72,599,1280
#72,536,1280
#72,484,1280
#72,481,1280
#72,486,1280
72,517.2,1280,91.349
#75,1166,1920
#75,1141,1920
#75,1060,1920
#75,1049,1920
#75,1043,1920
75,1091.8,1920,102.57
#78,1274,1920
#78,1203,1920
#78,1115,1920
#78,1110,1920
#78,1113,1920
78,1163,1920,131.252
#81,1243,1920
#81,1199,1920
#81,1145,1920
#81,1125,1920
#81,1115,1920
81,1165.4,1920,96.909
#85,896,1408
#85,730,1408
#85,583,1408
#85,576,1408
#85,572,1408
85,671.4,1408,254.048
#89,1303,2176
#89,1252,2176
#89,1187,2176
#89,1172,2176
#89,1184,2176
89,1219.6,2176,100.404
#93,1378,2176
#93,1310,2176
#93,1257,2176
#93,1263,2176
#93,1246,2176
93,1290.8,2176,97.5492
#97,1378,2176
#97,1346,2176
#97,1238,2176
#97,1214,2176
#97,1209,2176
97,1277,2176,141.636
#101,1584,2432
#101,1398,2432
#101,1353,2432
#101,1349,2432
#101,1328,2432
101,1402.4,2432,187.244
#106,1605,2432
#106,1562,2432
#106,1399,2432
#106,1391,2432
#106,1386,2432
106,1468.6,2432,189.773
#111,1627,2432
#111,1542,2432
#111,1456,2432
#111,1454,2432
#111,1386,2432
111,1493,2432,166.604
#116,1695,2560
#116,1596,2560
#116,1501,2560
#116,1483,2560
#116,1459,2560
116,1546.8,2560,174.953
#121,1670,2560
#121,1627,2560
#121,1530,2560
#121,1524,2560
#121,1507,2560
121,1571.6,2560,129.371
#127,1918,2816
#127,1826,2816
#127,1677,2816
#127,1605,2816
#127,1666,2816
127,1738.4,2816,231.062
#133,2069,2816
#133,1853,2816
#133,1709,2816
#133,1706,2816
#133,1690,2816
133,1805.4,2816,288.778
#139,2031,2816
#139,1826,2816
#139,1730,2816
#139,1709,2816
#139,1680,2816
139,1795.2,2816,255.347
#145,2078,3072
#145,1886,3072
#145,1795,3072
#145,1779,3072
#145,1779,3072
145,1863.4,3072,228.892
#152,2045,3072
#152,1969,3072
#152,1864,3072
#152,1861,3072
#152,1820,3072
152,1911.8,3072,165.667
#159,2261,3328
#159,2143,3328
#159,1972,3328
#159,1939,3328
#159,1922,3328
159,2047.4,3328,265.217
#166,2346,3328
#166,2222,3328
#166,2051,3328
#166,2030,3328
#166,1979,3328
166,2125.6,3328,274.321
#174,2358,3456
#174,2217,3456
#174,2060,3456
#174,2056,3456
#174,2028,3456
174,2143.8,3456,252.001
#182,2660,3456
#182,2354,3456
#182,2167,3456
#182,2152,3456
#182,2129,3456
182,2292.4,3456,401.06
#191,2597,3712
#191,2479,3712
#191,2286,3712
#191,2295,3712
#191,2272,3712
191,2385.8,3712,259.918
#200,2814,3968
#200,2601,3968
#200,2416,3968
#200,2392,3968
#200,2349,3968
200,2514.4,3968,345.579
#210,3114,3968
#210,2829,3968
#210,2538,3968
#210,2530,3968
#210,2420,3968
210,2686.2,3968,506.461
#220,2985,4224
#220,2805,4224
#220,2588,4224
#220,2575,4224
#220,2504,4224
220,2691.4,4224,356.051
#231,3051,4352
#231,2930,4352
#231,2749,4352
#231,2710,4352
#231,2643,4352
231,2816.6,4352,301.825
#242,3312,4608
#242,3131,4608
#242,2894,4608
#242,2902,4608
#242,2851,4608
242,3018,4608,353.187
#254,3284,4864
#254,3150,4864
#254,2935,4864
#254,2927,4864
#254,2916,4864
254,3042.4,4864,297.694
#266,3546,4864
#266,3321,4864
#266,3177,4864
#266,3136,4864
#266,3035,4864
266,3243,4864,354.358
#279,3817,5120
#279,3487,5120
#279,3226,5120
#279,6039,5120
#279,3191,5120
279,3952,5120,2134.71
#292,3739,5248
#292,3582,5248
#292,3360,5248
#292,3350,5248
#292,3298,5248
292,3465.8,5248,335.739
#306,3968,5504
#306,3777,5504
#306,3520,5504
#306,3509,5504
#306,3446,5504
306,3644,5504,395.444
#321,16758,5760
#321,4138,5760
#321,3851,5760
#321,3812,5760
#321,3741,5760
321,6460,5760,10301.5
#337,4733,6144
#337,4426,6144
#337,4156,6144
#337,4106,6144
#337,4044,6144
337,4293,6144,511.49
#353,5204,6400
#353,4810,6400
#353,4476,6400
#353,4466,6400
#353,4318,6400
353,4654.8,6400,636.715
#370,4986,6656
#370,4905,6656
#370,4651,6656
#370,4652,6656
#370,4563,6656
370,4751.4,6656,327.518
#388,5190,6912
#388,5034,6912
#388,4614,6912
#388,4613,6912
#388,4561,6912
388,4802.4,6912,516.537
#407,5394,7296
#407,5232,7296
#407,5027,7296
#407,4911,7296
#407,4848,7296
407,5082.4,7296,406.807
#427,5716,7552
#427,5460,7552
#427,5127,7552
#427,5088,7552
#427,4988,7552
427,5275.8,7552,542.546
#448,5827,7808
#448,5652,7808
#448,5281,7808
#448,5248,7808
#448,5173,7808
448,5436.2,7808,512.308
#470,6559,8192
#470,6113,8192
#470,5845,8192
#470,5818,8192
#470,5631,8192
470,5993.2,8192,643.943
#493,7062,8704
#493,6549,8704
#493,6116,8704
#493,6069,8704
#493,5966,8704
493,6352.4,8704,813.727
#517,7022,8832
#517,6635,8832
#517,6245,8832
#517,6080,8832
#517,5996,8832
517,6395.6,8832,765.064
#542,7398,9344
#542,6870,9344
#542,6522,9344
#542,6505,9344
#542,6373,9344
542,6733.6,9344,741.403
#569,7885,9728
#569,7349,9728
#569,6938,9728
#569,6819,9728
#569,6687,9728
569,7135.6,9728,870.707
#597,7957,10240
#597,7546,10240
#597,7151,10240
#597,7134,10240
#597,7039,10240
597,7365.4,10240,686.24
#626,8450,10624
#626,7911,10624
#626,7565,10624
#626,7516,10624
#626,7406,10624
626,7769.6,10624,759.641
#657,9005,11136
#657,8469,11136
#657,8044,11136
#657,7903,11136
#657,7832,11136
657,8250.6,11136,874.324
#689,9100,11776
#689,8712,11776
#689,8358,11776
#689,8254,11776
#689,8045,11776
689,8493.8,11776,744.289
#723,9753,12288
#723,9146,12288
#723,8856,12288
#723,8627,12288
#723,8508,12288
723,8978,12288,888.97
#759,9726,12928
#759,9342,12928
#759,8954,12928
#759,8842,12928
#759,8769,12928
759,9126.6,12928,717.966
#796,10299,13312
#796,9912,13312
#796,9556,13312
#796,9362,13312
#796,9345,13312
796,9694.8,13312,729.172
#835,11229,14080
#835,10328,14080
#835,9877,14080
#835,9785,14080
#835,9629,14080
835,10169.6,14080,1156.96
#876,11742,14720
#876,11237,14720
#876,10481,14720
#876,10358,14720
#876,10120,14720
876,10787.6,14720,1212.3
#919,12051,15360
#919,11507,15360
#919,11006,15360
#919,10833,15360
#919,10719,15360
919,11223.2,15360,987.702
#964,13373,16000
#964,12417,16000
#964,11809,16000
#964,11564,16000
#964,11359,16000
964,12104.4,16000,1453.82
#1012,13815,16896
#1012,12906,16896
#1012,12395,16896
#1012,12251,16896
#1012,11982,16896
1012,12669.8,16896,1293.45
#1062,27453,17664
#1062,14113,17664
#1062,13422,17664
#1062,13223,17664
#1062,13090,17664
1062,16260.2,17664,11215
#1115,14718,18560
#1115,14293,18560
#1115,13633,18560
#1115,13521,18560
#1115,13391,18560
1115,13911.2,18560,1018.61
#1170,15633,19456
#1170,15165,19456
#1170,14512,19456
#1170,14321,19456
#1170,14132,19456
1170,14752.6,19456,1122.32
#1228,16089,20352
#1228,15553,20352
#1228,14914,20352
#1228,14615,20352
#1228,14523,20352
1228,15138.8,20352,1192.83
#1289,17501,21376
#1289,16701,21376
#1289,16207,21376
#1289,15991,21376
#1289,15781,21376
1289,16436.2,21376,1227.66
#1353,18472,22272
#1353,17486,22272
#1353,16922,22272
#1353,16779,22272
#1353,16572,22272
1353,17246.2,22272,1367.63
#1420,19785,23424
#1420,18902,23424
#1420,18209,23424
#1420,17846,23424
#1420,17677,23424
1420,18483.8,23424,1549.51
#1491,21205,24576
#1491,19937,24576
#1491,18788,24576
#1491,18380,24576
#1491,18158,24576
1491,19293.6,24576,2271.09
#1565,21149,25728
#1565,19858,25728
#1565,19056,25728
#1565,18816,25728
#1565,18682,25728
1565,19512.2,25728,1828.82
#1643,22694,27008
#1643,21491,27008
#1643,20759,27008
#1643,20401,27008
#1643,20090,27008
1643,21087,27008,1858.57
#1725,23394,28416
#1725,22051,28416
#1725,21277,28416
#1725,21035,28416
#1725,20854,28416
1725,21722.2,28416,1860.59
#1811,24932,29696
#1811,23519,29696
#1811,45051,29696
#1811,22862,29696
#1811,22011,29696
1811,27675,29696,17480.7
#1901,25264,31104
#1901,24109,31104
#1901,23289,31104
#1901,23128,31104
#1901,23013,31104
1901,23760.6,31104,1688.33
#1996,27195,32640
#1996,25769,32640
#1996,24781,32640
#1996,24331,32640
#1996,24099,32640
1996,25235,32640,2269.9
#2095,27909,34176
#2095,26974,34176
#2095,25964,34176
#2095,25778,34176
#2095,25355,34176
2095,26396,34176,1849.43
#2199,29489,35968
#2199,27930,35968
#2199,27011,35968
#2199,26759,35968
#2199,26402,35968
2199,27518.2,35968,2215.07
#2308,30485,37504
#2308,29564,37504
#2308,28657,37504
#2308,28055,37504
#2308,27714,37504
2308,28895,37504,2026.36
#2423,32195,39552
#2423,30923,39552
#2423,29735,39552
#2423,29370,39552
#2423,29075,39552
2423,30259.6,39552,2307.51
#2544,35281,41344
#2544,33470,41344
#2544,32131,41344
#2544,31594,41344
#2544,31378,41344
2544,32770.8,41344,2901.6
#2671,50302,43392
#2671,36748,43392
#2671,35330,43392
#2671,34719,43392
#2671,34222,43392
2671,38264.2,43392,12156.5
#2804,39590,45568
#2804,38367,45568
#2804,36793,45568
#2804,36213,45568
#2804,35873,45568
2804,37367.2,45568,2804.99
#2944,41996,47872
#2944,39822,47872
#2944,38539,47872
#2944,38172,47872
#2944,37601,47872
2944,39226,47872,3130.7
#3091,42047,50048
#3091,40740,50048
#3091,39648,50048
#3091,38901,50048
#3091,38203,50048
3091,39907.8,50048,2721.21
#3245,44327,52608
#3245,42522,52608
#3245,41433,52608
#3245,40710,52608
#3245,40422,52608
3245,41882.8,52608,2841.75
#3407,47573,55296
#3407,49144,55296
#3407,43817,55296
#3407,42982,55296
#3407,42836,55296
3407,45270.4,55296,5183.22
#3577,48330,57984
#3577,46762,57984
#3577,45281,57984
#3577,44315,57984
#3577,44152,57984
3577,45768,57984,3163.76
#3755,50502,60800
#3755,48345,60800
#3755,47167,60800
#3755,46532,60800
#3755,47209,60800
3755,47951,60800,2805.94
#3942,55923,63744
#3942,53728,63744
#3942,52124,63744
#3942,51074,63744
#3942,50582,63744
3942,52686.2,63744,3888.97
#4139,59548,66944
#4139,57759,66944
#4139,55957,66944
#4139,54978,66944
#4139,66057,66944
4139,58859.8,66944,7847.53
#4345,61136,70272
#4345,58433,70272
#4345,56741,70272
#4345,55831,70272
#4345,55318,70272
4345,57491.8,70272,4215.53
#4562,62213,73600
#4562,60283,73600
#4562,58400,73600
#4562,57938,73600
#4562,56954,73600
4562,59157.6,73600,3743.71
#4790,67432,77440
#4790,65041,77440
#4790,63501,77440
#4790,62450,77440
#4790,61620,77440
4790,64008.8,77440,4116.1
#5029,70228,81280
#5029,67969,81280
#5029,66579,81280
#5029,65510,81280
#5029,64685,81280
5029,66994.2,81280,3910.53
#5280,74617,85248
#5280,72342,85248
#5280,70535,85248
#5280,69560,85248
#5280,69101,85248
5280,71231,85248,4050.96
#5544,78446,89344
#5544,76107,89344
#5544,74353,89344
#5544,73326,89344
#5544,72593,89344
5544,74965,89344,4205.59
#5821,82293,93824
#5821,79834,93824
#5821,78005,93824
#5821,77181,93824
#5821,76682,93824
5821,78799,93824,4099.69
#6112,88283,98432
#6112,85821,98432
#6112,83885,98432
#6112,82748,98432
#6112,82281,98432
6112,84603.6,98432,4415.8
#6417,93033,103424
#6417,90659,103424
#6417,88021,103424
#6417,86759,103424
#6417,86235,103424
6417,88941.4,103424,5108.89
#6737,94659,108544
#6737,92893,108544
#6737,90801,108544
#6737,89445,108544
#6737,88761,108544
6737,91311.8,108544,4377.8
#7073,100104,113920
#7073,98114,113920
#7073,96098,113920
#7073,94979,113920
#7073,94358,113920
7073,96730.6,113920,4232.36
#7426,105783,119552
#7426,103133,119552
#7426,101539,119552
#7426,100560,119552
#7426,100087,119552
7426,102220,119552,4127.72
#7797,112282,125312
#7797,109660,125312
#7797,107652,125312
#7797,106254,125312
#7797,105534,125312
7797,108276,125312,4895.71
#8186,117634,131584
#8186,115039,131584
#8186,112885,131584
#8186,111534,131584
#8186,111035,131584
8186,113625,131584,4874.38
#8595,126413,138112
#8595,123769,138112
#8595,121871,138112
#8595,120766,138112
#8595,120032,138112
8595,122570,138112,4594.84
#9024,132763,145024
#9024,130907,145024
#9024,129227,145024
#9024,127970,145024
#9024,127160,145024
9024,129605,145024,4045.97
#9475,137422,152192
#9475,135999,152192
#9475,133661,152192
#9475,146636,152192
#9475,132334,152192
9475,137210,152192,10069
#9948,144414,159872
#9948,142732,159872
#9948,140513,159872
#9948,139697,159872
#9948,139340,159872
9948,141339,159872,3875.1
#10445,152713,167936
#10445,151112,167936
#10445,148688,167936
#10445,147558,167936
#10445,146489,167936
10445,149312,167936,4581.88
#10967,162144,176256
#10967,160168,176256
#10967,158434,176256
#10967,160758,176256
#10967,156666,176256
10967,159634,176256,3805.01
#11515,168820,184960
#11515,166493,184960
#11515,165138,184960
#11515,164009,184960
#11515,163484,184960
11515,165589,184960,3835.35
#12090,181667,194176
#12090,179905,194176
#12090,177685,194176
#12090,176989,194176
#12090,176897,194176
12090,178629,194176,3735.04
#12694,195292,203776
#12694,199366,203776
#12694,184538,203776
#12694,183779,203776
#12694,183398,203776
12694,189275,203776,13422.9
#13328,201692,213888
#13328,200200,213888
#13328,198607,213888
#13328,197203,213888
#13328,197462,213888
13328,199033,213888,3397.72
#13994,210029,224640
#13994,208945,224640
#13994,207350,224640
#13994,208888,224640
#13994,205997,224640
13994,208242,224640,2820.01
#14693,225594,235776
#14693,224646,235776
#14693,222707,235776
#14693,233512,235776
#14693,216222,235776
14693,224536,235776,11105.6
#15427,229749,247424
#15427,229309,247424
#15427,227099,247424
#15427,229991,247424
#15427,225942,247424
15427,228418,247424,3213.73
#16198,241560,259712
#16198,239629,259712
#16198,239690,259712
#16198,238264,259712
#16198,236999,259712
16198,239228,259712,3060.75
#17007,252771,272768
#17007,253099,272768
#17007,248927,272768
#17007,248693,272768
#17007,248562,272768
17007,250410,272768,4134.49
#17857,268403,286464
#17857,285736,286464
#17857,272300,286464
#17857,272106,286464
#17857,281633,286464
17857,276036,286464,13056.2
#18749,283373,300800
#18749,282166,300800
#18749,280464,300800
#18749,280388,300800
#18749,279605,300800
18749,281199,300800,2742.28
#19686,293491,315776
#19686,292757,315776
#19686,290764,315776
#19686,290708,315776
#19686,292642,315776
19686,292072,315776,2259.03
#20670,309464,331392
#20670,308734,331392
#20670,307560,331392
#20670,306338,331392
#20670,306281,331392
20670,307675,331392,2540.24
#21703,327423,348032
#21703,327209,348032
#21703,327425,348032
#21703,326131,348032
#21703,325740,348032
21703,326786,348032,1418.78
#22788,348968,365312
#22788,348826,365312
#22788,348130,365312
#22788,348467,365312
#22788,346988,365312
22788,348276,365312,1413.68
#23927,364236,383616
#23927,363476,383616
#23927,362242,383616
#23927,362222,383616
#23927,361021,383616
23927,362639,383616,2227.18
#25123,383688,402688
#25123,383162,402688
#25123,382376,402688
#25123,381665,402688
#25123,381152,402688
25123,382409,402688,1862.8
#26379,405227,422784
#26379,404522,422784
#26379,403821,422784
#26379,402662,422784
#26379,403225,422784
26379,403891,422784,1820.32
#27697,432701,443904
#27697,429355,443904
#27697,427916,443904
#27697,427835,443904
#27697,428053,443904
27697,429172,443904,3699.15
#29081,457760,466048
#29081,455800,466048
#29081,453905,466048
#29081,454912,466048
#29081,453425,466048
29081,455160,466048,3074.59
#30535,482579,489344
#30535,479725,489344
#30535,477795,489344
#30535,478852,489344
#30535,478704,489344
30535,479531,489344,3284.7
#32061,498230,513792
#32061,497587,513792
#32061,496431,513792
#32061,496285,513792
#32061,496477,513792
32061,497002,513792,1540.38
#33664,516520,539264
#33664,537393,539264
#33664,524629,539264
#33664,523733,539264
#33664,522972,539264
33664,525049,539264,13604.1
#35347,558152,566144
#35347,557600,566144
#35347,557422,566144
#35347,556850,566144
#35347,559170,566144
35347,557839,566144,1569.37
#37114,579690,594432
#37114,600196,594432
#37114,592476,594432
#37114,595133,594432
#37114,592192,594432
37114,591937,594432,13528.3
#38969,608029,624256
#38969,609170,624256
#38969,605673,624256
#38969,606205,624256
#38969,605252,624256
38969,606866,624256,2983.44
#40917,652144,655360
#40917,670486,655360
#40917,674807,655360
#40917,653961,655360
#40917,652014,655360
40917,660682,655360,19775.5
#42962,693165,688000
#42962,701019,688000
#42962,677055,688000
#42962,673847,688000
#42962,678651,688000
42962,684747,688000,20991
#45110,716892,722560
#45110,711509,722560
#45110,712562,722560
#45110,712341,722560
#45110,712831,722560
45110,713227,722560,3770.18
#47365,779304,758656
#47365,767506,758656
#47365,769666,758656
#47365,767488,758656
#47365,767271,758656
47365,770247,758656,9223.82
#49733,816508,796416
#49733,811500,796416
#49733,788447,796416
#49733,787263,796416
#49733,789838,796416
49733,798711,796416,25225.8
#52219,836308,836096
#52219,833255,836096
#52219,833682,836096
#52219,834014,836096
#52219,833193,836096
52219,834090,836096,2296.71
#54829,897239,877952
#54829,898626,877952
#54829,895224,877952
#54829,896191,877952
#54829,881714,877952
54829,893799,877952,12294.2
#57570,972967,921856
#57570,986485,921856
#57570,950513,921856
#57570,964074,921856
#57570,928693,921856
57570,960546,921856,39545.8
#60448,972157,967808
#60448,973582,967808
#60448,969785,967808
#60448,969941,967808
#60448,971062,967808
60448,971305,967808,2848.24
#63470,1061130,1016192
#63470,1056189,1016192
#63470,1021936,1016192
#63470,1021578,1016192
#63470,1022311,1016192
63470,1.03663e+06,1016192,36114.4
#66643,1117562,1067008
#66643,1104139,1067008
#66643,1102252,1067008
#66643,1118920,1067008
#66643,1076542,1067008
66643,1.10388e+06,1067008,30508.8
#69975,1162456,1120384
#69975,1141122,1120384
#69975,1186879,1120384
#69975,1132298,1120384
#69975,1133032,1120384
69975,1.15116e+06,1120384,41843.6
#73473,1210752,1176320
#73473,1208318,1176320
#73473,1208000,1176320
#73473,1229588,1176320
#73473,1270686,1176320
73473,1.22547e+06,1176320,47978.8
#77146,1261022,1235072
#77146,1261318,1235072
#77146,1260009,1235072
#77146,1259474,1235072
#77146,1267811,1235072
77146,1.26193e+06,1235072,6033.72
#81003,1379210,1296640
#81003,1389232,1296640
#81003,1367903,1296640
#81003,1345525,1296640
#81003,1360511,1296640
81003,1.36848e+06,1296640,30153.6
#85053,1431321,1361664
#85053,1429397,1361664
#85053,1453816,1361664
#85053,1399677,1361664
#85053,1404098,1361664
85053,1.42366e+06,1361664,39586.3
#89305,1507162,1429504
#89305,1501891,1429504
#89305,1504124,1429504
#89305,1483403,1429504
#89305,1488216,1429504
89305,1.49696e+06,1429504,18761
#93770,1545923,1500928
#93770,1544893,1500928
#93770,1546240,1500928
#93770,1543425,1500928
#93770,1543515,1500928
93770,1.5448e+06,1500928,2346.95
#98458,1664077,1575936
#98458,1680396,1575936
#98458,1636980,1575936
#98458,1656033,1575936
#98458,1674083,1575936
98458,1.66231e+06,1575936,30329.4
#103380,1735553,1654784
#103380,1714595,1654784
#103380,1714995,1654784
#103380,1713971,1654784
#103380,1711883,1654784
103380,1.7182e+06,1654784,17485.6
#108549,1850511,1737472
#108549,1848618,1737472
#108549,1833276,1737472
#108549,1826729,1737472
#108549,1803529,1737472
108549,1.83253e+06,1737472,34145.6
#113976,1949482,1824384
#113976,1968721,1824384
#113976,1900838,1824384
#113976,1948209,1824384
#113976,1901351,1824384
113976,1.93372e+06,1824384,55226.2
#119674,2124774,1915520
#119674,2046768,1915520
#119674,2034795,1915520
#119674,1985377,1915520
#119674,1984294,1915520
119674,2.0352e+06,1915520,102883
#125657,2129864,2011264
#125657,2086084,2011264
#125657,2135055,2011264
#125657,2082727,2011264
#125657,2082980,2011264
125657,2.10334e+06,2011264,47720.5
#131939,2255921,2111744
#131939,2209501,2111744
#131939,2204884,2111744
#131939,2202906,2111744
#131939,2205158,2111744
131939,2.21567e+06,2111744,40476.8
#138535,2356876,2217344
#138535,2316673,2217344
#138535,2355884,2217344
#138535,2308655,2217344
#138535,2354914,2217344
138535,2.3386e+06,2217344,42674.5
#145461,2516098,2328192
#145461,2440774,2328192
#145461,2430341,2328192
#145461,2430387,2328192
#145461,2431178,2328192
145461,2.44976e+06,2328192,66808.3
#152734,2730156,2444416
#152734,2640584,2444416
#152734,2608872,2444416
#152734,2562730,2444416
#152734,2562219,2444416
152734,2.62091e+06,2444416,124246
#160370,2818504,2566528
#160370,2754711,2566528
#160370,2686599,2566528
#160370,2728875,2566528
#160370,2685274,2566528
160370,2.73479e+06,2566528,98849.7
#168388,3146237,2694912
#168388,2906245,2694912
#168388,2900913,2694912
#168388,2885982,2694912
#168388,2845108,2694912
168388,2.9369e+06,2694912,213682
#176807,3143946,2829696
#176807,3025228,2829696
#176807,2992245,2829696
#176807,2975681,2829696
#176807,3023792,2829696
176807,3.03218e+06,2829696,117974
#185647,3313404,2971008
#185647,3195195,2971008
#185647,3189626,2971008
#185647,3141228,2971008
#185647,3166740,2971008
185647,3.20124e+06,2971008,118470
#194929,3519316,3119616
#194929,3351363,3119616
#194929,3367368,3119616
#194929,3307578,3119616
#194929,3306976,3119616
194929,3.37052e+06,3119616,156248
#204675,3746483,3275520
#204675,3690964,3275520
#204675,3542810,3275520
#204675,3541008,3275520
#204675,3479625,3275520
204675,3.60018e+06,3275520,201936
#214908,3965098,3439232
#214908,3763120,3439232
#214908,3708770,3439232
#214908,3688398,3439232
#214908,3732064,3439232
214908,3.77149e+06,3439232,199893
#225653,4261265,3611264
#225653,3950063,3611264
#225653,3937798,3611264
#225653,3949238,3611264
#225653,3961939,3611264
225653,4.01206e+06,3611264,249672
#236935,4665439,3791616
#236935,4141854,3791616
#236935,4163898,3791616
#236935,4139455,3791616
#236935,4109742,3791616
236935,4.24408e+06,3791616,422768
#248781,4881424,3981312
#248781,4305362,3981312
#248781,4394377,3981312
#248781,4367075,3981312
#248781,4385794,3981312
248781,4.46681e+06,3981312,419264
#261220,5165627,4180224
#261220,4574573,4180224
#261220,4620674,4180224
#261220,4694563,4180224
#261220,4567742,4180224
261220,4.72464e+06,4180224,450173
#274281,5442768,4389248
#274281,4938375,4389248
#274281,4980793,4389248
#274281,4923928,4389248
#274281,4914344,4389248
274281,5.04004e+06,4389248,405282
#287995,5788844,4608768
#287995,5300375,4608768
#287995,5275161,4608768
#287995,5196769,4608768
#287995,5207874,4608768
287995,5.3538e+06,4608768,442045
#302394,6124044,4839040
#302394,5602369,4839040
#302394,5520805,4839040
#302394,5551529,4839040
#302394,5589576,4839040
302394,5.67766e+06,4839040,450066
#317513,6620880,5080960
#317513,5915879,5080960
#317513,5928519,5080960
#317513,5840020,5080960
#317513,5885381,5080960
317513,6.03814e+06,5080960,585926
#333388,6925341,5334912
#333388,6238870,5334912
#333388,6394576,5334912
#333388,6230499,5334912
#333388,6328823,5334912
333388,6.42362e+06,5334912,516126
#350057,7310316,5601664
#350057,6740860,5601664
#350057,6685575,5601664
#350057,6778528,5601664
#350057,6742281,5601664
350057,6.85151e+06,5601664,462634
#367559,7653488,5881728
#367559,7154243,5881728
#367559,7245346,5881728
#367559,7216466,5881728
#367559,7132097,5881728
367559,7.28033e+06,5881728,382016
#385936,8157017,6175616
#385936,7669283,6175616
#385936,7552093,6175616
#385936,7712586,6175616
#385936,7632408,6175616
385936,7.74468e+06,6175616,425611
#405232,8601251,6484480
#405232,8107875,6484480
#405232,8322811,6484480
#405232,8117267,6484480
#405232,8283233,6484480
405232,8.28649e+06,6484480,358825
#425493,9198425,6808576
#425493,8744021,6808576
#425493,8770071,6808576
#425493,8650056,6808576
#425493,8796635,6808576
425493,8.83184e+06,6808576,379681
#446767,9938857,7148928
#446767,9540551,7148928
#446767,9665000,7148928
#446767,9453670,7148928
#446767,9439681,7148928
446767,9.60755e+06,7148928,368144
#469105,10590419,7506432
#469105,10181394,7506432
#469105,9966484,7506432
#469105,10034601,7506432
#469105,10178582,7506432
469105,1.01903e+07,7506432,433264
#492560,22113419,7881600
#492560,16505850,7881600
#492560,10901447,7881600
#492560,10749645,7881600
#492560,10638299,7881600
492560,1.41817e+07,7881600,9.09543e+06
#517188,11803498,8275584
#517188,11432546,8275584
#517188,11412539,8275584
#517188,11333777,8275584
#517188,11427515,8275584
517188,1.1482e+07,8275584,329327
#543047,12579168,8689536
#543047,12241730,8689536
#543047,12380492,8689536
#543047,13050784,8689536
#543047,12428528,8689536
543047,1.25361e+07,8689536,557992
#570199,13719700,9123840
#570199,13217758,9123840
#570199,13174530,9123840
#570199,13111623,9123840
#570199,13336379,9123840
570199,1.3312e+07,9123840,433354
#598708,14522345,9579904
#598708,14291719,9579904
#598708,14141848,9579904
#598708,14106722,9579904
#598708,14100724,9579904
598708,1.42327e+07,9579904,321148
#628643,15423056,10059136
#628643,15129641,10059136
#628643,15245980,10059136
#628643,15122040,10059136
#628643,15073699,10059136
628643,1.51989e+07,10059136,251145
#660075,20639569,10561920
#660075,33890701,10561920
#660075,16560632,10561920
#660075,16416955,10561920
#660075,16351891,10561920
660075,2.07719e+07,10561920,1.35161e+07
#693078,18150684,11089920
#693078,17811185,11089920
#693078,17608632,11089920
#693078,17687670,11089920
#693078,17667690,11089920
693078,1.77852e+07,11089920,388588
#727731,19831952,11644288
#727731,19201060,11644288
#727731,19472253,11644288
#727731,19426141,11644288
#727731,19170757,11644288
727731,1.94204e+07,11644288,475418
#764117,21306551,12226560
#764117,20942845,12226560
#764117,21012299,12226560
#764117,20907804,12226560
#764117,21064346,12226560
764117,2.10468e+07,12226560,281560
#802322,23358090,12837760
#802322,22987571,12837760
#802322,23469058,12837760
#802322,45215750,12837760
#802322,23197490,12837760
802322,2.76456e+07,12837760,1.75731e+07
#842438,25902098,13479808
#842438,25679356,13479808
#842438,25363377,13479808
#842438,25652482,13479808
#842438,25355890,13479808
842438,2.55906e+07,13479808,415169
#884559,28313493,14153600
#884559,27977695,14153600
#884559,30522364,14153600
#884559,28461038,14153600
#884559,28158256,14153600
884559,2.86866e+07,14153600,1.86372e+06
#928786,31470664,14861184
#928786,31015867,14861184
#928786,31093057,14861184
#928786,30787265,14861184
#928786,31700524,14861184
928786,3.12135e+07,14861184,656395
#975225,35090922,15604224
#975225,34638546,15604224
#975225,34622163,15604224
#975225,34526999,15604224
#975225,34602551,15604224
975225,3.46962e+07,15604224,402005
#1023986,38247300,16384384
#1023986,38656856,16384384
#1023986,38493679,16384384
#1023986,38148853,16384384
#1023986,38661210,16384384
1023986,3.84416e+07,16384384,420218
#1075185,42454466,17203584
#1075185,42209767,17203584
#1075185,42026313,17203584
#1075185,41952929,17203584
#1075185,42617635,17203584
1075185,4.22522e+07,17203584,503462
#1128944,46831892,18063744
#1128944,46966240,18063744
#1128944,46418558,18063744
#1128944,47023609,18063744
#1128944,46548940,18063744
1128944,4.67578e+07,18063744,471847
#1185391,51887202,18966912
#1185391,51808131,18966912
#1185391,51996354,18966912
#1185391,51549004,18966912
#1185391,51997575,18966912
1185391,5.18477e+07,18966912,330945
#1244660,57156458,19915264
#1244660,56528760,19915264
#1244660,56475453,19915264
#1244660,56984460,19915264
#1244660,56895871,19915264
1244660,5.68082e+07,19915264,528276
#1306893,62147670,20910976
#1306893,61833794,20910976
#1306893,65605949,20910976
#1306893,62414953,20910976
#1306893,62674539,20910976
1306893,6.29354e+07,20910976,2.72834e+06
#1372237,68794065,21956352
#1372237,68181778,21956352
#1372237,68366087,21956352
#1372237,68112276,21956352
#1372237,68439598,21956352
1372237,6.83788e+07,21956352,478461
#1440848,75725513,23054208
#1440848,75146426,23054208
#1440848,74653560,23054208
#1440848,75151867,23054208
#1440848,75509459,23054208
1440848,7.52374e+07,23054208,731427
#1512890,84472879,24206976
#1512890,81701263,24206976
#1512890,81135028,24206976
#1512890,81486138,24206976
#1512890,81680118,24206976
1512890,8.20951e+07,24206976,2.41226e+06
#1588534,92611874,25417216
#1588534,88667714,25417216
#1588534,88801929,25417216
#1588534,90129615,25417216
#1588534,89174449,25417216
1588534,8.98771e+07,25417216,2.9196e+06
#1667960,100497546,26688000
#1667960,96873680,26688000
#1667960,97030870,26688000
#1667960,99036769,26688000
#1667960,103324608,26688000
1667960,9.93527e+07,26688000,4.79358e+06
#1751358,109160735,28022272
#1751358,105613002,28022272
#1751358,112330604,28022272
#1751358,105755251,28022272
#1751358,105703003,28022272
1751358,1.07713e+08,28022272,5.34424e+06
#1838925,123673479,29423488
#1838925,114272802,29423488
#1838925,113762983,29423488
#1838925,114119101,29423488
#1838925,114626192,29423488
1838925,1.16091e+08,29423488,7.60282e+06
#1930871,127572465,30894720
#1930871,123231963,30894720
#1930871,123360312,30894720
#1930871,123336598,30894720
#1930871,122957574,30894720
1930871,1.24092e+08,30894720,3.49242e+06
#2027414,138789159,32439424
#2027414,138530404,32439424
#2027414,133688205,32439424
#2027414,135907217,32439424
#2027414,133193096,32439424
2027414,1.36022e+08,32439424,4.68288e+06
#2128784,149059594,34061184
#2128784,150217436,34061184
#2128784,149369132,34061184
#2128784,148591979,34061184
#2128784,148632002,34061184
2128784,1.49174e+08,34061184,1.19078e+06
#2235223,161252194,35764224
#2235223,160962300,35764224
#2235223,161095877,35764224
#2235223,160366192,35764224
#2235223,160782450,35764224
2235223,1.60892e+08,35764224,609736
#2346984,172283455,37552384
#2346984,173531825,37552384
#2346984,172403772,37552384
#2346984,172436610,37552384
#2346984,171864560,37552384
2346984,1.72504e+08,37552384,1.10582e+06
#2464333,185014143,39430016
#2464333,186375802,39430016
#2464333,185829238,39430016
#2464333,185437926,39430016
#2464333,186737244,39430016
2464333,1.85879e+08,39430016,1.24206e+06
#2587549,198631119,41401344
#2587549,198671371,41401344
#2587549,198359398,41401344
#2587549,198869456,41401344
#2587549,199396960,41401344
2587549,1.98786e+08,41401344,692447
#2716926,212670298,43471616
#2716926,213606073,43471616
#2716926,213634059,43471616
#2716926,212591126,43471616
#2716926,212954369,43471616
2716926,2.13091e+08,43471616,896993
#2852772,229080531,45645056
#2852772,229710335,45645056
#2852772,228628061,45645056
#2852772,227974384,45645056
#2852772,227857800,45645056
2852772,2.2865e+08,45645056,1.38396e+06
#2995410,248171480,47927168
#2995410,243727825,47927168
#2995410,243766330,47927168
#2995410,244345137,47927168
#2995410,243803370,47927168
2995410,2.44763e+08,47927168,3.43839e+06
#3145180,262138921,50323584
#3145180,260782781,50323584
#3145180,260691481,50323584
#3145180,260909090,50323584
#3145180,260497136,50323584
3145180,2.61004e+08,50323584,1.16639e+06
#3302439,280423395,52839680
#3302439,278587394,52839680
#3302439,279852100,52839680
#3302439,278809944,52839680
#3302439,289814970,52839680
3302439,2.81498e+08,52839680,8.42534e+06
#3467560,296834841,55481600
#3467560,296151782,55481600
#3467560,336007699,55481600
#3467560,331594196,55481600
#3467560,302530061,55481600
3467560,3.12624e+08,55481600,3.49764e+07
#3640938,382204307,58255616
#3640938,331730358,58255616
#3640938,314812451,58255616
#3640938,315182438,58255616
#3640938,314353155,58255616
3640938,3.31657e+08,58255616,5.22273e+07
#3822984,335234271,61168512
#3822984,335166272,61168512
#3822984,334562774,61168512
#3822984,335734646,61168512
#3822984,334581222,61168512
3822984,3.35056e+08,61168512,882354
#4014133,355944297,64226816
#4014133,355834138,64226816
#4014133,356500088,64226816
#4014133,357178042,64226816
#4014133,355842947,64226816
4014133,3.5626e+08,64226816,1.04131e+06
#4214839,380155144,67438080
#4214839,379981839,67438080
#4214839,379453720,67438080
#4214839,380901942,67438080
#4214839,382774076,67438080
4214839,3.80653e+08,67438080,2.31474e+06
#4425580,403318663,70809856
#4425580,403361037,70809856
#4425580,403188414,70809856
#4425580,403116504,70809856
#4425580,403440686,70809856
4425580,4.03285e+08,70809856,234730
#4646859,428558675,74350464
#4646859,428838891,74350464
#4646859,428155963,74350464
#4646859,432863933,74350464
#4646859,431452395,74350464
4646859,4.29974e+08,74350464,3.70235e+06
#4879201,455367589,78067968
#4879201,456823450,78067968
#4879201,456048670,78067968
#4879201,456621130,78067968
#4879201,455697287,78067968
4879201,4.56112e+08,78067968,1.09381e+06
#5123161,484087544,81971328
#5123161,483920390,81971328
#5123161,484767969,81971328
#5123161,483212338,81971328
#5123161,484164459,81971328
5123161,4.84031e+08,81971328,998628
#5379319,512508617,86069888
#5379319,515474981,86069888
#5379319,513344226,86069888
#5379319,512520986,86069888
#5379319,513531919,86069888
5379319,5.13476e+08,86069888,2.16597e+06
#5648284,544467006,90373120
#5648284,544377773,90373120
#5648284,543232117,90373120
#5648284,543423162,90373120
#5648284,543809344,90373120
5648284,5.43862e+08,90373120,989609
#5930698,576186966,94891904
#5930698,576467625,94891904
#5930698,575107058,94891904
#5930698,577984061,94891904
#5930698,577422866,94891904
5930698,5.76634e+08,94891904,2.00081e+06
#6227232,609709637,99636480
#6227232,610501722,99636480
#6227232,610568850,99636480
#6227232,610138572,99636480
#6227232,610000041,99636480
6227232,6.10184e+08,99636480,638737
#6538593,645638447,104618240
#6538593,644917542,104618240
#6538593,646197001,104618240
#6538593,645710867,104618240
#6538593,645477415,104618240
6538593,6.45588e+08,104618240,824750
#6865522,682940500,109849088
#6865522,683217525,109849088
#6865522,681567823,109849088
#6865522,683136778,109849088
#6865522,682402620,109849088
6865522,6.82653e+08,109849088,1.22497e+06
#7208798,723171548,115341568
#7208798,722343138,115341568
#7208798,726671097,115341568
#7208798,722670059,115341568
#7208798,723219789,115341568
7208798,7.23615e+08,115341568,3.1245e+06
#7569237,764826540,121108480
#7569237,764569397,121108480
#7569237,765564786,121108480
#7569237,765006991,121108480
#7569237,765085090,121108480
7569237,7.65011e+08,121108480,658010
#7947698,810498235,127163776
#7947698,810192961,127163776
#7947698,809537139,127163776
#7947698,812842472,127163776
#7947698,810997385,127163776
7947698,8.10814e+08,127163776,2.23859e+06
#8345082,864821433,133522048
#8345082,859916448,133522048
#8345082,862570461,133522048
#8345082,866417189,133522048
#8345082,860533565,133522048
8345082,8.62852e+08,133522048,4.95266e+06
#8762336,910333022,140198144
#8762336,909377723,140198144
#8762336,909912877,140198144
#8762336,909185131,140198144
#8762336,909995169,140198144
8762336,9.09761e+08,140198144,840779
#9200452,961960531,147208064
#9200452,962987335,147208064
#9200452,965124053,147208064
#9200452,962601055,147208064
#9200452,966391484,147208064
9200452,9.63813e+08,147208064,3.34061e+06
#9660474,1019083374,154568192
#9660474,1021207085,154568192
#9660474,1020631549,154568192
#9660474,1019618210,154568192
#9660474,1021012705,154568192
9660474,1.02031e+09,154568192,1.64563e+06
