1,410,536
2,421,544
3,618,552
4,819,568
5,788,568
6,1092,584
7,1156,584
8,1386,608
9,1524,608
10,2006,632
11,1907,632
12,1908,632
13,2164,664
14,2603,664
15,2342,664
16,2979,696
17,2966,696
18,2993,696
19,3193,696
20,3581,736
21,3447,736
22,4170,736
23,3630,736
24,4521,776
25,4494,776
26,4699,776
27,4756,776
28,4629,776
29,5415,832
30,5111,832
31,5469,832
32,5655,832
33,5724,832
34,5420,832
35,6670,896
36,6817,896
37,7141,896
38,6485,896
39,6714,896
40,6307,896
41,6885,896
42,8016,968
43,8015,968
44,7746,968
45,8475,968
46,8210,968
47,7689,968
48,7495,968
49,8012,968
50,10181,1056
51,9496,1056
52,9453,1056
53,9537,1056
54,9541,1056
55,9537,1056
56,10263,1056
57,10190,1056
58,9512,1056
59,11090,1152
60,11427,1152
61,11183,1152
62,11179,1152
63,10862,1152
64,11660,1152
65,11288,1152
66,11493,1152
67,11664,1152
68,11695,1152
69,11238,1152
70,13443,1272
71,13067,1272
72,13149,1272
73,13390,1272
74,13056,1272
75,12874,1272
76,13944,1272
77,12975,1272
78,14105,1272
79,14000,1272
80,14378,1272
81,13883,1272
82,14258,1272
83,16680,1408
84,16628,1408
85,15505,1408
86,14966,1408
87,15684,1408
88,16562,1408
89,15635,1408
90,16470,1408
91,16230,1408
92,17294,1408
93,15891,1408
94,15905,1408
95,16393,1408
96,16370,1408
97,16285,1408
98,18891,1568
99,19814,1568
100,18324,1568
101,19406,1568
102,19818,1568
103,18241,1568
104,18309,1568
105,18303,1568
106,18629,1568
107,17576,1568
108,19281,1568
109,19026,1568
110,18898,1568
111,19664,1568
112,18890,1568
113,18215,1568
114,19238,1568
115,23082,1752
116,21646,1752
117,22791,1752
118,21103,1752
119,22980,1752
120,21276,1752
121,22789,1752
122,22590,1752
123,21095,1752
124,21823,1752
125,22002,1752
126,20454,1752
127,20756,1752
128,22501,1752
129,23061,1752
130,22856,1752
131,22156,1752
132,22679,1752
133,22022,1752
134,21962,1752
135,28114,1960
136,25628,1960
137,25575,1960
138,24261,1960
139,25354,1960
140,25615,1960
141,25541,1960
142,23742,1960
143,24764,1960
144,26555,1960
145,26285,1960
146,26792,1960
147,25548,1960
148,26209,1960
149,25725,1960
150,25748,1960
151,27355,1960
152,25913,1960
153,27126,1960
154,26673,1960
155,25625,1960
156,26225,1960
157,27430,1960
158,31732,2208
159,28900,2208
160,30251,2208
161,28859,2208
162,31420,2208
163,30131,2208
164,30963,2208
165,29798,2208
166,30176,2208
167,30522,2208
168,35721,2208
169,30008,2208
170,30443,2208
171,29276,2208
172,30590,2208
173,29296,2208
174,30291,2208
175,31004,2208
176,29871,2208
177,43944,2208
178,28578,2208
179,29963,2208
180,28541,2208
181,29741,2208
182,28446,2208
183,30518,2208
184,30117,2208
185,33412,2496
186,34319,2496
187,34745,2496
188,37692,2496
189,31883,2496
190,38907,2496
191,34444,2496
192,33885,2496
193,35298,2496
194,34220,2496
195,35490,2496
196,34593,2496
197,32407,2496
198,37258,2496
199,38147,2496
200,38480,2496
202,33380,2496
204,34492,2496
206,34485,2496
208,34199,2496
210,35303,2496
212,35785,2496
214,33690,2496
216,37418,2496
218,39705,2840
220,38746,2840
222,40090,2840
224,43339,2840
226,39981,2840
228,37462,2840
230,37694,2840
232,37086,2840
234,38523,2840
236,38160,2840
238,39760,2840
240,39080,2840
242,39735,2840
244,39384,2840
246,38305,2840
248,40467,2840
250,40270,2840
252,39761,2840
254,44038,3232
256,44735,3232
258,44984,3232
260,44610,3232
262,45875,3232
264,45142,3232
266,44592,3232
268,43129,3232
270,44446,3232
272,46203,3232
274,45975,3232
276,45391,3232
278,44680,3232
280,46355,3232
282,55004,3232
284,44276,3232
286,43791,3232
288,60860,3232
290,44285,3232
292,44066,3232
294,44664,3232
296,45013,3232
298,51772,3688
300,49963,3688
303,50809,3688
306,49716,3688
309,51307,3688
312,60709,3688
315,49208,3688
318,52316,3688
321,49143,3688
324,51526,3688
327,53985,3688
330,51590,3688
333,50410,3688
336,53750,3688
339,51347,3688
342,53415,3688
345,52084,3688
348,59164,4224
351,66030,4224
354,60388,4224
357,62589,4224
360,56969,4224
363,60475,4224
366,61972,4224
369,59770,4224
372,58949,4224
375,57678,4224
378,62241,4224
381,61673,4224
384,56076,4224
387,61400,4224
390,59373,4224
393,59326,4224
396,58622,4224
399,62942,4224
402,58798,4224
406,67774,4856
410,66928,4856
414,69691,4856
418,66678,4856
422,69830,4856
426,68216,4856
430,79329,4856
434,66266,4856
438,65673,4856
442,66160,4856
446,67409,4856
450,69358,4856
454,67794,4856
458,67602,4856
462,65015,4856
466,71996,4856
470,69748,4856
474,71303,4856
478,75274,5592
482,76229,5592
486,76074,5592
490,79467,5592
494,77854,5592
498,74769,5592
502,95843,5592
507,80275,5592
512,76799,5592
517,92013,5592
522,74122,5592
527,75112,5592
532,75281,5592
537,79540,5592
542,76026,5592
547,73647,5592
552,76519,5592
557,89645,6440
562,86125,6440
567,87688,6440
572,101136,6440
577,88132,6440
582,98656,6440
587,84447,6440
592,85851,6440
597,83738,6440
602,84422,6440
608,95167,6440
614,84961,6440
620,85284,6440
626,87313,6440
632,84519,6440
638,86265,6440
644,81869,6440
650,99512,7432
656,97452,7432
662,99015,7432
668,98421,7432
674,95332,7432
680,97805,7432
686,95092,7432
692,93132,7432
698,96878,7432
704,97161,7432
711,107439,7432
718,95428,7432
725,95551,7432
732,99895,7432
739,89627,7432
746,99035,7432
753,96974,7432
760,108861,8600
767,108377,8600
774,109092,8600
781,107830,8600
788,107575,8600
795,112234,8600
802,108710,8600
810,105549,8600
818,119465,8600
826,113090,8600
834,108832,8600
842,114876,8600
850,109028,8600
858,109935,8600
866,118410,8600
874,112816,8600
882,108622,8600
890,122463,9952
898,145756,9952
906,121547,9952
915,131634,9952
924,123307,9952
933,123481,9952
942,124743,9952
951,129416,9952
960,123550,9952
969,120594,9952
978,128825,9952
987,135729,9952
996,125490,9952
1005,128671,9952
1015,127601,9952
1025,129394,9952
1035,153632,11528
1045,141294,11528
1055,138866,11528
1065,150798,11528
1075,155417,11528
1085,149852,11528
1095,140292,11528
1105,137112,11528
1116,144550,11528
1127,142413,11528
1138,139810,11528
1149,141278,11528
1160,146185,11528
1171,144620,11528
1182,146896,11528
1193,147264,11528
1204,141026,11528
1216,158850,13376
1228,154813,13376
1240,157963,13376
1252,165699,13376
1264,164014,13376
1276,165260,13376
1288,179824,13376
1300,156556,13376
1313,158697,13376
1326,155508,13376
1339,163305,13376
1352,153982,13376
1365,158079,13376
1378,150240,13376
1391,163919,13376
1404,147960,13376
1418,183527,15528
1432,170225,15528
1446,171741,15528
1460,175741,15528
1474,170777,15528
1488,177623,15528
1502,172802,15528
1517,175977,15528
1532,175050,15528
1547,172100,15528
1562,179301,15528
1577,191566,15528
1592,175855,15528
1607,170727,15528
1623,173653,15528
1639,174122,15528
1655,198846,18040
1671,201428,18040
1687,197208,18040
1703,196835,18040
1720,190341,18040
1737,195325,18040
1754,204990,18040
1771,188347,18040
1788,192971,18040
1805,198337,18040
1823,204664,18040
1841,195270,18040
1859,196262,18040
1877,206021,18040
1895,201441,18040
1913,197152,18040
1932,220650,20968
1951,218973,20968
1970,225829,20968
1989,230390,20968
2008,237767,20968
2028,227661,20968
2048,230031,20968
2068,223948,20968
2088,242295,20968
2108,224453,20968
2129,229189,20968
2150,227232,20968
2171,241922,20968
2192,230964,20968
2213,233193,20968
2235,237657,20968
2257,262558,24384
2279,274482,24384
2301,285906,24384
2324,264396,24384
2347,268544,24384
2370,265522,24384
2393,272415,24384
2416,277020,24384
2440,268840,24384
2464,262470,24384
2488,264477,24384
2512,271431,24384
2537,270173,24384
2562,276832,24384
2587,265046,24384
2612,317045,28376
2638,299400,28376
2664,311229,28376
2690,314483,28376
2716,299466,28376
2743,316305,28376
2770,309090,28376
2797,303627,28376
2824,309127,28376
2852,328752,28376
2880,325465,28376
2908,320443,28376
2937,307178,28376
2966,312571,28376
2995,310410,28376
3024,322609,28376
3054,344098,33024
3084,371473,33024
3114,349495,33024
3145,366142,33024
3176,375763,33024
3207,373402,33024
3239,366037,33024
3271,375998,33024
3303,366702,33024
3336,371467,33024
3369,363306,33024
3402,367673,33024
3436,370043,33024
3470,377549,33024
3504,384249,33024
3539,368694,33024
3574,435133,38456
3609,418043,38456
3645,434388,38456
3681,434651,38456
3717,437962,38456
3754,426171,38456
3791,432446,38456
3828,446729,38456
3866,445971,38456
3904,441989,38456
3943,434276,38456
3982,496068,38456
4021,473485,38456
4061,466054,38456
4101,437734,38456
4142,471271,38456
4183,544039,44792
4224,523394,44792
4266,520191,44792
4308,522510,44792
4351,508710,44792
4394,529703,44792
4437,550745,44792
4481,527788,44792
4525,526739,44792
4570,529291,44792
4615,542347,44792
4661,516409,44792
4707,521071,44792
4754,544239,44792
4801,551598,44792
4849,618495,52184
4897,626763,52184
4945,612279,52184
4994,618113,52184
5043,606458,52184
5093,639850,52184
5143,630055,52184
5194,626769,52184
5245,628921,52184
5297,614563,52184
5349,638494,52184
5402,618828,52184
5456,646641,52184
5510,636973,52184
5565,625909,52184
5620,625194,52184
5676,714181,60800
5732,714928,60800
5789,693930,60800
5846,740301,60800
5904,718742,60800
5963,712150,60800
6022,702256,60800
6082,715410,60800
6142,725996,60800
6203,708024,60800
6265,732010,60800
6327,767037,60800
6390,731261,60800
6453,753187,60800
6517,751586,60800
6582,761447,60800
6647,837198,70856
6713,863195,70856
6780,855304,70856
6847,854843,70856
6915,833836,70856
6984,853119,70856
7053,852963,70856
7123,837876,70856
7194,845110,70856
7265,905329,70856
7337,858239,70856
7410,873382,70856
7484,891552,70856
7558,888115,70856
7633,849839,70856
7709,957564,82592
7786,1018391,82592
7863,997878,82592
7941,984414,82592
8020,1007944,82592
8100,987329,82592
8181,1004982,82592
8262,991707,82592
8344,1033117,82592
8427,974864,82592
8511,981316,82592
8596,968723,82592
8681,1023688,82592
8767,1048781,82592
8854,1015761,82592
8942,1013269,82592
9031,1190242,96280
9121,1154696,96280
9212,1153855,96280
9304,1203200,96280
9397,1187625,96280
9490,1186883,96280
9584,1142255,96280
9679,1181772,96280
9775,1221283,96280
9872,1181358,96280
9970,1183383,96280
10069,1179375,96280
10169,1246091,96280
10270,1197471,96280
10372,1275331,96280
10475,1335454,112248
10579,1366538,112248
10684,1406602,112248
10790,1368042,112248
10897,1349467,112248
11005,1339877,112248
11115,1356919,112248
11226,1369592,112248
11338,1366350,112248
11451,1360888,112248
11565,1404629,112248
11680,1468964,112248
11796,1406013,112248
11913,1460647,112248
12032,1391498,112248
12152,1419886,112248
12273,1605296,130880
12395,1560310,130880
12518,1577822,130880
12643,1558144,130880
12769,1604361,130880
12896,1653827,130880
13024,1627559,130880
13154,1646219,130880
13285,1632257,130880
13417,1580165,130880
13551,1659911,130880
13686,1649708,130880
13822,1635069,130880
13960,1706825,130880
14099,1664214,130880
14239,1649534,130880
14381,1855018,152616
14524,1830863,152616
14669,1871934,152616
14815,1838073,152616
14963,1903379,152616
15112,1869406,152616
15263,1907976,152616
15415,1894120,152616
15569,1869352,152616
15724,1824847,152616
15881,1967805,152616
16039,1855418,152616
16199,1908133,152616
16360,1954557,152616
16523,2012376,152616
16688,2114344,177976
16854,2121039,177976
17022,2182794,177976
17192,2160479,177976
17363,2126076,177976
17536,2193853,177976
17711,2191387,177976
17888,2226608,177976
18066,2218554,177976
18246,2228974,177976
18428,2218216,177976
18612,2195755,177976
18798,2277508,177976
18985,2269665,177976
19174,2234836,177976
19365,2255851,177976
19558,2527162,207560
19753,2525926,207560
19950,2578724,207560
20149,2549584,207560
20350,2597104,207560
20553,2568710,207560
20758,2520882,207560
20965,2612685,207560
21174,2518725,207560
21385,2597053,207560
21598,2579384,207560
21813,2607768,207560
22031,2711152,207560
22251,2607754,207560
22473,2680895,207560
22697,2985457,242080
22923,2966365,242080
23152,3005205,242080
23383,2977064,242080
23616,3023509,242080
23852,2989477,242080
24090,3039091,242080
24330,3017111,242080
24573,3054406,242080
24818,3010485,242080
25066,3085875,242080
25316,3037038,242080
25569,2969866,242080
25824,3088590,242080
26082,3062486,242080
26342,3121095,242080
26605,3545457,282344
26871,3505041,282344
27139,3517277,282344
27410,3452958,282344
27684,3427359,282344
27960,3586216,282344
28239,3584897,282344
28521,3444915,282344
28806,3520384,282344
29094,3493106,282344
29384,3428527,282344
29677,3533601,282344
29973,3568016,282344
30272,3552579,282344
30574,3554071,282344
30879,3929872,329320
31187,4216300,329320
31498,4054138,329320
31812,4110157,329320
32130,4097116,329320
32451,4045090,329320
32775,4100668,329320
33102,4105548,329320
33433,4121287,329320
33767,4248256,329320
34104,4183694,329320
34445,4280598,329320
34789,4050929,329320
35136,4200763,329320
35487,4235591,329320
35841,4409592,329320
36199,4639814,384128
36560,4736885,384128
36925,4816817,384128
37294,4763797,384128
37666,4893550,384128
38042,4901400,384128
38422,4960962,384128
38806,4686175,384128
39194,4734985,384128
39585,4860468,384128
39980,4924303,384128
40379,4785880,384128
40782,4864445,384128
41189,4921756,384128
41600,4943357,384128
42016,5377787,448072
42436,5557924,448072
42860,5583306,448072
43288,5630521,448072
43720,5665814,448072
44157,5672069,448072
44598,5529120,448072
45043,5651818,448072
45493,5818948,448072
45947,5593584,448072
46406,5590417,448072
46870,5718979,448072
47338,5706922,448072
47811,5807922,448072
48289,5892482,448072
48771,5756007,448072
49258,6477115,522680
49750,6428103,522680
50247,6500474,522680
50749,6516281,522680
51256,6496704,522680
51768,6649717,522680
52285,6504711,522680
52807,6670510,522680
53335,6551537,522680
53868,6525390,522680
54406,6834590,522680
54950,6642681,522680
55499,6659037,522680
56053,6737010,522680
56613,6729534,522680
57179,7539348,609720
57750,7554822,609720
58327,7510909,609720
58910,7588728,609720
59499,7590474,609720
60093,7650156,609720
60693,7598629,609720
61299,7752700,609720
61911,7738231,609720
62530,7601501,609720
63155,7765351,609720
63786,7778018,609720
64423,7778137,609720
65067,7839653,609720
65717,7855470,609720
66374,7915809,609720
67037,8812916,711264
67707,9950327,711264
68384,12878795,711264
69067,13173666,711264
69757,10403740,711264
70454,14538469,711264
71158,11038888,711264
71869,10420760,711264
72587,9630165,711264
73312,9479687,711264
74045,9810584,711264
74785,9850520,711264
75532,9572675,711264
76287,9439622,711264
77049,9516150,711264
77819,10647610,829728
78597,14781793,829728
79382,15943064,829728
80175,10910511,829728
80976,10773467,829728
81785,10938098,829728
82602,11060640,829728
83428,10771395,829728
84262,10644632,829728
85104,10909764,829728
85955,10916840,829728
86814,11012725,829728
87682,10919554,829728
88558,11088592,829728
89443,10981588,829728
90337,11163576,829728
91240,12327626,967936
92152,12419990,967936
93073,12406916,967936
94003,12430923,967936
94943,12438804,967936
95892,12358319,967936
96850,12573803,967936
97818,12595539,967936
98796,12565351,967936
99783,12759164,967936
100780,12716781,967936
101787,12559153,967936
102804,12851766,967936
103832,12861832,967936
104870,12951582,967936
105918,14307750,1129184
106977,14418451,1129184
108046,14287241,1129184
109126,14583863,1129184
110217,14539171,1129184
111319,14612160,1129184
112432,14507584,1129184
113556,14762130,1129184
114691,14605571,1129184
115837,14522947,1129184
116995,14606193,1129184
118164,14734477,1129184
119345,15109951,1129184
120538,14964666,1129184
121743,15173772,1129184
122960,15063126,1129184
124189,16811048,1317304
125430,16798128,1317304
126684,16910208,1317304
127950,16821265,1317304
129229,17063788,1317304
130521,17027437,1317304
131826,16999711,1317304
133144,16887799,1317304
134475,17217504,1317304
135819,17098550,1317304
137177,17062133,1317304
138548,17308150,1317304
139933,17438373,1317304
141332,17466608,1317304
142745,17454981,1317304
144172,19590492,1536776
145613,19644396,1536776
147069,19542544,1536776
148539,19679400,1536776
150024,19524054,1536776
151524,20021150,1536776
153039,19802610,1536776
154569,19864881,1536776
156114,20122912,1536776
157675,19817932,1536776
159251,20267162,1536776
160843,20214996,1536776
162451,20281256,1536776
164075,20300790,1536776
165715,20368690,1536776
167372,20646780,1536776
169045,22759688,1792832
170735,22592517,1792832
172442,23231298,1792832
174166,22985193,1792832
175907,23181614,1792832
177666,23178615,1792832
179442,23307563,1792832
181236,23487809,1792832
183048,23206243,1792832
184878,23261960,1792832
186726,23616623,1792832
188593,23630515,1792832
190478,23841572,1792832
192382,23708031,1792832
194305,24196348,1792832
196248,28013533,2091560
198210,26790478,2091560
200192,26754984,2091560
202193,26940375,2091560
204214,26885374,2091560
206256,26883395,2091560
208318,27010787,2091560
210401,27472162,2091560
212505,27196192,2091560
214630,27468408,2091560
216776,27545558,2091560
218943,27816269,2091560
221132,27640954,2091560
223343,27868258,2091560
225576,27991812,2091560
227831,28250331,2091560
230109,31154924,2440072
232410,31366775,2440072
234734,31018799,2440072
237081,31390906,2440072
239451,31385649,2440072
241845,31703771,2440072
244263,31675070,2440072
246705,31739754,2440072
249172,32022277,2440072
251663,32103099,2440072
254179,32260022,2440072
256720,32376295,2440072
259287,32384291,2440072
261879,32434097,2440072
264497,32432579,2440072
267141,36064019,2846680
269812,36681743,2846680
272510,36451120,2846680
275235,36852327,2846680
277987,37795327,2846680
280766,37216926,2846680
283573,37411694,2846680
286408,36978812,2846680
289272,37018727,2846680
292164,37081527,2846680
295085,38211866,2846680
298035,37841046,2846680
301015,37675928,2846680
304025,38253649,2846680
307065,38098206,2846680
310135,38643048,2846680
313236,42220009,3321048
316368,42628282,3321048
319531,43003417,3321048
322726,43074985,3321048
325953,44341353,3321048
329212,43469335,3321048
332504,43916504,3321048
335829,43668604,3321048
339187,43545882,3321048
342578,43896919,3321048
346003,43962174,3321048
349463,44274111,3321048
352957,44601561,3321048
356486,44944017,3321048
360050,45062810,3321048
363650,49700814,3874472
367286,49795527,3874472
370958,49866155,3874472
374667,50442674,3874472
378413,50087563,3874472
382197,50799795,3874472
386018,51225358,3874472
389878,51140366,3874472
393776,50905155,3874472
397713,51211448,3874472
401690,51725344,3874472
405706,51891253,3874472
409763,52236386,3874472
413860,52038821,3874472
417998,52494814,3874472
422177,52361562,3874472
426398,58206952,4520136
430661,58374541,4520136
434967,58361197,4520136
439316,59134049,4520136
443709,59040293,4520136
448146,59956303,4520136
452627,60596478,4520136
457153,60212496,4520136
461724,60065572,4520136
466341,59710044,4520136
471004,60977838,4520136
475714,60561555,4520136
480471,60924245,4520136
485275,61430485,4520136
490127,62583133,4520136
495028,68843327,5273416
499978,68868775,5273416
504977,68697396,5273416
510026,69572850,5273416
515126,68969030,5273416
520277,69161342,5273416
525479,70068040,5273416
530733,69873428,5273416
536040,71800816,5273416
541400,71628117,5273416
546814,70679806,5273416
552282,71233684,5273416
557804,71111268,5273416
563382,71777596,5273416
569015,71854118,5273416
574705,72069887,5273416
580452,79999017,6152248
586256,80450685,6152248
592118,81095903,6152248
598039,82290452,6152248
604019,81300108,6152248
610059,82205203,6152248
616159,82968163,6152248
622320,82513824,6152248
628543,83322330,6152248
634828,82891120,6152248
641176,86211683,6152248
647587,85194569,6152248
654062,84064046,6152248
660602,83722878,6152248
667208,84861166,6152248
673880,94283917,7177544
680618,93757484,7177544
687424,94370607,7177544
694298,95015330,7177544
701240,95108755,7177544
708252,95872865,7177544
715334,97696688,7177544
722487,95858039,7177544
729711,96608968,7177544
737008,96970867,7177544
744378,98943742,7177544
751821,100704299,7177544
759339,98623801,7177544
766932,98007344,7177544
774601,99082604,7177544
782347,99403905,7177544
790170,110109954,8373728
798071,110471355,8373728
806051,111265217,8373728
814111,111222139,8373728
822252,111042531,8373728
830474,111860664,8373728
838778,112188432,8373728
847165,112227286,8373728
855636,117970903,8373728
864192,115234217,8373728
872833,115899850,8373728
881561,115911640,8373728
890376,114813971,8373728
899279,115673269,8373728
908271,115794955,8373728
917353,129232688,9769272
926526,129660723,9769272
935791,130367898,9769272
945148,131158438,9769272
954599,129960339,9769272
964144,132211707,9769272
973785,133568487,9769272
983522,133494010,9769272
993357,134355309,9769272
1003290,135028727,9769272
1013322,136241688,9769272
1023455,136243364,9769272
1033689,136512923,9769272
1044025,139302368,9769272
1054465,140675489,9769272
1065009,139264049,9769272
1075659,154320208,11397408
1086415,156398108,11397408
1097279,158576057,11397408
1108251,156004154,11397408
1119333,157101575,11397408
1130526,157185888,11397408
1141831,163240359,11397408
1153249,159897991,11397408
1164781,159213638,11397408
1176428,160385310,11397408
1188192,164341110,11397408
1200073,165022179,11397408
1212073,163186362,11397408
1224193,165121435,11397408
1236434,166101296,11397408
1248798,185092739,13296896
1261285,183626522,13296896
1273897,183359050,13296896
1286635,183799373,13296896
1299501,187571970,13296896
1312496,186009690,13296896
1325620,187709800,13296896
1338876,186569241,13296896
1352264,190274700,13296896
1365786,190563708,13296896
1379443,194195113,13296896
1393237,191685494,13296896
1407169,191395569,13296896
1421240,193316730,13296896
1435452,196316590,13296896
1449806,197200267,13296896
1464304,216021317,15512968
1478947,216985815,15512968
1493736,219114324,15512968
1508673,218789873,15512968
1523759,219672870,15512968
1538996,221724266,15512968
1554385,223897637,15512968
1569928,225215461,15512968
1585627,224948432,15512968
1601483,231969722,15512968
1617497,230446230,15512968
1633671,228669676,15512968
1650007,244924524,15512968
1666507,233568303,15512968
1683172,235555655,15512968
1700003,262818189,18098392
1717003,276603328,18098392
1734173,263067958,18098392
1751514,263059646,18098392
1769029,265655137,18098392
1786719,271120277,18098392
1804586,280626697,18098392
1822631,278383072,18098392
1840857,271747868,18098392
1859265,271374773,18098392
1877857,273643587,18098392
1896635,274733321,18098392
1915601,277668773,18098392
1934757,288861209,18098392
1954104,280811522,18098392
1973645,287289890,18098392
1993381,318792179,21114712
2013314,324210549,21114712
2033447,317252223,21114712
2053781,317723594,21114712
2074318,320667935,21114712
2095061,321806594,21114712
2116011,321956233,21114712
2137171,325352094,21114712
2158542,326247348,21114712
2180127,329658004,21114712
2201928,329295522,21114712
2223947,332792777,21114712
2246186,340404474,21114712
2268647,338118853,21114712
2291333,343770383,21114712
2314246,377111017,24633752
2337388,378729667,24633752
2360761,380885182,24633752
2384368,384607799,24633752
2408211,389359371,24633752
2432293,385984297,24633752
2456615,391011486,24633752
2481181,392448375,24633752
2505992,394891003,24633752
2531051,398516956,24633752
2556361,399920029,24633752
2581924,401248813,24633752
2607743,406541160,24633752
2633820,429940070,24633752
2660158,420866411,24633752
2686759,427697503,24633752
2713626,463139710,28739296
2740762,461341919,28739296
2768169,475008389,28739296
2795850,471047743,28739296
2823808,468085856,28739296
2852046,471838409,28739296
2880566,477159636,28739296
2909371,494881503,28739296
2938464,483493135,28739296
2967848,483646263,28739296
2997526,494999829,28739296
3027501,491590991,28739296
3057776,495322221,28739296
3088353,508041115,28739296
3119236,504715988,28739296
3150428,556066061,33529096
3181932,567396054,33529096
3213751,570094651,33529096
3245888,572662089,33529096
3278346,580033910,33529096
3311129,578459113,33529096
3344240,585697885,33529096
3377682,590500120,33529096
3411458,604527217,33529096
3445572,616517984,33529096
3480027,906112480,33529096
3514827,978101002,33529096
3549975,667891070,33529096
3585474,622940444,33529096
3621328,624364454,33529096
3657541,633794822,33529096
3694116,694643506,39117208
3731057,702903627,39117208
3768367,695181580,39117208
3806050,699020778,39117208
3844110,749140571,39117208
3882551,811396320,39117208
3921376,733354357,39117208
3960589,722432906,39117208
4000194,730438112,39117208
4040195,736236775,39117208
4080596,744304976,39117208
4121401,755694546,39117208
4162615,776217936,39117208
4204241,810109605,39117208
4246283,932510960,39117208
4288745,954423108,45636664
4331632,834109388,45636664
4374948,829200892,45636664
4418697,834465858,45636664
4462883,843861007,45636664
4507511,839468033,45636664
4552586,856698075,45636664
4598111,851811975,45636664
4644092,860984815,45636664
4690532,862985889,45636664
4737437,872000547,45636664
4784811,878796501,45636664
4832659,883570614,45636664
4880985,892227891,45636664
4929794,900548878,45636664
4979091,908448004,45636664
5028881,996972569,53242696
5079169,1055646502,53242696
5129960,1009439717,53242696
5181259,1011615293,53242696
5233071,1020906194,53242696
5285401,1028265128,53242696
5338255,1034322407,53242696
5391637,1054981354,53242696
5445553,1124492020,53242696
5500008,1063724870,53242696
5555008,1064157164,53242696
5610558,1075511659,53242696
5666663,1094916663,53242696
5723329,1097977613,53242696
5780562,1108642076,53242696
5838367,1214948396,62116408
5896750,1214235526,62116408
5955717,1222676626,62116408
6015274,1243190822,62116408
6075426,1245895929,62116408
6136180,1240578504,62116408
6197541,1283513139,62116408
6259516,1288602892,62116408
6322111,1283635349,62116408
6385332,1305489757,62116408
6449185,1308564733,62116408
6513676,1316776205,62116408
6578812,1320813430,62116408
6644600,1332550779,62116408
6711046,1346508307,62116408
6778156,1357700417,62116408
6845937,1482601193,72469064
6914396,1484660676,72469064
6983539,1502938600,72469064
7053374,1559997118,72469064
7123907,1526210335,72469064
7195146,1527239400,72469064
7267097,1544154038,72469064
7339767,1558766235,72469064
7413164,1557994764,72469064
7487295,1609466645,72469064
7562167,1604905697,72469064
7637788,1610664777,72469064
7714165,1614723301,72469064
7791306,1638246337,72469064
7869219,1650368595,72469064
7947911,1789304363,84547168
8027390,1800009496,84547168
8107663,1796763273,84547168
8188739,1808143955,84547168
8270626,1820069118,84547168
8353332,1823502726,84547168
8436865,1834696225,84547168
8521233,1852262946,84547168
8606445,1852463290,84547168
8692509,1883674340,84547168
8779434,1888153849,84547168
8867228,1903534204,84547168
8955900,1927294530,84547168
9045459,1931030792,84547168
9135913,1957497642,84547168
9227272,1968917628,84547168
9319544,2138670858,98638280
9412739,2148285215,98638280
9506866,2167939582,98638280
9601934,2175838275,98638280
9697953,2183869628,98638280
9794932,2249236487,98638280
9892881,2230190046,98638280
9991809,2269421249,98638280
