#1,309,256
#1,70,256
#1,38,256
#1,33,256
#1,53,256
1,100.6,256,209.993
#2,48,256
#2,58,256
#2,38,256
#2,39,256
#2,37,256
2,44,256,16.0499
#3,49,256
#3,43,256
#3,43,256
#3,43,256
#3,43,256
3,44.2,256,4.8
#4,48,256
#4,52,256
#4,52,256
#4,49,256
#4,51,256
4,50.4,256,3.24962
#5,58,256
#5,58,256
#5,60,256
#5,59,256
#5,58,256
5,58.6,256,1.6
#6,67,256
#6,66,256
#6,66,256
#6,67,256
#6,67,256
6,66.6,256,0.979796
#7,74,256
#7,75,256
#7,87,256
#7,76,256
#7,74,256
7,77.2,256,9.91161
#8,82,256
#8,82,256
#8,82,256
#8,84,256
#8,86,256
8,83.2,256,3.2
#9,106,256
#9,104,256
#9,110,256
#9,108,256
#9,106,256
9,106.8,256,4.07922
#10,107,256
#10,100,256
#10,112,256
#10,109,256
#10,100,256
10,105.6,256,9.68297
#11,105,256
#11,117,256
#11,108,256
#11,108,256
#11,112,256
11,110,256,8.29458
#12,112,256
#12,114,256
#12,114,256
#12,113,256
#12,117,256
12,114,256,3.34664
#13,350,384
#13,438,384
#13,317,384
#13,272,384
#13,231,384
13,321.6,384,141.549
#14,277,384
#14,276,384
#14,240,384
#14,236,384
#14,247,384
14,255.2,384,35.4942
#15,150,384
#15,147,384
#15,137,384
#15,136,384
#15,126,384
15,139.2,384,17.1301
#16,158,384
#16,134,384
#16,130,384
#16,122,384
#16,121,384
16,133,384,26.8328
#17,172,384
#17,151,384
#17,151,384
#17,145,384
#17,143,384
17,152.4,384,20.6146
#18,184,384
#18,155,384
#18,139,384
#18,140,384
#18,136,384
18,150.8,384,35.7189
#19,169,384
#19,138,384
#19,136,384
#19,137,384
#19,137,384
19,143.4,384,25.6312
#20,184,384
#20,146,384
#20,146,384
#20,146,384
#20,148,384
20,154,384,30.04
#21,182,384
#21,165,384
#21,162,384
#21,159,384
#21,164,384
21,166.4,384,16.1295
#22,240,384
#22,196,384
#22,193,384
#22,179,384
#22,171,384
22,195.8,384,47.823
#23,266,384
#23,220,384
#23,210,384
#23,193,384
#23,204,384
23,218.6,384,50.5268
#24,206,384
#24,175,384
#24,181,384
#24,176,384
#24,171,384
24,181.8,384,25.0248
#25,491,640
#25,405,640
#25,378,640
#25,362,640
#25,361,640
25,399.4,640,96.9668
#26,459,640
#26,393,640
#26,395,640
#26,395,640
#26,393,640
26,407,640,52.0308
#27,422,640
#27,377,640
#27,377,640
#27,381,640
#27,373,640
27,386,640,36.3538
#28,525,640
#28,419,640
#28,394,640
#28,393,640
#28,397,640
28,425.6,640,101.206
#29,270,640
#29,212,640
#29,201,640
#29,200,640
#29,195,640
29,215.6,640,55.5208
#30,269,640
#30,218,640
#30,222,640
#30,218,640
#30,215,640
30,228.4,640,40.8431
#31,299,640
#31,266,640
#31,233,640
#31,231,640
#31,234,640
31,252.6,640,53.1353
#32,281,640
#32,245,640
#32,229,640
#32,222,640
#32,221,640
32,239.6,640,44.8214
#33,284,640
#33,248,640
#33,224,640
#33,224,640
#33,222,640
33,240.4,640,47.6252
#34,304,640
#34,257,640
#34,244,640
#34,227,640
#34,235,640
34,253.4,640,54.3853
#35,337,640
#35,313,640
#35,267,640
#35,248,640
#35,249,640
35,282.8,640,71.8487
#36,349,640
#36,321,640
#36,321,640
#36,280,640
#36,280,640
36,310.2,640,53.3876
#37,852,1152
#37,726,1152
#37,590,1152
#37,584,1152
#37,574,1152
37,665.2,1152,217.544
#38,727,1152
#38,622,1152
#38,571,1152
#38,576,1152
#38,554,1152
38,610,1152,125.367
#39,748,1152
#39,625,1152
#39,591,1152
#39,578,1152
#39,577,1152
39,623.8,1152,128.968
#40,719,1152
#40,608,1152
#40,593,1152
#40,596,1152
#40,570,1152
40,617.2,1152,104.731
#42,680,1152
#42,607,1152
#42,601,1152
#42,585,1152
#42,581,1152
42,610.8,1152,71.8487
#44,401,896
#44,366,896
#44,317,896
#44,298,896
#44,304,896
44,337.2,896,79.7336
#46,463,896
#46,368,896
#46,325,896
#46,319,896
#46,305,896
46,356,896,114.975
#48,448,896
#48,334,896
#48,328,896
#48,325,896
#48,321,896
48,351.2,896,97.1712
#50,922,1280
#50,742,1280
#50,708,1280
#50,702,1280
#50,687,1280
50,752.2,1280,173.576
#52,831,1280
#52,730,1280
#52,723,1280
#52,707,1280
#52,700,1280
52,738.2,1280,95.2588
#54,835,1280
#54,740,1280
#54,714,1280
#54,707,1280
#54,686,1280
54,736.4,1280,104.465
#56,828,1280
#56,732,1280
#56,729,1280
#56,714,1280
#56,693,1280
56,739.2,1280,92.9981
#58,504,1152
#58,467,1152
#58,431,1152
#58,387,1152
#58,393,1152
58,436.4,1152,88.8108
#60,462,1152
#60,419,1152
#60,401,1152
#60,385,1152
#60,371,1152
60,407.6,1152,63.1392
#63,1066,1536
#63,980,1536
#63,891,1536
#63,880,1536
#63,880,1536
63,939.4,1536,147.174
#66,1028,1536
#66,895,1536
#66,874,1536
#66,859,1536
#66,842,1536
66,899.6,1536,133.054
#69,1020,1536
#69,974,1536
#69,851,1536
#69,933,1536
#69,923,1536
69,940.2,1536,112.48
#72,567,1280
#72,489,1280
#72,466,1280
#72,468,1280
#72,449,1280
72,487.8,1280,83.1711
#75,1181,1664
#75,1179,1664
#75,983,1664
#75,1079,1664
#75,1067,1664
75,1097.8,1664,149.658
#78,1211,1664
#78,1249,1664
#78,1087,1664
#78,1147,1664
#78,1021,1664
78,1143,1664,164.672
#81,1163,1664
#81,1136,1664
#81,1085,1664
#81,991,1664
#81,1055,1664
81,1086,1664,121.379
#85,652,1408
#85,611,1408
#85,563,1408
#85,557,1408
#85,545,1408
85,585.6,1408,80.1558
#89,1268,1920
#89,1241,1920
#89,1184,1920
#89,1181,1920
#89,1085,1920
89,1191.8,1920,125.891
#93,1437,1920
#93,1393,1920
#93,1202,1920
#93,1208,1920
#93,1180,1920
93,1284,1920,216.529
#97,1424,1920
#97,1183,1920
#97,1256,1920
#97,1152,1920
#97,1249,1920
97,1252.8,1920,188.397
#101,1596,2048
#101,1432,2048
#101,1440,2048
#101,1422,2048
#101,1262,2048
101,1430.4,2048,211.56
#106,1598,2048
#106,1570,2048
#106,1418,2048
#106,1314,2048
#106,1374,2048
106,1454.8,2048,221.783
#111,1615,2048
#111,1488,2048
#111,1367,2048
#111,1323,2048
#111,1409,2048
111,1440.4,2048,205.732
#116,1617,2304
#116,1480,2304
#116,1374,2304
#116,1369,2304
#116,1366,2304
116,1441.2,2304,195.54
#121,1789,2304
#121,1804,2304
#121,1496,2304
#121,1590,2304
#121,1420,2304
121,1619.8,2304,308.146
#127,1837,2432
#127,1725,2432
#127,1581,2432
#127,1546,2432
#127,1532,2432
127,1644.2,2432,236.519
#133,2262,2432
#133,1913,2432
#133,1648,2432
#133,1604,2432
#133,1580,2432
133,1801.4,2432,518.554
#139,1881,2432
#139,1859,2432
#139,1633,2432
#139,1618,2432
#139,1617,2432
139,1721.6,2432,243
#145,2012,2688
#145,1865,2688
#145,1724,2688
#145,1731,2688
#145,1701,2688
145,1806.6,2688,235.439
#152,2378,2688
#152,1972,2688
#152,1800,2688
#152,1781,2688
#152,1722,2688
152,1930.6,2688,477.352
#159,2246,2816
#159,2090,2816
#159,1931,2816
#159,1904,2816
#159,1891,2816
159,2012.4,2816,273.796
#166,2113,2816
#166,1992,2816
#166,1910,2816
#166,1883,2816
#166,1867,2816
166,1953,2816,181.694
#174,2318,3072
#174,2220,3072
#174,2015,3072
#174,1970,3072
#174,1980,3072
174,2100.6,3072,283.474
#182,2337,3072
#182,2244,3072
#182,2076,3072
#182,2046,3072
#182,2005,3072
182,2141.6,3072,254.196
#191,2695,3200
#191,2505,3200
#191,2278,3200
#191,2252,3200
#191,2180,3200
191,2382,3200,381.175
#200,2622,3328
#200,2405,3328
#200,2273,3328
#200,2223,3328
#200,2204,3328
200,2345.4,3328,310.196
#210,2719,3328
#210,2592,3328
#210,2439,3328
#210,2434,3328
#210,2383,3328
210,2513.4,3328,248.666
#220,2958,3584
#220,2765,3584
#220,2626,3584
#220,2589,3584
#220,2551,3584
220,2697.8,3584,297.675
#231,3053,3712
#231,2841,3712
#231,2655,3712
#231,2640,3712
#231,2766,3712
231,2791,3712,300.754
#242,3243,3968
#242,2992,3968
#242,2789,3968
#242,2784,3968
#242,2687,3968
242,2899,3968,397.245
#254,3618,4096
#254,3293,4096
#254,3104,4096
#254,3168,4096
#254,3150,4096
254,3266.6,4096,373.026
#266,3336,4096
#266,3199,4096
#266,5771,4096
#266,2979,4096
#266,2909,4096
266,3638.8,4096,2153.94
#279,3931,4352
#279,3401,4352
#279,3197,4352
#279,3110,4352
#279,3085,4352
279,3344.8,4352,626.904
#292,3983,4480
#292,3757,4480
#292,3477,4480
#292,3447,4480
#292,3353,4480
292,3603.4,4480,465.469
#306,3786,4736
#306,3733,4736
#306,3533,4736
#306,3526,4736
#306,3494,4736
306,3614.4,4736,240.748
#321,4375,4864
#321,4059,4864
#321,3793,4864
#321,3689,4864
#321,3648,4864
321,3912.8,4864,543.736
#337,4306,5248
#337,4257,5248
#337,3921,5248
#337,3881,5248
#337,3800,5248
337,4033,5248,414.383
#353,4503,5376
#353,4457,5376
#353,4221,5376
#353,4108,5376
#353,4022,5376
353,4262.2,5376,378.526
#370,4955,5632
#370,4625,5632
#370,4319,5632
#370,4271,5632
#370,4188,5632
370,4471.6,5632,566.507
#388,5307,5760
#388,4910,5760
#388,4549,5760
#388,4362,5760
#388,4379,5760
388,4701.4,5760,722.565
#407,5214,6144
#407,4865,6144
#407,4561,6144
#407,4486,6144
#407,4459,6144
407,4717,6144,574.925
#427,5447,6400
#427,5147,6400
#427,4848,6400
#427,4842,6400
#427,4683,6400
427,4993.4,6400,543.88
#448,5670,6528
#448,5395,6528
#448,5055,6528
#448,5009,6528
#448,4943,6528
448,5214.4,6528,552.408
#470,6333,6912
#470,5932,6912
#470,5449,6912
#470,5419,6912
#470,5273,6912
470,5681.2,6912,788.435
#493,6508,7296
#493,6142,7296
#493,5827,7296
#493,5895,7296
#493,5775,7296
493,6029.4,7296,540.729
#517,6623,7552
#517,6085,7552
#517,5751,7552
#517,5686,7552
#517,5626,7552
517,5954.2,7552,740.453
#542,6938,7808
#542,6497,7808
#542,6298,7808
#542,6309,7808
#542,6189,7808
542,6446.2,7808,530.198
#569,7086,8192
#569,6852,8192
#569,6380,8192
#569,6313,8192
#569,6237,8192
569,6573.6,8192,668.583
#597,7524,8576
#597,7212,8576
#597,6810,8576
#597,6659,8576
#597,6685,8576
597,6978,8576,674.511
#626,8966,8960
#626,8034,8960
#626,7800,8960
#626,7636,8960
#626,7537,8960
626,7994.6,8960,1028.02
#657,8789,9344
#657,8296,9344
#657,8170,9344
#657,7962,9344
#657,7909,9344
657,8225.2,9344,629.404
#689,9157,9856
#689,8765,9856
#689,8320,9856
#689,8247,9856
#689,8196,9856
689,8537,9856,739.651
#723,10070,10240
#723,9181,10240
#723,8841,10240
#723,8645,10240
#723,8467,10240
723,9040.8,10240,1133.04
#759,10286,10880
#759,9750,10880
#759,9336,10880
#759,9091,10880
#759,8944,10880
759,9481.4,10880,972.37
#796,11013,11264
#796,10287,11264
#796,9528,11264
#796,9364,11264
#796,9366,11264
796,9911.6,11264,1295.75
#835,11386,11776
#835,10858,11776
#835,10373,11776
#835,10185,11776
#835,9991,11776
835,10558.6,11776,1008.14
#876,11246,12288
#876,10688,12288
#876,10337,12288
#876,10258,12288
#876,10115,12288
876,10528.8,12288,810.467
#919,12354,12928
#919,11401,12928
#919,10923,12928
#919,10790,12928
#919,10743,12928
919,11242.2,12928,1205.62
#964,12889,13440
#964,12224,13440
#964,11526,13440
#964,11393,13440
#964,11295,13440
964,11865.4,13440,1213.28
#1012,13460,14208
#1012,12507,14208
#1012,12006,14208
#1012,11801,14208
#1012,11906,14208
1012,12336,14208,1223.97
#1062,14346,14720
#1062,13196,14720
#1062,12784,14720
#1062,12553,14720
#1062,12526,14720
1062,13081,14720,1353.06
#1115,14315,15488
#1115,13873,15488
#1115,13371,15488
#1115,13183,15488
#1115,13060,15488
1115,13560.4,15488,936.309
#1170,15883,16256
#1170,14999,16256
#1170,14502,16256
#1170,14336,16256
#1170,14054,16256
1170,14754.8,16256,1284.64
#1228,16821,17024
#1228,15619,17024
#1228,14994,17024
#1228,14841,17024
#1228,14523,17024
1228,15359.6,17024,1626.16
#1289,17558,17920
#1289,16340,17920
#1289,15982,17920
#1289,15595,17920
#1289,15366,17920
1289,16168.2,17920,1540.86
#1353,18060,18688
#1353,16989,18688
#1353,16281,18688
#1353,16043,18688
#1353,15931,18688
1353,16660.8,18688,1580.89
#1420,19653,19584
#1420,18469,19584
#1420,17627,19584
#1420,17405,19584
#1420,17047,19584
1420,18040.2,19584,1864.54
#1491,19362,20608
#1491,18443,20608
#1491,17966,20608
#1491,17665,20608
#1491,17393,20608
1491,18165.8,20608,1384.39
#1565,20799,21504
#1565,19615,21504
#1565,18887,21504
#1565,18527,21504
#1565,18289,21504
1565,19223.4,21504,1812.65
#1643,21045,22656
#1643,20277,22656
#1643,19715,22656
#1643,19498,22656
#1643,19236,22656
1643,19954.2,22656,1288.47
#1725,22491,23680
#1725,21506,23680
#1725,21052,23680
#1725,20661,23680
#1725,20376,23680
1725,21217.2,23680,1483.3
#1811,24285,24832
#1811,23156,24832
#1811,22335,24832
#1811,21860,24832
#1811,21551,24832
1811,22637.4,24832,1971.72
#1901,49928,25984
#1901,38126,25984
#1901,24348,25984
#1901,23844,25984
#1901,23386,25984
1901,31926.4,25984,21131.7
#1996,26755,27264
#1996,25502,27264
#1996,24892,27264
#1996,24275,27264
#1996,23846,27264
1996,25054,27264,2036.95
#2095,28574,28544
#2095,27306,28544
#2095,26481,28544
#2095,25926,28544
#2095,25749,28544
2095,26807.2,28544,2073.28
#2199,29033,30080
#2199,28056,30080
#2199,39598,30080
#2199,27580,30080
#2199,27232,30080
2199,30299.8,30080,9376.77
#2308,33056,31360
#2308,31798,31360
#2308,30605,31360
#2308,30278,31360
#2308,29709,31360
2308,31089.2,31360,2394.69
#2423,33686,33024
#2423,32547,33024
#2423,31889,33024
#2423,31117,33024
#2423,30583,33024
2423,31964.4,33024,2179.06
#2544,36019,34560
#2544,34493,34560
#2544,33151,34560
#2544,32769,34560
#2544,32535,34560
2544,33793.4,34560,2605.9
#2671,36688,36224
#2671,35160,36224
#2671,33953,36224
#2671,33444,36224
#2671,33002,36224
2671,34449.4,36224,2663.61
#2804,38626,38144
#2804,37007,38144
#2804,35798,38144
#2804,35273,38144
#2804,34731,38144
2804,36287,38144,2782.48
#2944,39178,39936
#2944,37981,39936
#2944,37237,39936
#2944,36621,39936
#2944,36142,39936
2944,37431.8,39936,2137.24
#3091,42811,41856
#3091,41067,41856
#3091,39402,41856
#3091,38728,41856
#3091,38353,41856
3091,40072.2,41856,3310.87
#3245,45180,43904
#3245,43668,43904
#3245,41743,43904
#3245,41317,43904
#3245,40837,43904
3245,42549,43904,3258.56
#3407,46472,46080
#3407,45361,46080
#3407,44034,46080
#3407,43082,46080
#3407,42775,46080
3407,44344.8,46080,2787.57
#3577,50178,48384
#3577,48549,48384
#3577,46727,48384
#3577,46122,48384
#3577,45308,48384
3577,47376.8,48384,3521.08
#3755,51145,50816
#3755,49013,50816
#3755,47470,50816
#3755,46780,50816
#3755,46662,50816
3755,48214,50816,3376.12
#3942,52476,53248
#3942,51120,53248
#3942,49712,53248
#3942,48983,53248
#3942,48570,53248
3942,50172.2,53248,2884.28
#4139,55552,55808
#4139,54101,55808
#4139,53079,55808
#4139,51780,55808
#4139,51825,55808
4139,53267.4,55808,2862.54
#4345,60437,58624
#4345,58418,58624
#4345,57059,58624
#4345,55910,58624
#4345,55487,58624
4345,57462.2,58624,3604.03
#4562,64419,61440
#4562,62458,61440
#4562,60688,61440
#4562,59982,61440
#4562,71278,61440
4562,63765,61440,8117.15
#4790,66532,64640
#4790,64861,64640
#4790,63326,64640
#4790,62353,64640
#4790,61738,64640
4790,63762,64640,3481.68
#5029,69388,67840
#5029,67329,67840
#5029,65998,67840
#5029,67288,67840
#5029,103112,67840
5029,74623,67840,28571.6
#5280,72164,71168
#5280,70329,71168
#5280,68845,71168
#5280,68250,71168
#5280,67604,71168
5280,69438.4,71168,3268.21
#5544,76982,74496
#5544,75123,74496
#5544,73683,74496
#5544,72802,74496
#5544,72224,74496
5544,74162.8,74496,3430.55
#5821,82520,78208
#5821,80661,78208
#5821,79061,78208
#5821,77882,78208
#5821,77416,78208
5821,79508,78208,3754.65
#6112,86847,82176
#6112,84904,82176
#6112,83188,82176
#6112,82113,82176
#6112,81730,82176
6112,83756.4,82176,3794.62
#6417,91090,86272
#6417,88917,86272
#6417,87827,86272
#6417,86454,86272
#6417,86308,86272
6417,88119.2,86272,3532.8
#6737,95816,90496
#6737,90434,90496
#6737,88445,90496
#6737,87884,90496
#6737,87361,90496
6737,89988,90496,6188.59
#7073,97524,94976
#7073,95662,94976
#7073,94062,94976
#7073,93061,94976
#7073,92688,94976
7073,94599.4,94976,3576.74
#7426,101811,99712
#7426,99997,99712
#7426,113126,99712
#7426,102085,99712
#7426,101426,99712
7426,103689,99712,9546.04
#7797,115149,104576
#7797,112708,104576
#7797,122920,104576
#7797,107616,104576
#7797,106343,104576
7797,112947,104576,11879.4
#8186,114237,109824
#8186,111492,109824
#8186,110062,109824
#8186,111053,109824
#8186,109121,109824
8186,111193,109824,3458.01
#8595,123700,115200
#8595,121341,115200
#8595,119699,115200
#8595,119210,115200
#8595,123120,115200
8595,121414,115200,3571.04
#9024,127254,120960
#9024,125732,120960
#9024,124311,120960
#9024,123657,120960
#9024,122917,120960
9024,124774,120960,3095.63
#9475,135683,126976
#9475,132711,126976
#9475,131510,126976
#9475,130566,126976
#9475,129656,126976
9475,132025,126976,4181.64
#9948,140585,133248
#9948,139036,133248
#9948,136980,133248
#9948,136457,133248
#9948,136022,133248
9948,137816,133248,3454.85
#10445,149532,140032
#10445,147951,140032
#10445,146173,140032
#10445,157487,140032
#10445,140900,140032
10445,148409,140032,10780.2
#10967,156488,146944
#10967,168520,146944
#10967,156604,146944
#10967,155296,146944
#10967,155118,146944
10967,158405,146944,10186.3
#11515,175865,154240
#11515,163366,154240
#11515,162079,154240
#11515,160973,154240
#11515,160485,154240
11515,164554,154240,11484.1
#12090,172231,161920
#12090,170498,161920
#12090,168953,161920
#12090,168130,161920
#12090,167410,161920
12090,169444,161920,3462.15
#12694,182944,169856
#12694,181677,169856
#12694,179743,169856
#12694,179123,169856
#12694,178624,169856
12694,180422,169856,3263.96
#13328,193967,178304
#13328,191938,178304
#13328,189906,178304
#13328,189478,178304
#13328,188469,178304
13328,190752,178304,3928.74
#13994,201033,187264
#13994,200141,187264
#13994,198002,187264
#13994,197511,187264
#13994,197201,187264
13994,198778,187264,3051.19
#14693,216133,196608
#14693,211958,196608
#14693,211018,196608
#14693,209736,196608
#14693,208996,196608
14693,211568,196608,5001.22
#15427,224952,206336
#15427,223539,206336
#15427,220989,206336
#15427,220348,206336
#15427,220177,206336
15427,222001,206336,3811.29
#16198,239159,216576
#16198,235733,216576
#16198,234119,216576
#16198,233337,216576
#16198,232594,216576
16198,234988,216576,4661.71
#17007,250202,227328
#17007,249028,227328
#17007,247315,227328
#17007,246551,227328
#17007,245772,227328
17007,247774,227328,3247.41
#17857,259100,238720
#17857,259013,238720
#17857,257136,238720
#17857,256014,238720
#17857,255386,238720
17857,257330,238720,3035
#18749,275133,250752
#18749,273763,250752
#18749,272795,250752
#18749,270926,250752
#18749,270587,250752
18749,272641,250752,3423.78
#19686,289366,263168
#19686,287096,263168
#19686,286519,263168
#19686,285838,263168
#19686,285016,263168
19686,286767,263168,2946.67
#20670,304621,276352
#20670,305442,276352
#20670,301019,276352
#20670,300908,276352
#20670,300013,276352
20670,302401,276352,4383.39
#21703,323654,290048
#21703,321348,290048
#21703,320242,290048
#21703,319692,290048
#21703,318842,290048
21703,320756,290048,3323.68
#22788,337787,304512
#22788,336632,304512
#22788,334923,304512
#22788,334686,304512
#22788,333951,304512
22788,335596,304512,2808.68
#23927,401857,319744
#23927,339392,319744
#23927,378337,319744
#23927,356866,319744
#23927,344755,319744
23927,364241,319744,46175.6
#25123,371108,335616
#25123,371111,335616
#25123,370577,335616
#25123,402262,335616
#25123,386842,335616
25123,380380,335616,25116.7
#26379,400222,352512
#26379,398141,352512
#26379,397985,352512
#26379,397195,352512
#26379,397950,352512
26379,398299,352512,2032.16
#27697,423088,370048
#27697,421743,370048
#27697,419950,370048
#27697,427271,370048
#27697,407198,370048
27697,419850,370048,13541.7
#29081,457057,388480
#29081,461835,388480
#29081,443278,388480
#29081,443074,388480
#29081,441861,388480
29081,449421,388480,16675.5
#30535,457094,407936
#30535,457428,407936
#30535,456134,407936
#30535,455200,407936
#30535,454461,407936
30535,456063,407936,2234.71
#32061,487237,428288
#32061,514654,428288
#32061,508867,428288
#32061,513556,428288
#32061,496343,428288
32061,504131,428288,21317.7
#33664,522723,449536
#33664,520998,449536
#33664,526633,449536
#33664,495850,449536
#33664,537623,449536
33664,520765,449536,27470.3
#35347,542549,471936
#35347,540691,471936
#35347,540478,471936
#35347,549316,471936
#35347,541124,471936
35347,542832,471936,6643.18
#37114,570770,495488
#37114,569900,495488
#37114,570641,495488
#37114,568584,495488
#37114,568660,495488
37114,569711,495488,1875.49
#38969,618092,520320
#38969,615883,520320
#38969,614993,520320
#38969,614911,520320
#38969,614739,520320
38969,615724,520320,2497.72
#40917,652042,546176
#40917,765621,546176
#40917,651742,546176
#40917,649878,546176
#40917,680999,546176
40917,680056,546176,88631.5
#42962,666807,573440
#42962,667513,573440
#42962,703906,573440
#42962,665361,573440
#42962,665503,573440
42962,673818,573440,30131.1
#45110,703431,602240
#45110,703268,602240
#45110,702573,602240
#45110,708394,602240
#45110,701368,602240
45110,703807,602240,4811.98
#47365,760181,632320
#47365,754568,632320
#47365,785972,632320
#47365,778858,632320
#47365,740084,632320
47365,763933,632320,33214.8
#49733,780581,663808
#49733,779946,663808
#49733,779871,663808
#49733,779826,663808
#49733,781047,663808
49733,780254,663808,963.541
#52219,859270,696832
#52219,847068,696832
#52219,843658,696832
#52219,843249,696832
#52219,863565,696832
52219,851362,696832,16853.7
#54829,868674,731776
#54829,867967,731776
#54829,870851,731776
#54829,866533,731776
#54829,867168,731776
54829,868239,731776,2985.73
#57570,912671,768384
#57570,922737,768384
#57570,945565,768384
#57570,911588,768384
#57570,909815,768384
57570,920475,768384,26655.5
#60448,974170,806656
#60448,961600,806656
#60448,985355,806656
#60448,983109,806656
#60448,983787,806656
60448,977604,806656,17810.8
#63470,1069629,846976
#63470,1004143,846976
#63470,1006540,846976
#63470,1005849,846976
#63470,1005212,846976
63470,1.01827e+06,846976,51378.6
#66643,1072202,889344
#66643,1071464,889344
#66643,1069643,889344
#66643,1069068,889344
#66643,1068269,889344
66643,1.07013e+06,889344,2953.11
#69975,1120809,933760
#69975,1117903,933760
#69975,1115773,933760
#69975,1154965,933760
#69975,1144909,933760
69975,1.13087e+06,933760,31936.8
#73473,1208839,980352
#73473,1210586,980352
#73473,1192001,980352
#73473,1229342,980352
#73473,1259271,980352
73473,1.22001e+06,980352,45839.9
#77146,1246632,1029248
#77146,1239013,1029248
#77146,1239065,1029248
#77146,1240762,1029248
#77146,1304142,1029248
77146,1.25392e+06,1029248,50528.3
#81003,1316696,1080576
#81003,1341869,1080576
#81003,1307235,1080576
#81003,1352349,1080576
#81003,1310190,1080576
81003,1.32567e+06,1080576,36157.3
#85053,1409873,1134720
#85053,1409346,1134720
#85053,1419469,1134720
#85053,1420891,1134720
#85053,1475494,1134720
85053,1.42701e+06,1134720,49402
#89305,1442988,1191296
#89305,1441287,1191296
#89305,1440782,1191296
#89305,1441403,1191296
#89305,1440703,1191296
89305,1.44143e+06,1191296,1648.5
#93770,1537660,1250816
#93770,1552190,1250816
#93770,1520542,1250816
#93770,1517675,1250816
#93770,1520990,1250816
93770,1.52981e+06,1250816,26433.8
#98458,1647353,1313408
#98458,1630239,1313408
#98458,1701042,1313408
#98458,1613722,1313408
#98458,1614297,1313408
98458,1.64133e+06,1313408,64608.3
#103380,1707943,1379072
#103380,1713807,1379072
#103380,1719829,1379072
#103380,1708203,1379072
#103380,1683772,1379072
103380,1.70671e+06,1379072,24533.7
#108549,1772332,1447936
#108549,1769204,1447936
#108549,1769266,1447936
#108549,1768777,1447936
#108549,1807380,1447936
108549,1.77739e+06,1447936,30095.5
#113976,1872827,1520384
#113976,1868361,1520384
#113976,1869932,1520384
#113976,1884366,1520384
#113976,1873440,1520384
113976,1.87379e+06,1520384,11216.4
#119674,1989573,1596416
#119674,1976302,1596416
#119674,1966992,1596416
#119674,1962099,1596416
#119674,1962866,1596416
119674,1.97157e+06,1596416,20647.9
#125657,2207548,1676160
#125657,2077692,1676160
#125657,2070865,1676160
#125657,2070270,1676160
#125657,2154565,1676160
125657,2.11619e+06,1676160,111226
#131939,2230187,1759872
#131939,2180752,1759872
#131939,2260548,1759872
#131939,2210591,1759872
#131939,2165193,1759872
131939,2.20945e+06,1759872,68261.8
#138535,2329186,1847808
#138535,2299028,1847808
#138535,2314871,1847808
#138535,2332502,1847808
#138535,2290593,1847808
138535,2.31324e+06,1847808,32775.9
#145461,2447886,1940224
#145461,2410153,1940224
#145461,2399506,1940224
#145461,2401340,1940224
#145461,2398788,1940224
145461,2.41153e+06,1940224,37249.7
#152734,2651058,2037120
#152734,2539283,2037120
#152734,2528412,2037120
#152734,2611310,2037120
#152734,2593546,2037120
152734,2.58472e+06,2037120,91305.1
#160370,2752025,2138880
#160370,2667060,2138880
#160370,2658475,2138880
#160370,2656870,2138880
#160370,2697427,2138880
160370,2.68637e+06,2138880,71855.9
#168388,2882772,2245760
#168388,2802314,2245760
#168388,2796278,2245760
#168388,2790318,2245760
#168388,2788132,2245760
168388,2.81196e+06,2245760,71495.2
#176807,3058252,2358144
#176807,2999080,2358144
#176807,2920020,2358144
#176807,2926164,2358144
#176807,2951523,2358144
176807,2.97101e+06,2358144,103499
#185647,3220904,2476032
#185647,3145194,2476032
#185647,3076336,2476032
#185647,3118936,2476032
#185647,3085749,2476032
185647,3.12942e+06,2476032,103742
#194929,3409220,2599680
#194929,3304380,2599680
#194929,3261377,2599680
#194929,3260787,2599680
#194929,3253487,2599680
194929,3.29785e+06,2599680,117023
#204675,3597044,2729600
#204675,3473341,2729600
#204675,3444627,2729600
#204675,3426869,2729600
#204675,3448825,2729600
204675,3.47814e+06,2729600,122548
#214908,3799406,2866048
#214908,3654839,2866048
#214908,3617510,2866048
#214908,3597412,2866048
#214908,3595021,2866048
214908,3.65284e+06,2866048,152707
#225653,4044796,3009408
#225653,3919029,3009408
#225653,3836090,3009408
#225653,3778326,3009408
#225653,3789921,3009408
225653,3.87363e+06,3009408,197703
#236935,4411393,3159680
#236935,4020999,3159680
#236935,4032140,3159680
#236935,4053988,3159680
#236935,4015370,3159680
236935,4.10678e+06,3159680,305760
#248781,4676589,3317888
#248781,4173957,3317888
#248781,4248678,3317888
#248781,4228937,3317888
#248781,4251080,3317888
248781,4.31585e+06,3317888,364996
#261220,5004885,3483648
#261220,4525360,3483648
#261220,4492244,3483648
#261220,4491285,3483648
#261220,4589509,3483648
261220,4.62066e+06,3483648,390804
#274281,5301085,3657728
#274281,4782919,3657728
#274281,4757853,3657728
#274281,4787668,3657728
#274281,4778139,3657728
274281,4.88153e+06,3657728,420044
#287995,5578536,3840640
#287995,5052109,3840640
#287995,5066774,3840640
#287995,5170383,3840640
#287995,5073055,3840640
287995,5.18817e+06,3840640,399202
#302394,5885960,4032640
#302394,5419315,4032640
#302394,5314928,4032640
#302394,5372555,4032640
#302394,5363186,4032640
302394,5.47119e+06,4032640,420035
#317513,6209759,4234240
#317513,5777100,4234240
#317513,5736645,4234240
#317513,5850723,4234240
#317513,5670844,4234240
317513,5.84901e+06,4234240,379139
#333388,6686293,4445824
#333388,6019811,4445824
#333388,6071890,4445824
#333388,6017027,4445824
#333388,6029078,4445824
333388,6.16482e+06,4445824,522966
#350057,7058755,4668160
#350057,6478800,4668160
#350057,6554137,4668160
#350057,6503944,4668160
#350057,6430889,4668160
350057,6.6053e+06,4668160,460377
#367559,7528407,4901504
#367559,6810575,4901504
#367559,6967283,4901504
#367559,6901490,4901504
#367559,6927836,4901504
367559,7.02712e+06,4901504,511782
#385936,7847830,5146368
#385936,7284512,5146368
#385936,7418599,5146368
#385936,7423344,5146368
#385936,7558772,5146368
385936,7.50661e+06,5146368,382788
#405232,8403263,5403776
#405232,7852943,5403776
#405232,7871511,5403776
#405232,7904413,5403776
#405232,7855312,5403776
405232,7.97749e+06,5403776,427358
#425493,8817578,5673984
#425493,8351517,5673984
#425493,8237818,5673984
#425493,8276860,5673984
#425493,8304515,5673984
425493,8.39766e+06,5673984,426407
#446767,9360360,5957504
#446767,8813552,5957504
#446767,8961746,5957504
#446767,9011142,5957504
#446767,8826147,5957504
446767,8.99459e+06,5957504,396271
#469105,9853724,6255360
#469105,9405876,6255360
#469105,9561089,6255360
#469105,9365907,6255360
#469105,9487859,6255360
469105,9.53489e+06,6255360,346125
#492560,10465245,6568064
#492560,10223908,6568064
#492560,9974494,6568064
#492560,10032777,6568064
#492560,10096514,6568064
492560,1.01586e+07,6568064,348571
#517188,11083718,6896384
#517188,10692646,6896384
#517188,10625396,6896384
#517188,10706970,6896384
#517188,10740505,6896384
517188,1.07698e+07,6896384,322683
#543047,11956700,7241344
#543047,11422474,7241344
#543047,11392761,7241344
#543047,11369466,7241344
#543047,11659902,7241344
543047,1.15603e+07,7241344,447693
#570199,12823002,7603328
#570199,12898099,7603328
#570199,12341912,7603328
#570199,12157165,7603328
#570199,12286920,7603328
570199,1.25014e+07,7603328,600489
#598708,13647404,7983360
#598708,13255146,7983360
#598708,13221798,7983360
#598708,13265960,7983360
#598708,13336295,7983360
598708,1.33453e+07,7983360,311157
#628643,14902103,8382720
#628643,14418954,8382720
#628643,14236534,8382720
#628643,14286670,8382720
#628643,14460192,8382720
628643,1.44609e+07,8382720,470843
#660075,16185847,8801792
#660075,15670114,8801792
#660075,15990924,8801792
#660075,15689827,8801792
#660075,16280886,8801792
660075,1.59635e+07,8801792,499517
#693078,17256617,9241728
#693078,16936891,9241728
#693078,16805713,9241728
#693078,16798309,9241728
#693078,16703141,9241728
693078,1.69001e+07,9241728,386286
#727731,18780512,9703680
#727731,18317315,9703680
#727731,18394524,9703680
#727731,18434998,9703680
#727731,18363447,9703680
727731,1.84582e+07,9703680,331427
#764117,20480824,10188800
#764117,20318632,10188800
#764117,20172619,10188800
#764117,20302011,10188800
#764117,20792961,10188800
764117,2.04134e+07,10188800,427061
#802322,22729347,10698240
#802322,22161478,10698240
#802322,22211255,10698240
#802322,22301060,10698240
#802322,22328225,10698240
802322,2.23463e+07,10698240,401492
#842438,24804069,11233280
#842438,24726727,11233280
#842438,24798678,11233280
#842438,24498992,11233280
#842438,24452344,11233280
842438,2.46562e+07,11233280,301212
#884559,27402607,11794688
#884559,27254344,11794688
#884559,27267153,11794688
#884559,27341358,11794688
#884559,27610743,11794688
884559,2.73752e+07,11794688,258700
#928786,30080179,12384384
#928786,29948471,12384384
#928786,31193659,12384384
#928786,30377124,12384384
#928786,29845705,12384384
928786,3.0289e+07,12384384,972523
#975225,33265165,13003648
#975225,33288767,13003648
#975225,33110237,13003648
#975225,33126995,13003648
#975225,33241911,13003648
975225,3.32066e+07,13003648,147108
#1023986,36661428,13653760
#1023986,36616101,13653760
#1023986,36560239,13653760
#1023986,36519683,13653760
#1023986,36847963,13653760
1023986,3.66411e+07,13653760,228230
#1075185,41688345,14336384
#1075185,40509070,14336384
#1075185,45134564,14336384
#1075185,41108534,14336384
#1075185,40607363,14336384
1075185,4.18096e+07,14336384,3.42909e+06
#1128944,45194087,15053184
#1128944,45028246,15053184
#1128944,45225881,15053184
#1128944,44778607,15053184
#1128944,44653069,15053184
1128944,4.4976e+07,15053184,452531
#1185391,49586921,15805824
#1185391,49582782,15805824
#1185391,49692611,15805824
#1185391,49556304,15805824
#1185391,49410064,15805824
1185391,4.95657e+07,15805824,181459
#1244660,55062017,16596224
#1244660,54529443,16596224
#1244660,54847394,16596224
#1244660,54607947,16596224
#1244660,54553504,16596224
1244660,5.47201e+07,16596224,409677
#1306893,60464049,17425920
#1306893,60147677,17425920
#1306893,61083278,17425920
#1306893,60441865,17425920
#1306893,60724619,17425920
1306893,6.05723e+07,17425920,628227
#1372237,66626509,18297088
#1372237,66396621,18297088
#1372237,66556988,18297088
#1372237,67237498,18297088
#1372237,66820866,18297088
1372237,6.67277e+07,18297088,577975
#1440848,72883280,19211904
#1440848,72770836,19211904
#1440848,72617743,19211904
#1440848,73134473,19211904
#1440848,72923925,19211904
1440848,7.28661e+07,19211904,342251
#1512890,79640679,20172544
#1512890,79369053,20172544
#1512890,79702051,20172544
#1512890,79356162,20172544
#1512890,79335217,20172544
1512890,7.94806e+07,20172544,314617
#1588534,89097207,21181056
#1588534,86468378,21181056
#1588534,86421433,21181056
#1588534,86827280,21181056
#1588534,87851001,21181056
1588534,8.73331e+07,21181056,2.04255e+06
#1667960,97601327,22240000
#1667960,94752502,22240000
#1667960,94297328,22240000
#1667960,94980310,22240000
#1667960,94721631,22240000
1667960,9.52706e+07,22240000,2.37211e+06
#1751358,105448847,23352064
#1751358,102803514,23352064
#1751358,103050899,23352064
#1751358,102288409,23352064
#1751358,102528390,23352064
1751358,1.03224e+08,23352064,2.28314e+06
#1838925,114628765,24519680
#1838925,112322966,24519680
#1838925,116594320,24519680
#1838925,111585260,24519680
#1838925,111118446,24519680
1838925,1.1325e+08,24519680,4.12405e+06
#1930871,130061479,25745664
#1930871,120871161,25745664
#1930871,120530864,25745664
#1930871,120632270,25745664
#1930871,120538935,25745664
1930871,1.22527e+08,25745664,7.53855e+06
#2027414,134600756,27032960
#2027414,129946846,27032960
#2027414,130478795,27032960
#2027414,130551729,27032960
#2027414,130469453,27032960
2027414,1.3121e+08,27032960,3.41868e+06
#2128784,145059808,28384384
#2128784,140553150,28384384
#2128784,141292749,28384384
#2128784,141099265,28384384
#2128784,140671302,28384384
2128784,1.41735e+08,28384384,3.36836e+06
#2235223,156078949,29803648
#2235223,154838327,29803648
#2235223,154593031,29803648
#2235223,151604451,29803648
#2235223,151987395,29803648
2235223,1.5382e+08,29803648,3.46462e+06
#2346984,168752833,31293696
#2346984,167534085,31293696
#2346984,162998930,31293696
#2346984,162334543,31293696
#2346984,162852495,31293696
2346984,1.64895e+08,31293696,5.37926e+06
#2464333,179814512,32858368
#2464333,180633480,32858368
#2464333,175132649,32858368
#2464333,174912275,32858368
#2464333,179484834,32858368
2464333,1.77996e+08,32858368,4.91431e+06
#2587549,195014121,34501248
#2587549,195026735,34501248
#2587549,194241026,34501248
#2587549,193858378,34501248
#2587549,194288365,34501248
2587549,1.94486e+08,34501248,922729
#2716926,208630099,36226432
#2716926,208274477,36226432
#2716926,208803944,36226432
#2716926,208907946,36226432
#2716926,207555310,36226432
2716926,2.08434e+08,36226432,978767
#2852772,222113597,38037632
#2852772,222355805,38037632
#2852772,222048450,38037632
#2852772,221534452,38037632
#2852772,222291921,38037632
2852772,2.22069e+08,38037632,579727
#2995410,238210188,39939456
#2995410,243407842,39939456
#2995410,239972689,39939456
#2995410,237929915,39939456
#2995410,236990781,39939456
2995410,2.39302e+08,39939456,4.53644e+06
#3145180,253781443,41936384
#3145180,253042981,41936384
#3145180,253277758,41936384
#3145180,254889092,41936384
#3145180,253948165,41936384
3145180,2.53788e+08,41936384,1.28172e+06
#3302439,270184999,44033152
#3302439,270165527,44033152
#3302439,270820262,44033152
#3302439,270469120,44033152
#3302439,271428963,44033152
3302439,2.70614e+08,44033152,943554
#3467560,289621813,46234752
#3467560,288920380,46234752
#3467560,295151019,46234752
#3467560,289023741,46234752
#3467560,288916727,46234752
3467560,2.90327e+08,46234752,4.85258e+06
#3640938,308006102,48546432
#3640938,309502399,48546432
#3640938,308532991,48546432
#3640938,308245274,48546432
#3640938,308054203,48546432
3640938,3.08468e+08,48546432,1.0985e+06
#3822984,330036293,50973824
#3822984,329333330,50973824
#3822984,328316197,50973824
#3822984,329412044,50973824
#3822984,327568366,50973824
3822984,3.28933e+08,50973824,1.75492e+06
#4014133,351300552,53522432
#4014133,349229101,53522432
#4014133,349745930,53522432
#4014133,349538726,53522432
#4014133,349289047,53522432
4014133,3.49821e+08,53522432,1.52518e+06
#4214839,386553140,56198400
#4214839,413250099,56198400
#4214839,398215047,56198400
#4214839,396040856,56198400
#4214839,397743409,56198400
4214839,3.98361e+08,56198400,1.71323e+07
#4425580,402203645,59008384
#4425580,403013419,59008384
#4425580,402017121,59008384
#4425580,402220438,59008384
#4425580,401673213,59008384
4425580,4.02226e+08,59008384,880801
#4646859,431091286,61958784
#4646859,451504609,61958784
#4646859,442203864,61958784
#4646859,443937062,61958784
#4646859,442471959,61958784
4646859,4.42242e+08,61958784,1.30556e+07
#4879201,491033390,65056768
#4879201,458646982,65056768
#4879201,453255034,65056768
#4879201,453434021,65056768
#4879201,452687468,65056768
4879201,4.61811e+08,65056768,2.95375e+07
#5123161,479933593,68309632
#5123161,480272126,68309632
#5123161,482763273,68309632
#5123161,480246003,68309632
#5123161,481817827,68309632
5123161,4.81007e+08,68309632,2.19332e+06
#5379319,509450725,71725056
#5379319,508496073,71725056
#5379319,508191667,71725056
#5379319,508092239,71725056
#5379319,508592604,71725056
5379319,5.08565e+08,71725056,960376
#5648284,540723463,75311104
#5648284,544587409,75311104
#5648284,541045219,75311104
#5648284,543679747,75311104
#5648284,540812962,75311104
5648284,5.4217e+08,75311104,3.26464e+06
#5930698,572394811,79076736
#5930698,572352420,79076736
#5930698,572256854,79076736
#5930698,572441707,79076736
#5930698,571769452,79076736
5930698,5.72243e+08,79076736,489034
#6227232,607918151,83030528
#6227232,605730497,83030528
#6227232,607069900,83030528
#6227232,606116817,83030528
#6227232,607095985,83030528
6227232,6.06786e+08,83030528,1.55444e+06
#6538593,641452362,87181952
#6538593,643201610,87181952
#6538593,643538416,87181952
#6538593,643242892,87181952
#6538593,641419244,87181952
6538593,6.42571e+08,87181952,1.86824e+06
#6865522,679348620,91540992
#6865522,680096744,91540992
#6865522,679158719,91540992
#6865522,687012342,91540992
#6865522,739857662,91540992
6865522,6.93095e+08,91540992,4.71244e+07
#7208798,774707718,96118016
#7208798,756111686,96118016
#7208798,730414512,96118016
#7208798,734627757,96118016
#7208798,737865987,96118016
7208798,7.46746e+08,96118016,3.30091e+07
#7569237,796001902,100923776
#7569237,781496461,100923776
#7569237,766364233,100923776
#7569237,766800735,100923776
#7569237,765793677,100923776
7569237,7.75291e+08,100923776,2.3823e+07
#7947698,811547284,105969920
#7947698,815586939,105969920
#7947698,811901911,105969920
#7947698,811294651,105969920
#7947698,813770184,105969920
7947698,8.1282e+08,105969920,3.2678e+06
#8345082,862499536,111268480
#8345082,856738993,111268480
#8345082,856693884,111268480
#8345082,856772862,111268480
#8345082,857711504,111268480
8345082,8.58083e+08,111268480,4.48074e+06
#8762336,905900729,116831872
#8762336,905699406,116831872
#8762336,906027400,116831872
#8762336,907122235,116831872
#8762336,906897929,116831872
8762336,9.0633e+08,116831872,1.13971e+06
#9200452,959081513,122673408
#9200452,959296292,122673408
#9200452,958486324,122673408
#9200452,961288449,122673408
#9200452,961426617,122673408
9200452,9.59916e+08,122673408,2.41495e+06
#9660474,1012961212,128806912
#9660474,1014186756,128806912
#9660474,1016595539,128806912
#9660474,1015473132,128806912
#9660474,1013692908,128806912
9660474,1.01458e+09,128806912,2.59571e+06
