#insert_number found notfound insert
0 1 1 1
4975 1.00241 1.0025 1.00502
9950 1.00472 1.00502 1.0101
14925 1.00757 1.00758 1.01527
19900 1.0103 1.01016 1.02054
24875 1.0127 1.01275 1.02587
29850 1.01521 1.01538 1.03129
34825 1.01777 1.01803 1.03677
39800 1.02045 1.02071 1.04233
44775 1.02372 1.02345 1.04799
49750 1.02665 1.0262 1.05373
54725 1.0292 1.02896 1.05953
59700 1.03178 1.03175 1.0654
64675 1.03476 1.03459 1.0715
69650 1.03753 1.03744 1.07758
74625 1.0407 1.04035 1.08387
79600 1.04334 1.04325 1.09021
84575 1.04575 1.04616 1.09661
89550 1.04904 1.04917 1.10318
94525 1.05212 1.05219 1.10985
99500 1.05515 1.05524 1.11665
104475 1.0582 1.05832 1.12349
109450 1.06136 1.06144 1.13047
114425 1.0647 1.06462 1.13765
119400 1.06825 1.06785 1.14498
124375 1.07056 1.07096 1.15225
129350 1.07387 1.07423 1.15976
134325 1.07742 1.07756 1.16747
139300 1.08092 1.08092 1.1752
144275 1.08459 1.08434 1.18308
149250 1.08852 1.08784 1.1912
154225 1.0921 1.09132 1.19937
159200 1.0956 1.09482 1.2077
164175 1.09896 1.09834 1.21606
169150 1.10245 1.1019 1.22455
174125 1.10599 1.10552 1.23328
179100 1.10964 1.10919 1.24212
184075 1.11334 1.1129 1.25123
189050 1.11712 1.11667 1.26051
194025 1.12098 1.12049 1.2699
199000 1.12482 1.12434 1.27945
203975 1.12837 1.12817 1.28913
208950 1.1321 1.13208 1.29911
213925 1.13593 1.13604 1.30916
218900 1.14027 1.14016 1.31968
223875 1.14433 1.14425 1.33026
228850 1.14873 1.14846 1.34108
233825 1.15293 1.15267 1.35208
238800 1.157 1.15689 1.36343
243775 1.16107 1.16115 1.37462
248750 1.16539 1.16552 1.38641
253725 1.1691 1.16977 1.39796
258700 1.17351 1.17424 1.41024
263675 1.1779 1.17874 1.42254
268650 1.18282 1.18344 1.43534
273625 1.18741 1.18809 1.44807
278600 1.19234 1.19289 1.46141
283575 1.19732 1.19774 1.47504
288550 1.20215 1.20261 1.48876
293525 1.20686 1.20748 1.50253
298500 1.21213 1.21257 1.517
303475 1.21744 1.21773 1.53153
308450 1.2224 1.22282 1.54647
313425 1.22761 1.22805 1.56116
318400 1.23299 1.23338 1.57697
323375 1.23843 1.23879 1.59278
328350 1.24414 1.24434 1.60896
333325 1.24986 1.24995 1.62579
338300 1.25507 1.25544 1.64269
343275 1.26113 1.26128 1.66044
348250 1.26653 1.26694 1.67768
353225 1.27227 1.27279 1.69526
358200 1.2785 1.27886 1.71371
363175 1.28461 1.28495 1.73323
368150 1.29072 1.2911 1.7525
373125 1.29698 1.29737 1.77232
378100 1.30326 1.30371 1.79324
383075 1.31036 1.31043 1.81432
388050 1.31698 1.31703 1.83591
393025 1.32332 1.32359 1.8577
398000 1.33025 1.33044 1.88027
402975 1.33738 1.33744 1.90347
407950 1.34436 1.34446 1.92753
412925 1.35124 1.3515 1.95171
417900 1.35872 1.35886 1.97755
422875 1.36631 1.36634 2.0036
427850 1.37387 1.37388 2.0297
432825 1.38137 1.38148 2.05707
437800 1.38914 1.38927 2.08441
442775 1.3975 1.39739 2.11427
447750 1.40527 1.40533 2.14278
452725 1.41381 1.41371 2.17214
457700 1.42206 1.42203 2.20206
462675 1.43039 1.43047 2.23331
467650 1.43856 1.43892 2.26571
472625 1.44809 1.44809 2.29949
477600 1.45706 1.45709 2.33339
482575 1.46628 1.4663 2.37191
487550 1.47574 1.47572 2.40788
492525 1.48495 1.48511 2.44524
497500 1.49468 1.49485 2.48483
502475 1.50529 1.50513 2.52644
507450 1.51533 1.51523 2.56637
512425 1.52568 1.52558 2.60872
517400 1.53622 1.53614 2.65282
522375 1.54737 1.54712 2.69816
527350 1.55866 1.55828 2.74252
532325 1.57009 1.56964 2.79211
537300 1.58136 1.58101 2.8404
542275 1.59274 1.59257 2.89161
547250 1.60412 1.60423 2.94379
552225 1.61701 1.61684 2.99863
557200 1.62967 1.62945 3.05481
562175 1.64227 1.64216 3.11573
567150 1.65615 1.65571 3.1779
572125 1.66951 1.66911 3.2378
577100 1.68441 1.68352 3.30431
582075 1.69889 1.69785 3.37184
587050 1.71306 1.71213 3.4446
592025 1.72716 1.72651 3.51435
597000 1.74217 1.74158 3.59021
601975 1.75785 1.7572 3.66768
606950 1.77462 1.77363 3.75182
611925 1.79232 1.7908 3.84295
616900 1.80842 1.80716 3.92378
621875 1.82584 1.82451 4.01963
626850 1.84368 1.84228 4.11781
631825 1.86242 1.86081 4.2191
636800 1.88158 1.87979 4.32517
641775 1.90073 1.89895 4.42483
646750 1.92039 1.91864 4.53386
651725 1.94076 1.93898 4.65073
656700 1.9616 1.95983 4.77104
661675 1.98406 1.98196 4.89487
666650 2.0071 2.00471 5.03318
671625 2.02978 2.02744 5.17182
676600 2.05372 2.05125 5.31394
681575 2.07809 2.07559 5.46814
686550 2.10389 2.10115 5.62563
691525 2.1316 2.12829 5.7905
696500 2.15982 2.15607 5.96677
701475 2.18822 2.18425 6.15462
706450 2.21642 2.21257 6.34796
711425 2.24501 2.24144 6.5401
716400 2.27728 2.27324 6.75404
721375 2.30841 2.30454 6.97682
726350 2.34073 2.33702 7.21082
731325 2.37348 2.37012 7.4712
736300 2.40683 2.404 7.73324
741275 2.44351 2.44068 8.01848
746250 2.48226 2.47926 8.32587
751225 2.52366 2.52023 8.62424
756200 2.56463 2.56128 8.94973
761175 2.61074 2.60664 9.30473
766150 2.65363 2.65 9.68109
771125 2.69961 2.69618 10.0504
776100 2.74829 2.7449 10.4748
781075 2.80032 2.79672 10.9643
786050 2.85657 2.85238 11.5293
791025 2.91215 2.90807 12.0467
796000 2.97094 2.96686 12.613
800975 3.03221 3.02824 13.3025
805950 3.09788 3.09376 13.9966
810925 3.16784 3.16341 14.7433
815900 3.24446 3.2392 15.5392
820875 3.31946 3.31442 16.3376
825850 3.40156 3.39624 17.273
830825 3.48779 3.48232 18.2631
835800 3.57849 3.57299 19.4227
840775 3.67263 3.66746 20.5257
845750 3.77978 3.77386 21.9592
850725 3.88541 3.88004 23.3415
855700 4.00466 3.99891 24.9657
860675 4.13495 4.12849 26.8152
865650 4.27311 4.26617 28.876
870625 4.41394 4.40755 31.2822
875600 4.57426 4.5674 33.924
880575 4.7455 4.73842 36.8456
885550 4.93344 4.92595 40.3807
890525 5.14383 5.13536 44.0118
895500 5.36358 5.35525 48.1142
900475 5.61433 5.60523 53.6108
905450 5.91039 5.89872 59.516
910425 6.22121 6.2086 67.0076
915400 6.56013 6.54731 74.614
920375 6.96844 6.95326 85.1084
925350 7.4237 7.4067 96.8705
930325 7.9615 7.94146 111.257
935300 8.55422 8.53295 131.652
940275 9.2346 9.21276 151.778
945250 10.0302 10.0083 174.748
950225 10.9702 10.9488 208.068
955200 12.0943 12.0746 251.059
960175 13.4697 13.4529 310.935
965150 15.2171 15.204 415.388
970125 17.6639 17.6508 566.235
975100 20.8453 20.8383 762.279
980075 25.0457 25.0562 1084.52
985050 31.9937 32.0224 1685.24
990025 44.334 44.3963 3419.15
995000 71.4976 71.6416 8666.48
999975 83.8728 84.0392 1531.5
1004950 91.2764 91.4544 1672.13
1009925 97.5416 97.7242 1441.79
1014900 102.722 102.92 1119.07
1019875 107.344 107.556 1068.89
1024850 112.101 112.297 1218.72
1029825 118.088 118.286 1403.82
1034800 125.145 125.339 2528.8
1039775 131.803 131.987 1334.94
1044750 139.076 139.234 2058.48
1049725 148.139 148.274 1946.9
1054700 155.553 155.672 1555.36
1059675 161.434 161.557 1259.91
1064650 166.906 167.041 1195.86
1069625 171.815 171.957 1254.79
1074600 176.652 176.806 849.093
1079575 181.131 181.29 1178.07
1084550 185.585 185.731 1358.69
1089525 190.432 190.575 1102.77
1094500 194.952 195.09 1169.85
1099475 198.913 199.063 903.319
1104450 202.574 202.748 1153.91
1109425 206.687 206.856 938.468
1114400 211.029 211.182 1200.77
1119375 216.085 216.241 1101.5
1124350 220.475 220.637 1094.47
1129325 225.744 225.903 1220.54
1134300 230.759 230.937 1240.27
1139275 235.883 236.062 1148.62
1144250 240.062 240.239 1092.54
1149225 244.784 244.955 1198.57
1154200 250.021 250.187 1261.94
1159175 254.693 254.859 1299.15
1164150 260.193 260.369 1230.55
1169125 264.818 265.019 1128.73
1174100 269.87 270.068 1285.46
1179075 274.65 274.843 1251.14
1184050 280.605 280.796 1446.2
1189025 285.302 285.489 1181.87
1194000 289.868 290.049 1051.85
1198975 294.824 294.98 1386.54
1203950 299.396 299.571 1341.99
1208925 303.964 304.126 1194.09
1213900 308.323 308.467 1173.87
1218875 312.816 312.963 1288.78
1223850 318.527 318.666 2326.99
1228825 324.316 324.455 1341.83
1233800 328.247 328.408 1008.97
1238775 332.351 332.493 1150.88
1243750 336.911 337.041 1151.58
1248725 341.689 341.832 1334.79
1253700 346.277 346.401 1262.9
1258675 351.024 351.147 1248.83
1263650 355.219 355.376 1226.25
1268625 359.558 359.722 1286.91
1273600 363.717 363.878 1085.81
1278575 367.756 367.936 1182.76
1283550 372.527 372.714 1028.88
1288525 376.466 376.631 1234.94
1293500 380.305 380.489 1208.68
1298475 384.685 384.863 1202.38
1303450 388.943 389.086 1116.03
1308425 393.03 393.178 1215.1
1313400 397.857 397.994 1370.98
1318375 403.329 403.481 1629.66
1323350 408.477 408.632 1464.99
1328325 414.486 414.643 1553.61
1333300 420.722 420.88 1964.8
1338275 425.642 425.816 1558.12
1343250 430.439 430.614 1291.69
1348225 435.294 435.449 1433.22
1353200 439.706 439.88 1376.01
1358175 443.922 444.109 1178.78
1363150 448.775 448.955 1476.64
1368125 453.91 454.062 1735.63
1373100 458.927 459.084 1575.41
1378075 464.127 464.277 1299.07
1383050 469.445 469.585 1408.2
1388025 474.605 474.755 1556.01
1393000 480.085 480.197 1503.8
1397975 485.294 485.376 1640.86
1402950 490.597 490.669 1399.16
1407925 496.094 496.15 1722.75
1412900 502.355 502.432 1843.29
1417875 507.105 507.177 1459.12
1422850 512.53 512.621 1386.58
1427825 517.524 517.623 1810.94
1432800 522.526 522.668 1569.9
1437775 526.418 526.585 1227.42
1442750 530.352 530.545 1423.89
1447725 534.645 534.827 1301.59
1452700 538.85 539.031 1335.99
1457675 543.534 543.715 1444.31
1462650 547.669 547.838 1434.49
1467625 552.391 552.556 1576.24
1472600 557.246 557.382 1606.97
1477575 561.826 561.966 1649.55
1482550 566.481 566.617 1381.8
1487525 570.934 571.074 1598.83
1492500 575.309 575.463 1382.6
1497475 579.189 579.344 1285.11
1502450 582.605 582.79 1176.03
1507425 585.781 585.946 1320.26
1512400 589.799 589.977 1503.95
1517375 594.004 594.186 1336.97
1522350 599.272 599.462 1548.21
1527325 603.583 603.773 1393.48
1532300 607.964 608.142 1472.86
1537275 612.077 612.229 1435.21
1542250 616.984 617.105 1603.61
1547225 621.941 622.08 1465.86
1552200 626.939 627.065 1641.24
1557175 631.561 631.678 1503.95
1562150 635.953 636.05 1502.16
1567125 639.532 639.629 1291.83
1572100 642.731 642.848 1310.31
1577075 646.575 646.692 1348.07
1582050 650.337 650.495 1388.54
1587025 654.698 654.854 1500.03
1592000 659.025 659.169 1584.3
1596975 663.24 663.424 1664.14
1601950 667.733 667.906 1363.17
1606925 672.418 672.567 1625.26
1611900 677.299 677.43 1404.41
1616875 682.162 682.281 1599.04
1621850 685.789 685.871 1351.76
1626825 689.982 690.067 1489.47
1631800 694.107 694.231 1537.94
1636775 698.392 698.521 1594.61
1641750 702.621 702.761 1373.05
1646725 706.908 707.026 1693.11
1651700 711.107 711.252 1592.54
1656675 715.478 715.598 1721.38
1661650 719.87 720.031 1448.73
1666625 723.427 723.606 1448.26
1671600 727.207 727.383 1496.99
1676575 731.229 731.392 1623.13
1681550 735.582 735.753 1747.02
1686525 739.932 740.102 1574.58
1691500 744.162 744.369 1555.05
1696475 747.939 748.099 1635.65
1701450 752.225 752.404 1437.94
1706425 756.237 756.41 1412.75
1711400 759.721 759.871 1450.65
1716375 763.86 764.032 1549.25
1721350 767.974 768.143 1582.2
1726325 772.817 773.005 1699.03
1731300 778.031 778.224 1800.88
1736275 781.627 781.823 1564.44
1741250 785.929 786.12 1689.73
1746225 790.497 790.686 1939.05
1751200 794.977 795.187 1917.78
1756175 800.892 801.111 1743.78
1761150 806.668 806.876 2340.44
1766125 812.204 812.427 1607.2
1771100 817.126 817.363 1539.27
1776075 821.655 821.84 1682.02
1781050 825.747 825.937 1584.47
1786025 830.306 830.516 1683.83
1791000 834.982 835.171 1770.32
1795975 840.243 840.42 1928.83
1800950 845.605 845.779 1948.35
1805925 850.52 850.679 1661.8
1810900 854.583 854.754 1806.85
1815875 860.026 860.186 1949.9
1820850 864.115 864.288 1556.96
1825825 868.712 868.881 1800.01
1830800 873.729 873.893 1966.74
1835775 879.265 879.427 2508.47
1840750 885.612 885.762 2308.6
1845725 891.163 891.348 1690.23
1850700 895.929 896.132 1860.28
1855675 901.31 901.535 2400.48
1860650 905.48 905.701 1632.04
1865625 910.206 910.433 1765.09
1870600 914.991 915.216 1822.25
1875575 919.304 919.566 1739.58
1880550 923.158 923.399 1696.31
1885525 927.69 927.955 1809.1
1890500 933.047 933.289 1801.89
1895475 937.737 937.972 1662.29
1900450 942.033 942.259 1724.54
1905425 946.181 946.398 1675.62
1910400 950.774 951.048 1955.87
1915375 955.324 955.571 1730.8
1920350 959.687 959.893 1924.64
1925325 963.973 964.195 1669.69
1930300 967.685 967.888 1627.94
1935275 971.212 971.407 1941.09
1940250 975.501 975.694 1803.78
1945225 979.519 979.712 1911.94
1950200 983.173 983.399 1640.38
1955175 987.17 987.372 1747.26
1960150 991.481 991.66 1849.17
1965125 995.591 995.794 1715.95
1970100 999.746 1000.01 1807.07
1975075 1003.42 1003.69 1659.18
1980050 1007.64 1007.89 1838.5
1985025 1011.92 1012.15 1874.77
